Datum,Bundesland,Bundesland_Id,Altersgruppe,fixierte_7T_Hospitalisierung_Faelle,aktualisierte_7T_Hospitalisierung_Faelle,PS_adjustierte_7T_Hospitalisierung_Faelle,UG_PI_adjustierte_7T_Hospitalisierung_Faelle,OG_PI_adjustierte_7T_Hospitalisierung_Faelle,Bevoelkerung,fixierte_7T_Hospitalisierung_Inzidenz,aktualisierte_7T_Hospitalisierung_Inzidenz,PS_adjustierte_7T_Hospitalisierung_Inzidenz,UG_PI_adjustierte_7T_Hospitalisierung_Inzidenz,OG_PI_adjustierte_7T_Hospitalisierung_Inzidenz
2023-12-23,Bundesgebiet,00,00+,7445,7445,NA,NA,NA,83155031,8.95,8.95,NA,NA,NA
2023-12-22,Bundesgebiet,00,00+,7340,8334,NA,NA,NA,83155031,8.83,10.02,NA,NA,NA
2023-12-21,Bundesgebiet,00,00+,7398,8887,NA,NA,NA,83155031,8.9,10.69,NA,NA,NA
2023-12-20,Bundesgebiet,00,00+,7379,9304,10549,10358,10778,83155031,8.87,11.19,12.69,12.46,12.96
2023-12-19,Bundesgebiet,00,00+,7049,9600,10655,10478,10884,83155031,8.48,11.54,12.81,12.6,13.09
2023-12-18,Bundesgebiet,00,00+,7998,10112,10942,10777,11167,83155031,9.62,12.16,13.16,12.96,13.43
2023-12-17,Bundesgebiet,00,00+,8152,10140,10964,10799,11189,83155031,9.8,12.19,13.19,12.99,13.46
2023-12-16,Bundesgebiet,00,00+,8301,10152,10966,10802,11190,83155031,9.98,12.21,13.19,12.99,13.46
2023-12-15,Bundesgebiet,00,00+,7790,10256,10975,10823,11192,83155031,9.37,12.33,13.2,13.02,13.46
2023-12-14,Bundesgebiet,00,00+,7730,10224,10853,10712,11059,83155031,9.3,12.3,13.05,12.88,13.3
2023-12-13,Bundesgebiet,00,00+,7313,10113,10653,10526,10844,83155031,8.79,12.16,12.81,12.66,13.04
2023-12-12,Bundesgebiet,00,00+,6703,10023,10476,10362,10653,83155031,8.06,12.05,12.6,12.46,12.81
2023-12-11,Bundesgebiet,00,00+,6553,9089,9397,9308,9542,83155031,7.88,10.93,11.3,11.19,11.48
2023-12-10,Bundesgebiet,00,00+,6646,9039,9341,9253,9484,83155031,7.99,10.87,11.23,11.13,11.41
2023-12-09,Bundesgebiet,00,00+,6756,9001,9298,9211,9440,83155031,8.12,10.82,11.18,11.08,11.35
2023-12-08,Bundesgebiet,00,00+,6266,8695,8953,8873,9086,83155031,7.54,10.46,10.77,10.67,10.93
2023-12-07,Bundesgebiet,00,00+,5916,8341,8563,8489,8685,83155031,7.11,10.03,10.3,10.21,10.44
2023-12-06,Bundesgebiet,00,00+,5397,8090,8281,8213,8395,83155031,6.49,9.73,9.96,9.88,10.1
2023-12-05,Bundesgebiet,00,00+,5145,7831,7991,7930,8096,83155031,6.19,9.42,9.61,9.54,9.74
2023-12-04,Bundesgebiet,00,00+,5940,7973,8104,8049,8204,83155031,7.14,9.59,9.75,9.68,9.87
2023-12-03,Bundesgebiet,00,00+,6062,7995,8125,8070,8224,83155031,7.29,9.61,9.77,9.71,9.89
2023-12-02,Bundesgebiet,00,00+,6173,8010,8138,8084,8237,83155031,7.42,9.63,9.79,9.72,9.91
2023-12-01,Bundesgebiet,00,00+,5859,7983,8100,8050,8192,83155031,7.05,9.6,9.74,9.68,9.85
2023-11-30,Bundesgebiet,00,00+,5595,7922,8027,7982,8111,83155031,6.73,9.53,9.65,9.6,9.75
2023-11-29,Bundesgebiet,00,00+,5310,7856,7950,7910,8025,83155031,6.39,9.45,9.56,9.51,9.65
2023-11-28,Bundesgebiet,00,00+,5312,7975,8057,8022,8123,83155031,6.39,9.59,9.69,9.65,9.77
2023-11-27,Bundesgebiet,00,00+,5849,8093,8154,8130,8195,83155031,7.03,9.73,9.81,9.78,9.86
2023-11-26,Bundesgebiet,00,00+,5939,8075,8135,8112,8175,83155031,7.14,9.71,9.78,9.76,9.83
2023-11-25,Bundesgebiet,00,00+,6041,8059,8118,8095,8157,83155031,7.26,9.69,9.76,9.74,9.81
2023-11-24,Bundesgebiet,00,00+,5732,7987,8038,8019,8071,83155031,6.89,9.6,9.67,9.64,9.71
2023-11-23,Bundesgebiet,00,00+,5735,8102,8146,8129,8172,83155031,6.9,9.74,9.8,9.78,9.83
2023-11-22,Bundesgebiet,00,00+,5505,8037,8072,8060,8091,83155031,6.62,9.67,9.71,9.69,9.73
2023-11-21,Bundesgebiet,00,00+,5128,7672,7696,7689,7705,83155031,6.17,9.23,9.26,9.25,9.27
2023-11-20,Bundesgebiet,00,00+,5433,7331,7342,7339,7347,83155031,6.53,8.82,8.83,8.83,8.84
2023-11-19,Bundesgebiet,00,00+,5531,7334,7345,7341,7349,83155031,6.65,8.82,8.83,8.83,8.84
2023-11-18,Bundesgebiet,00,00+,5667,7361,7371,7368,7375,83155031,6.81,8.85,8.87,8.86,8.87
2023-11-17,Bundesgebiet,00,00+,5189,7283,7290,7288,7293,83155031,6.24,8.76,8.77,8.76,8.77
2023-11-16,Bundesgebiet,00,00+,5146,7274,7278,7277,7280,83155031,6.19,8.75,8.75,8.75,8.76
2023-11-15,Bundesgebiet,00,00+,5206,7517,7519,7518,7520,83155031,6.26,9.04,9.04,9.04,9.04
2023-11-14,Bundesgebiet,00,00+,4600,7205,7206,7205,7206,83155031,5.53,8.66,8.67,8.67,8.67
2023-11-13,Bundesgebiet,00,00+,5425,7392,7392,7392,7392,83155031,6.52,8.89,8.89,8.89,8.89
2023-11-12,Bundesgebiet,00,00+,5530,7388,7388,7388,7388,83155031,6.65,8.88,8.88,8.88,8.88
2023-11-11,Bundesgebiet,00,00+,5636,7360,7360,7360,7360,83155031,6.78,8.85,8.85,8.85,8.85
2023-11-10,Bundesgebiet,00,00+,5392,7459,7459,7459,7459,83155031,6.48,8.97,8.97,8.97,8.97
2023-11-09,Bundesgebiet,00,00+,5457,7760,7760,7760,7760,83155031,6.56,9.33,9.33,9.33,9.33
2023-11-08,Bundesgebiet,00,00+,5357,7453,7453,7453,7453,83155031,6.44,8.96,8.96,8.96,8.96
2023-11-07,Bundesgebiet,00,00+,4787,7408,7408,7408,7408,83155031,5.76,8.91,8.91,8.91,8.91
2023-11-06,Bundesgebiet,00,00+,4985,7080,7080,7080,7080,83155031,5.99,8.51,8.51,8.51,8.51
2023-11-05,Bundesgebiet,00,00+,5093,7089,7089,7089,7089,83155031,6.12,8.53,8.53,8.53,8.53
2023-11-04,Bundesgebiet,00,00+,5173,7069,7069,7069,7069,83155031,6.22,8.5,8.5,8.5,8.5
2023-11-03,Bundesgebiet,00,00+,4642,6956,6956,6956,6956,83155031,5.58,8.37,8.37,8.37,8.37
2023-11-02,Bundesgebiet,00,00+,4097,6483,6483,6483,6483,83155031,4.93,7.8,7.8,7.8,7.8
2023-11-01,Bundesgebiet,00,00+,4201,6447,6447,6447,6447,83155031,5.05,7.75,7.75,7.75,7.75
2023-10-31,Bundesgebiet,00,00+,4378,6679,6679,6679,6679,83155031,5.26,8.03,8.03,8.03,8.03
2023-10-30,Bundesgebiet,00,00+,4683,6537,6537,6537,6537,83155031,5.63,7.86,7.86,7.86,7.86
2023-10-29,Bundesgebiet,00,00+,4798,6540,6540,6540,6540,83155031,5.77,7.86,7.86,7.86,7.86
2023-10-28,Bundesgebiet,00,00+,4885,6533,6533,6533,6533,83155031,5.87,7.86,7.86,7.86,7.86
2023-10-27,Bundesgebiet,00,00+,4437,6292,6292,6292,6292,83155031,5.34,7.57,7.57,7.57,7.57
2023-10-26,Bundesgebiet,00,00+,4141,5919,5919,5919,5919,83155031,4.98,7.12,7.12,7.12,7.12
2023-10-25,Bundesgebiet,00,00+,3741,5497,5497,5497,5497,83155031,4.5,6.61,6.61,6.61,6.61
2023-10-24,Bundesgebiet,00,00+,3100,5028,5028,5028,5028,83155031,3.73,6.05,6.05,6.05,6.05
2023-10-23,Bundesgebiet,00,00+,3085,4388,4388,4388,4388,83155031,3.71,5.28,5.28,5.28,5.28
2023-10-22,Bundesgebiet,00,00+,3145,4334,4334,4334,4334,83155031,3.78,5.21,5.21,5.21,5.21
2023-10-21,Bundesgebiet,00,00+,3214,4320,4320,4320,4320,83155031,3.87,5.2,5.2,5.2,5.2
2023-10-20,Bundesgebiet,00,00+,3106,4238,4238,4238,4238,83155031,3.74,5.1,5.1,5.1,5.1
2023-10-19,Bundesgebiet,00,00+,2997,4130,4130,4130,4130,83155031,3.6,4.97,4.97,4.97,4.97
2023-10-18,Bundesgebiet,00,00+,2735,4062,4062,4062,4062,83155031,3.29,4.88,4.88,4.88,4.88
2023-10-17,Bundesgebiet,00,00+,2585,4024,4024,4024,4024,83155031,3.11,4.84,4.84,4.84,4.84
2023-10-16,Bundesgebiet,00,00+,2718,3826,3826,3826,3826,83155031,3.27,4.6,4.6,4.6,4.6
2023-10-15,Bundesgebiet,00,00+,2777,3824,3824,3824,3824,83155031,3.34,4.6,4.6,4.6,4.6
2023-10-14,Bundesgebiet,00,00+,2833,3808,3808,3808,3808,83155031,3.41,4.58,4.58,4.58,4.58
2023-10-13,Bundesgebiet,00,00+,2598,3721,3721,3721,3721,83155031,3.12,4.47,4.47,4.47,4.47
2023-10-12,Bundesgebiet,00,00+,2609,3717,3717,3717,3717,83155031,3.14,4.47,4.47,4.47,4.47
2023-10-11,Bundesgebiet,00,00+,2828,4020,4020,4020,4020,83155031,3.4,4.83,4.83,4.83,4.83
2023-10-10,Bundesgebiet,00,00+,2157,3367,3367,3367,3367,83155031,2.59,4.05,4.05,4.05,4.05
2023-10-09,Bundesgebiet,00,00+,2094,3129,3129,3129,3129,83155031,2.52,3.76,3.76,3.76,3.76
2023-10-08,Bundesgebiet,00,00+,2130,3102,3102,3102,3102,83155031,2.56,3.73,3.73,3.73,3.73
2023-10-07,Bundesgebiet,00,00+,2173,3090,3090,3090,3090,83155031,2.61,3.72,3.72,3.72,3.72
2023-10-06,Bundesgebiet,00,00+,1985,2950,2950,2950,2950,83155031,2.39,3.55,3.55,3.55,3.55
2023-10-05,Bundesgebiet,00,00+,1643,2767,2767,2767,2767,83155031,1.98,3.33,3.33,3.33,3.33
2023-10-04,Bundesgebiet,00,00+,1173,2220,2220,2220,2220,83155031,1.41,2.67,2.67,2.67,2.67
2023-10-03,Bundesgebiet,00,00+,1586,2630,2630,2630,2630,83155031,1.91,3.16,3.16,3.16,3.16
2023-10-02,Bundesgebiet,00,00+,1691,2450,2450,2450,2450,83155031,2.03,2.95,2.95,2.95,2.95
2023-10-01,Bundesgebiet,00,00+,1721,2438,2438,2438,2438,83155031,2.07,2.93,2.93,2.93,2.93
2023-09-30,Bundesgebiet,00,00+,1755,2422,2422,2422,2422,83155031,2.11,2.91,2.91,2.91,2.91
2023-09-29,Bundesgebiet,00,00+,1652,2341,2341,2341,2341,83155031,1.99,2.82,2.82,2.82,2.82
2023-09-28,Bundesgebiet,00,00+,1647,2288,2288,2288,2288,83155031,1.98,2.75,2.75,2.75,2.75
2023-09-27,Bundesgebiet,00,00+,1557,2240,2240,2240,2240,83155031,1.87,2.69,2.69,2.69,2.69
2023-09-26,Bundesgebiet,00,00+,1424,2216,2216,2216,2216,83155031,1.71,2.66,2.66,2.66,2.66
2023-09-25,Bundesgebiet,00,00+,1610,2208,2208,2208,2208,83155031,1.94,2.66,2.66,2.66,2.66
2023-09-24,Bundesgebiet,00,00+,1641,2213,2213,2213,2213,83155031,1.97,2.66,2.66,2.66,2.66
2023-09-23,Bundesgebiet,00,00+,1692,2230,2230,2230,2230,83155031,2.03,2.68,2.68,2.68,2.68
2023-09-22,Bundesgebiet,00,00+,1631,2215,2215,2215,2215,83155031,1.96,2.66,2.66,2.66,2.66
2023-09-21,Bundesgebiet,00,00+,1574,2160,2160,2160,2160,83155031,1.89,2.6,2.6,2.6,2.6
2023-09-20,Bundesgebiet,00,00+,1495,2172,2172,2172,2172,83155031,1.8,2.61,2.61,2.61,2.61
2023-09-19,Bundesgebiet,00,00+,1387,2181,2181,2181,2181,83155031,1.67,2.62,2.62,2.62,2.62
2023-09-18,Bundesgebiet,00,00+,1596,2221,2221,2221,2221,83155031,1.92,2.67,2.67,2.67,2.67
2023-09-17,Bundesgebiet,00,00+,1627,2218,2218,2218,2218,83155031,1.96,2.67,2.67,2.67,2.67
2023-09-16,Bundesgebiet,00,00+,1656,2199,2199,2199,2199,83155031,1.99,2.64,2.64,2.64,2.64
2023-09-15,Bundesgebiet,00,00+,1688,2283,2283,2283,2283,83155031,2.03,2.75,2.75,2.75,2.75
2023-09-14,Bundesgebiet,00,00+,1736,2350,2350,2350,2350,83155031,2.09,2.83,2.83,2.83,2.83
2023-09-13,Bundesgebiet,00,00+,1642,2377,2377,2377,2377,83155031,1.97,2.86,2.86,2.86,2.86
2023-09-12,Bundesgebiet,00,00+,1501,2311,2311,2311,2311,83155031,1.81,2.78,2.78,2.78,2.78
2023-09-11,Bundesgebiet,00,00+,1507,2089,2089,2089,2089,83155031,1.81,2.51,2.51,2.51,2.51
2023-09-10,Bundesgebiet,00,00+,1538,2086,2086,2086,2086,83155031,1.85,2.51,2.51,2.51,2.51
2023-09-09,Bundesgebiet,00,00+,1561,2077,2077,2077,2077,83155031,1.88,2.5,2.5,2.5,2.5
2023-09-08,Bundesgebiet,00,00+,1374,1937,1937,1937,1937,83155031,1.65,2.33,2.33,2.33,2.33
2023-09-07,Bundesgebiet,00,00+,1244,1789,1789,1789,1789,83155031,1.5,2.15,2.15,2.15,2.15
2023-09-06,Bundesgebiet,00,00+,1149,1691,1691,1691,1691,83155031,1.38,2.03,2.03,2.03,2.03
2023-09-05,Bundesgebiet,00,00+,985,1565,1565,1565,1565,83155031,1.18,1.88,1.88,1.88,1.88
2023-09-04,Bundesgebiet,00,00+,1112,1547,1547,1547,1547,83155031,1.34,1.86,1.86,1.86,1.86
2023-09-03,Bundesgebiet,00,00+,1129,1534,1534,1534,1534,83155031,1.36,1.84,1.84,1.84,1.84
2023-09-02,Bundesgebiet,00,00+,1151,1537,1537,1537,1537,83155031,1.38,1.85,1.85,1.85,1.85
2023-09-01,Bundesgebiet,00,00+,1130,1546,1546,1546,1546,83155031,1.36,1.86,1.86,1.86,1.86
2023-08-31,Bundesgebiet,00,00+,1102,1552,1552,1552,1552,83155031,1.33,1.87,1.87,1.87,1.87
2023-08-30,Bundesgebiet,00,00+,1058,1530,1530,1530,1530,83155031,1.27,1.84,1.84,1.84,1.84
2023-08-29,Bundesgebiet,00,00+,1085,1592,1592,1592,1592,83155031,1.3,1.91,1.91,1.91,1.91
2023-08-28,Bundesgebiet,00,00+,0,1580,1580,1580,1580,83155031,0,1.9,1.9,1.9,1.9
2023-08-27,Bundesgebiet,00,00+,0,1587,1587,1587,1587,83155031,0,1.91,1.91,1.91,1.91
2023-08-26,Bundesgebiet,00,00+,0,1593,1593,1593,1593,83155031,0,1.92,1.92,1.92,1.92
2023-08-25,Bundesgebiet,00,00+,0,1546,1546,1546,1546,83155031,0,1.86,1.86,1.86,1.86
2023-08-24,Bundesgebiet,00,00+,1096,1525,1525,1525,1525,83155031,1.32,1.83,1.83,1.83,1.83
2023-08-23,Bundesgebiet,00,00+,1071,1522,1522,1522,1522,83155031,1.29,1.83,1.83,1.83,1.83
2023-08-22,Bundesgebiet,00,00+,865,1389,1389,1389,1389,83155031,1.04,1.67,1.67,1.67,1.67
2023-08-21,Bundesgebiet,00,00+,848,1285,1285,1285,1285,83155031,1.02,1.55,1.55,1.55,1.55
2023-08-20,Bundesgebiet,00,00+,868,1282,1282,1282,1282,83155031,1.04,1.54,1.54,1.54,1.54
2023-08-19,Bundesgebiet,00,00+,882,1262,1262,1262,1262,83155031,1.06,1.52,1.52,1.52,1.52
2023-08-18,Bundesgebiet,00,00+,809,1198,1198,1198,1198,83155031,0.97,1.44,1.44,1.44,1.44
2023-08-17,Bundesgebiet,00,00+,737,1104,1104,1104,1104,83155031,0.89,1.33,1.33,1.33,1.33
2023-08-16,Bundesgebiet,00,00+,661,988,988,988,988,83155031,0.79,1.19,1.19,1.19,1.19
2023-08-15,Bundesgebiet,00,00+,558,935,935,935,935,83155031,0.67,1.12,1.12,1.12,1.12
2023-08-14,Bundesgebiet,00,00+,544,764,764,764,764,83155031,0.65,0.92,0.92,0.92,0.92
2023-08-13,Bundesgebiet,00,00+,556,754,754,754,754,83155031,0.67,0.91,0.91,0.91,0.91
2023-08-12,Bundesgebiet,00,00+,567,751,751,751,751,83155031,0.68,0.9,0.9,0.9,0.9
2023-08-11,Bundesgebiet,00,00+,501,712,712,712,712,83155031,0.6,0.86,0.86,0.86,0.86
2023-08-10,Bundesgebiet,00,00+,458,651,651,651,651,83155031,0.55,0.78,0.78,0.78,0.78
2023-08-09,Bundesgebiet,00,00+,419,620,620,620,620,83155031,0.5,0.75,0.75,0.75,0.75
2023-08-08,Bundesgebiet,00,00+,383,594,594,594,594,83155031,0.46,0.71,0.71,0.71,0.71
2023-08-07,Bundesgebiet,00,00+,413,576,576,576,576,83155031,0.5,0.69,0.69,0.69,0.69
2023-08-06,Bundesgebiet,00,00+,421,571,571,571,571,83155031,0.51,0.69,0.69,0.69,0.69
2023-08-05,Bundesgebiet,00,00+,439,580,580,580,580,83155031,0.53,0.7,0.7,0.7,0.7
2023-08-04,Bundesgebiet,00,00+,389,557,557,557,557,83155031,0.47,0.67,0.67,0.67,0.67
2023-08-03,Bundesgebiet,00,00+,377,565,565,565,565,83155031,0.45,0.68,0.68,0.68,0.68
2023-08-02,Bundesgebiet,00,00+,350,551,551,551,551,83155031,0.42,0.66,0.66,0.66,0.66
2023-08-01,Bundesgebiet,00,00+,329,516,516,516,516,83155031,0.4,0.62,0.62,0.62,0.62
2023-07-31,Bundesgebiet,00,00+,346,482,482,482,482,83155031,0.42,0.58,0.58,0.58,0.58
2023-07-30,Bundesgebiet,00,00+,353,481,481,481,481,83155031,0.42,0.58,0.58,0.58,0.58
2023-07-29,Bundesgebiet,00,00+,362,471,471,471,471,83155031,0.44,0.57,0.57,0.57,0.57
2023-07-28,Bundesgebiet,00,00+,339,462,462,462,462,83155031,0.41,0.56,0.56,0.56,0.56
2023-07-27,Bundesgebiet,00,00+,323,438,438,438,438,83155031,0.39,0.53,0.53,0.53,0.53
2023-07-26,Bundesgebiet,00,00+,270,410,410,410,410,83155031,0.32,0.49,0.49,0.49,0.49
2023-07-25,Bundesgebiet,00,00+,241,378,378,378,378,83155031,0.29,0.45,0.45,0.45,0.45
2023-07-24,Bundesgebiet,00,00+,254,362,362,362,362,83155031,0.31,0.44,0.44,0.44,0.44
2023-07-23,Bundesgebiet,00,00+,258,359,359,359,359,83155031,0.31,0.43,0.43,0.43,0.43
2023-07-22,Bundesgebiet,00,00+,262,354,354,354,354,83155031,0.32,0.43,0.43,0.43,0.43
2023-07-21,Bundesgebiet,00,00+,259,354,354,354,354,83155031,0.31,0.43,0.43,0.43,0.43
2023-07-20,Bundesgebiet,00,00+,251,351,351,351,351,83155031,0.3,0.42,0.42,0.42,0.42
2023-07-19,Bundesgebiet,00,00+,237,356,356,356,356,83155031,0.29,0.43,0.43,0.43,0.43
2023-07-18,Bundesgebiet,00,00+,228,372,372,372,372,83155031,0.27,0.45,0.45,0.45,0.45
2023-07-17,Bundesgebiet,00,00+,239,339,339,339,339,83155031,0.29,0.41,0.41,0.41,0.41
2023-07-16,Bundesgebiet,00,00+,242,338,338,338,338,83155031,0.29,0.41,0.41,0.41,0.41
2023-07-15,Bundesgebiet,00,00+,245,335,335,335,335,83155031,0.29,0.4,0.4,0.4,0.4
2023-07-14,Bundesgebiet,00,00+,226,319,319,319,319,83155031,0.27,0.38,0.38,0.38,0.38
2023-07-13,Bundesgebiet,00,00+,209,305,305,305,305,83155031,0.25,0.37,0.37,0.37,0.37
2023-07-12,Bundesgebiet,00,00+,183,299,299,299,299,83155031,0.22,0.36,0.36,0.36,0.36
2023-07-11,Bundesgebiet,00,00+,187,277,277,277,277,83155031,0.22,0.33,0.33,0.33,0.33
2023-07-10,Bundesgebiet,00,00+,193,259,259,259,259,83155031,0.23,0.31,0.31,0.31,0.31
2023-07-09,Bundesgebiet,00,00+,198,262,262,262,262,83155031,0.24,0.32,0.32,0.32,0.32
2023-07-08,Bundesgebiet,00,00+,203,265,265,265,265,83155031,0.24,0.32,0.32,0.32,0.32
2023-07-07,Bundesgebiet,00,00+,225,295,295,295,295,83155031,0.27,0.35,0.35,0.35,0.35
2023-07-06,Bundesgebiet,00,00+,227,308,308,308,308,83155031,0.27,0.37,0.37,0.37,0.37
2023-07-05,Bundesgebiet,00,00+,251,328,328,328,328,83155031,0.3,0.39,0.39,0.39,0.39
2023-07-04,Bundesgebiet,00,00+,238,328,328,328,328,83155031,0.29,0.39,0.39,0.39,0.39
2023-07-03,Bundesgebiet,00,00+,256,355,355,355,355,83155031,0.31,0.43,0.43,0.43,0.43
2023-07-02,Bundesgebiet,00,00+,262,356,356,356,356,83155031,0.32,0.43,0.43,0.43,0.43
2023-07-01,Bundesgebiet,00,00+,269,357,357,357,357,83155031,0.32,0.43,0.43,0.43,0.43
2023-06-30,Bundesgebiet,00,00+,258,335,335,335,335,83155031,0.31,0.4,0.4,0.4,0.4
2023-06-29,Bundesgebiet,00,00+,246,336,336,336,336,83155031,0.3,0.4,0.4,0.4,0.4
2023-06-28,Bundesgebiet,00,00+,243,349,349,349,349,83155031,0.29,0.42,0.42,0.42,0.42
2023-06-27,Bundesgebiet,00,00+,269,360,360,360,360,83155031,0.32,0.43,0.43,0.43,0.43
2023-06-26,Bundesgebiet,00,00+,331,429,429,429,429,83155031,0.4,0.52,0.52,0.52,0.52
2023-06-25,Bundesgebiet,00,00+,337,428,428,428,428,83155031,0.41,0.51,0.51,0.51,0.51
2023-06-24,Bundesgebiet,00,00+,342,429,429,429,429,83155031,0.41,0.52,0.52,0.52,0.52
2023-06-23,Bundesgebiet,00,00+,353,462,462,462,462,83155031,0.42,0.56,0.56,0.56,0.56
2023-06-22,Bundesgebiet,00,00+,402,522,522,522,522,83155031,0.48,0.63,0.63,0.63,0.63
2023-06-21,Bundesgebiet,00,00+,399,534,534,534,534,83155031,0.48,0.64,0.64,0.64,0.64
2023-06-20,Bundesgebiet,00,00+,448,609,609,609,609,83155031,0.54,0.73,0.73,0.73,0.73
2023-06-19,Bundesgebiet,00,00+,487,657,657,657,657,83155031,0.59,0.79,0.79,0.79,0.79
2023-06-18,Bundesgebiet,00,00+,505,677,677,677,677,83155031,0.61,0.81,0.81,0.81,0.81
2023-06-17,Bundesgebiet,00,00+,519,686,686,686,686,83155031,0.62,0.82,0.82,0.82,0.82
2023-06-16,Bundesgebiet,00,00+,521,726,726,726,726,83155031,0.63,0.87,0.87,0.87,0.87
2023-06-15,Bundesgebiet,00,00+,469,680,680,680,680,83155031,0.56,0.82,0.82,0.82,0.82
2023-06-14,Bundesgebiet,00,00+,489,712,712,712,712,83155031,0.59,0.86,0.86,0.86,0.86
2023-06-13,Bundesgebiet,00,00+,470,732,732,732,732,83155031,0.57,0.88,0.88,0.88,0.88
2023-06-12,Bundesgebiet,00,00+,529,781,781,781,781,83155031,0.64,0.94,0.94,0.94,0.94
2023-06-11,Bundesgebiet,00,00+,542,771,771,771,771,83155031,0.65,0.93,0.93,0.93,0.93
2023-06-10,Bundesgebiet,00,00+,550,765,765,765,765,83155031,0.66,0.92,0.92,0.92,0.92
2023-06-09,Bundesgebiet,00,00+,517,762,762,762,762,83155031,0.62,0.92,0.92,0.92,0.92
2023-06-08,Bundesgebiet,00,00+,592,862,862,862,862,83155031,0.71,1.04,1.04,1.04,1.04
2023-06-07,Bundesgebiet,00,00+,626,918,918,918,918,83155031,0.75,1.1,1.1,1.1,1.1
2023-06-06,Bundesgebiet,00,00+,808,1122,1122,1122,1122,83155031,0.97,1.35,1.35,1.35,1.35
2023-06-05,Bundesgebiet,00,00+,655,879,879,879,879,83155031,0.79,1.06,1.06,1.06,1.06
2023-06-04,Bundesgebiet,00,00+,666,878,878,878,878,83155031,0.8,1.06,1.06,1.06,1.06
2023-06-03,Bundesgebiet,00,00+,680,884,884,884,884,83155031,0.82,1.06,1.06,1.06,1.06
2023-06-02,Bundesgebiet,00,00+,652,912,912,912,912,83155031,0.78,1.1,1.1,1.1,1.1
2023-06-01,Bundesgebiet,00,00+,633,911,911,911,911,83155031,0.76,1.1,1.1,1.1,1.1
2023-05-31,Bundesgebiet,00,00+,631,958,958,958,958,83155031,0.76,1.15,1.15,1.15,1.15
2023-05-30,Bundesgebiet,00,00+,570,866,866,866,866,83155031,0.69,1.04,1.04,1.04,1.04
2023-05-29,Bundesgebiet,00,00+,1043,1373,1373,1373,1373,83155031,1.25,1.65,1.65,1.65,1.65
2023-05-28,Bundesgebiet,00,00+,1068,1387,1387,1387,1387,83155031,1.28,1.67,1.67,1.67,1.67
2023-05-27,Bundesgebiet,00,00+,1100,1405,1405,1405,1405,83155031,1.32,1.69,1.69,1.69,1.69
2023-05-26,Bundesgebiet,00,00+,1161,1481,1481,1481,1481,83155031,1.4,1.78,1.78,1.78,1.78
2023-05-25,Bundesgebiet,00,00+,962,1343,1343,1343,1343,83155031,1.16,1.62,1.62,1.62,1.62
2023-05-24,Bundesgebiet,00,00+,1017,1404,1404,1404,1404,83155031,1.22,1.69,1.69,1.69,1.69
2023-05-23,Bundesgebiet,00,00+,882,1423,1423,1423,1423,83155031,1.06,1.71,1.71,1.71,1.71
2023-05-22,Bundesgebiet,00,00+,933,1389,1389,1389,1389,83155031,1.12,1.67,1.67,1.67,1.67
2023-05-21,Bundesgebiet,00,00+,958,1391,1391,1391,1391,83155031,1.15,1.67,1.67,1.67,1.67
2023-05-20,Bundesgebiet,00,00+,995,1398,1398,1398,1398,83155031,1.2,1.68,1.68,1.68,1.68
2023-05-19,Bundesgebiet,00,00+,1036,1460,1460,1460,1460,83155031,1.25,1.76,1.76,1.76,1.76
2023-05-18,Bundesgebiet,00,00+,1274,1700,1700,1700,1700,83155031,1.53,2.04,2.04,2.04,2.04
2023-05-17,Bundesgebiet,00,00+,1229,1693,1693,1693,1693,83155031,1.48,2.04,2.04,2.04,2.04
2023-05-16,Bundesgebiet,00,00+,1290,1836,1836,1836,1836,83155031,1.55,2.21,2.21,2.21,2.21
2023-05-15,Bundesgebiet,00,00+,1535,2002,2002,2002,2002,83155031,1.85,2.41,2.41,2.41,2.41
2023-05-14,Bundesgebiet,00,00+,1575,2017,2017,2017,2017,83155031,1.89,2.43,2.43,2.43,2.43
2023-05-13,Bundesgebiet,00,00+,1626,2032,2032,2032,2032,83155031,1.96,2.44,2.44,2.44,2.44
2023-05-12,Bundesgebiet,00,00+,1656,2094,2094,2094,2094,83155031,1.99,2.52,2.52,2.52,2.52
2023-05-11,Bundesgebiet,00,00+,1663,2216,2216,2216,2216,83155031,2,2.66,2.66,2.66,2.66
2023-05-10,Bundesgebiet,00,00+,1698,2386,2386,2386,2386,83155031,2.04,2.87,2.87,2.87,2.87
2023-05-09,Bundesgebiet,00,00+,2144,2884,2884,2884,2884,83155031,2.58,3.47,3.47,3.47,3.47
2023-05-08,Bundesgebiet,00,00+,1639,2304,2304,2304,2304,83155031,1.97,2.77,2.77,2.77,2.77
2023-05-07,Bundesgebiet,00,00+,1699,2327,2327,2327,2327,83155031,2.04,2.8,2.8,2.8,2.8
2023-05-06,Bundesgebiet,00,00+,1770,2348,2348,2348,2348,83155031,2.13,2.82,2.82,2.82,2.82
2023-05-05,Bundesgebiet,00,00+,1678,2350,2350,2350,2350,83155031,2.02,2.83,2.83,2.83,2.83
2023-05-04,Bundesgebiet,00,00+,1606,2333,2333,2333,2333,83155031,1.93,2.81,2.81,2.81,2.81
2023-05-03,Bundesgebiet,00,00+,1408,2314,2314,2314,2314,83155031,1.69,2.78,2.78,2.78,2.78
2023-05-02,Bundesgebiet,00,00+,1261,1959,1959,1959,1959,83155031,1.52,2.36,2.36,2.36,2.36
2023-05-01,Bundesgebiet,00,00+,2055,2765,2765,2765,2765,83155031,2.47,3.33,3.33,3.33,3.33
2023-04-30,Bundesgebiet,00,00+,2124,2782,2782,2782,2782,83155031,2.55,3.35,3.35,3.35,3.35
2023-04-29,Bundesgebiet,00,00+,2174,2759,2759,2759,2759,83155031,2.61,3.32,3.32,3.32,3.32
2023-04-28,Bundesgebiet,00,00+,2179,2819,2819,2819,2819,83155031,2.62,3.39,3.39,3.39,3.39
2023-04-27,Bundesgebiet,00,00+,2206,2958,2958,2958,2958,83155031,2.65,3.56,3.56,3.56,3.56
2023-04-26,Bundesgebiet,00,00+,2184,3055,3055,3055,3055,83155031,2.63,3.67,3.67,3.67,3.67
2023-04-25,Bundesgebiet,00,00+,2179,3180,3180,3180,3180,83155031,2.62,3.82,3.82,3.82,3.82
2023-04-24,Bundesgebiet,00,00+,2422,3348,3348,3348,3348,83155031,2.91,4.03,4.03,4.03,4.03
2023-04-23,Bundesgebiet,00,00+,2499,3351,3351,3351,3351,83155031,3.01,4.03,4.03,4.03,4.03
2023-04-22,Bundesgebiet,00,00+,2570,3378,3378,3378,3378,83155031,3.09,4.06,4.06,4.06,4.06
2023-04-21,Bundesgebiet,00,00+,2623,3496,3496,3496,3496,83155031,3.15,4.2,4.2,4.2,4.2
2023-04-20,Bundesgebiet,00,00+,2724,3689,3689,3689,3689,83155031,3.28,4.44,4.44,4.44,4.44
2023-04-19,Bundesgebiet,00,00+,2867,3912,3912,3912,3912,83155031,3.45,4.7,4.7,4.7,4.7
2023-04-18,Bundesgebiet,00,00+,3576,4941,4941,4941,4941,83155031,4.3,5.94,5.94,5.94,5.94
2023-04-17,Bundesgebiet,00,00+,2839,4017,4017,4017,4017,83155031,3.41,4.83,4.83,4.83,4.83
2023-04-16,Bundesgebiet,00,00+,2946,4052,4052,4052,4052,83155031,3.54,4.87,4.87,4.87,4.87
2023-04-15,Bundesgebiet,00,00+,3051,4098,4098,4098,4098,83155031,3.67,4.93,4.93,4.93,4.93
2023-04-14,Bundesgebiet,00,00+,2627,3655,3655,3655,3655,83155031,3.16,4.4,4.4,4.4,4.4
2023-04-13,Bundesgebiet,00,00+,2435,3566,3566,3566,3566,83155031,2.93,4.29,4.29,4.29,4.29
2023-04-12,Bundesgebiet,00,00+,1921,3502,3502,3502,3502,83155031,2.31,4.21,4.21,4.21,4.21
2023-04-11,Bundesgebiet,00,00+,1448,2715,2715,2715,2715,83155031,1.74,3.26,3.26,3.26,3.26
2023-04-10,Bundesgebiet,00,00+,2709,4062,4062,4062,4062,83155031,3.26,4.88,4.88,4.88,4.88
2023-04-09,Bundesgebiet,00,00+,2835,4083,4083,4083,4083,83155031,3.41,4.91,4.91,4.91,4.91
2023-04-08,Bundesgebiet,00,00+,2957,4101,4101,4101,4101,83155031,3.56,4.93,4.93,4.93,4.93
2023-04-07,Bundesgebiet,00,00+,3576,4735,4735,4735,4735,83155031,4.3,5.69,5.69,5.69,5.69
2023-04-06,Bundesgebiet,00,00+,3646,4949,4949,4949,4949,83155031,4.38,5.95,5.95,5.95,5.95
2023-04-05,Bundesgebiet,00,00+,3678,5210,5210,5210,5210,83155031,4.42,6.27,6.27,6.27,6.27
2023-04-04,Bundesgebiet,00,00+,3623,5348,5348,5348,5348,83155031,4.36,6.43,6.43,6.43,6.43
2023-04-03,Bundesgebiet,00,00+,4178,5770,5770,5770,5770,83155031,5.02,6.94,6.94,6.94,6.94
2023-04-02,Bundesgebiet,00,00+,4338,5812,5812,5812,5812,83155031,5.22,6.99,6.99,6.99,6.99
2023-04-01,Bundesgebiet,00,00+,4475,5829,5829,5829,5829,83155031,5.38,7.01,7.01,7.01,7.01
2023-03-31,Bundesgebiet,00,00+,4557,6078,6078,6078,6078,83155031,5.48,7.31,7.31,7.31,7.31
2023-03-30,Bundesgebiet,00,00+,4691,6377,6377,6377,6377,83155031,5.64,7.67,7.67,7.67,7.67
2023-03-29,Bundesgebiet,00,00+,4754,6726,6726,6726,6726,83155031,5.72,8.09,8.09,8.09,8.09
2023-03-28,Bundesgebiet,00,00+,4726,7173,7173,7173,7173,83155031,5.68,8.63,8.63,8.63,8.63
2023-03-27,Bundesgebiet,00,00+,5383,7729,7729,7729,7729,83155031,6.47,9.29,9.29,9.29,9.29
2023-03-26,Bundesgebiet,00,00+,5610,7796,7796,7796,7796,83155031,6.75,9.38,9.38,9.38,9.38
2023-03-25,Bundesgebiet,00,00+,5839,7910,7910,7910,7910,83155031,7.02,9.51,9.51,9.51,9.51
2023-03-24,Bundesgebiet,00,00+,5809,8146,8146,8146,8146,83155031,6.99,9.8,9.8,9.8,9.8
2023-03-23,Bundesgebiet,00,00+,5917,8456,8456,8456,8456,83155031,7.12,10.17,10.17,10.17,10.17
2023-03-22,Bundesgebiet,00,00+,5838,8684,8684,8684,8684,83155031,7.02,10.44,10.44,10.44,10.44
2023-03-21,Bundesgebiet,00,00+,5948,9023,9023,9023,9023,83155031,7.15,10.85,10.85,10.85,10.85
2023-03-20,Bundesgebiet,00,00+,6427,9230,9230,9230,9230,83155031,7.73,11.1,11.1,11.1,11.1
2023-03-19,Bundesgebiet,00,00+,6673,9265,9265,9265,9265,83155031,8.02,11.14,11.14,11.14,11.14
2023-03-18,Bundesgebiet,00,00+,6929,9275,9275,9275,9275,83155031,8.33,11.15,11.15,11.15,11.15
2023-03-17,Bundesgebiet,00,00+,6831,9334,9334,9334,9334,83155031,8.21,11.22,11.22,11.22,11.22
2023-03-16,Bundesgebiet,00,00+,6494,9362,9362,9362,9362,83155031,7.81,11.26,11.26,11.26,11.26
2023-03-15,Bundesgebiet,00,00+,6255,9149,9149,9149,9149,83155031,7.52,11,11,11,11
2023-03-14,Bundesgebiet,00,00+,5791,8935,8935,8935,8935,83155031,6.96,10.74,10.74,10.74,10.74
2023-03-13,Bundesgebiet,00,00+,5823,8613,8613,8613,8613,83155031,7,10.36,10.36,10.36,10.36
2023-03-12,Bundesgebiet,00,00+,6048,8570,8570,8570,8570,83155031,7.27,10.31,10.31,10.31,10.31
2023-03-11,Bundesgebiet,00,00+,6251,8513,8513,8513,8513,83155031,7.52,10.24,10.24,10.24,10.24
2023-03-10,Bundesgebiet,00,00+,5976,8336,8336,8336,8336,83155031,7.19,10.02,10.02,10.02,10.02
2023-03-09,Bundesgebiet,00,00+,5616,8096,8096,8096,8096,83155031,6.75,9.74,9.74,9.74,9.74
2023-03-08,Bundesgebiet,00,00+,5464,8193,8193,8193,8193,83155031,6.57,9.85,9.85,9.85,9.85
2023-03-07,Bundesgebiet,00,00+,5499,8351,8351,8351,8351,83155031,6.61,10.04,10.04,10.04,10.04
2023-03-06,Bundesgebiet,00,00+,5999,8729,8729,8729,8729,83155031,7.21,10.5,10.5,10.5,10.5
2023-03-05,Bundesgebiet,00,00+,6288,8801,8801,8801,8801,83155031,7.56,10.58,10.58,10.58,10.58
2023-03-04,Bundesgebiet,00,00+,6569,8896,8896,8896,8896,83155031,7.9,10.7,10.7,10.7,10.7
2023-03-03,Bundesgebiet,00,00+,6625,9179,9179,9179,9179,83155031,7.97,11.04,11.04,11.04,11.04
2023-03-02,Bundesgebiet,00,00+,6686,9553,9553,9553,9553,83155031,8.04,11.49,11.49,11.49,11.49
2023-03-01,Bundesgebiet,00,00+,6823,9980,9980,9980,9980,83155031,8.21,12,12,12,12
2023-02-28,Bundesgebiet,00,00+,6770,10226,10226,10226,10226,83155031,8.14,12.3,12.3,12.3,12.3
2023-02-27,Bundesgebiet,00,00+,6629,9853,9853,9853,9853,83155031,7.97,11.85,11.85,11.85,11.85
2023-02-26,Bundesgebiet,00,00+,6933,9902,9902,9902,9902,83155031,8.34,11.91,11.91,11.91,11.91
2023-02-25,Bundesgebiet,00,00+,7171,9854,9854,9854,9854,83155031,8.62,11.85,11.85,11.85,11.85
2023-02-24,Bundesgebiet,00,00+,6781,9830,9830,9830,9830,83155031,8.15,11.82,11.82,11.82,11.82
2023-02-23,Bundesgebiet,00,00+,6507,9678,9678,9678,9678,83155031,7.83,11.64,11.64,11.64,11.64
2023-02-22,Bundesgebiet,00,00+,5776,9477,9477,9477,9477,83155031,6.95,11.4,11.4,11.4,11.4
2023-02-21,Bundesgebiet,00,00+,5478,9191,9191,9191,9191,83155031,6.59,11.05,11.05,11.05,11.05
2023-02-20,Bundesgebiet,00,00+,6127,9241,9241,9241,9241,83155031,7.37,11.11,11.11,11.11,11.11
2023-02-19,Bundesgebiet,00,00+,6362,9150,9150,9150,9150,83155031,7.65,11,11,11,11
2023-02-18,Bundesgebiet,00,00+,6607,9144,9144,9144,9144,83155031,7.95,11,11,11,11
2023-02-17,Bundesgebiet,00,00+,6220,8855,8855,8855,8855,83155031,7.48,10.65,10.65,10.65,10.65
2023-02-16,Bundesgebiet,00,00+,5856,8613,8613,8613,8613,83155031,7.04,10.36,10.36,10.36,10.36
2023-02-15,Bundesgebiet,00,00+,5333,8217,8217,8217,8217,83155031,6.41,9.88,9.88,9.88,9.88
2023-02-14,Bundesgebiet,00,00+,4958,7792,7792,7792,7792,83155031,5.96,9.37,9.37,9.37,9.37
2023-02-13,Bundesgebiet,00,00+,4926,7338,7338,7338,7338,83155031,5.92,8.82,8.82,8.82,8.82
2023-02-12,Bundesgebiet,00,00+,5114,7277,7277,7277,7277,83155031,6.15,8.75,8.75,8.75,8.75
2023-02-11,Bundesgebiet,00,00+,5302,7215,7215,7215,7215,83155031,6.38,8.68,8.68,8.68,8.68
2023-02-10,Bundesgebiet,00,00+,5200,7171,7171,7171,7171,83155031,6.25,8.62,8.62,8.62,8.62
2023-02-09,Bundesgebiet,00,00+,4870,6908,6908,6908,6908,83155031,5.86,8.31,8.31,8.31,8.31
2023-02-08,Bundesgebiet,00,00+,4574,6708,6708,6708,6708,83155031,5.5,8.07,8.07,8.07,8.07
2023-02-07,Bundesgebiet,00,00+,4293,6538,6538,6538,6538,83155031,5.16,7.86,7.86,7.86,7.86
2023-02-06,Bundesgebiet,00,00+,4101,6125,6125,6125,6125,83155031,4.93,7.37,7.37,7.37,7.37
2023-02-05,Bundesgebiet,00,00+,4276,6100,6100,6100,6100,83155031,5.14,7.34,7.34,7.34,7.34
2023-02-04,Bundesgebiet,00,00+,4420,6050,6050,6050,6050,83155031,5.32,7.28,7.28,7.28,7.28
2023-02-03,Bundesgebiet,00,00+,4182,5817,5817,5817,5817,83155031,5.03,7,7,7,7
2023-02-02,Bundesgebiet,00,00+,4236,5770,5770,5770,5770,83155031,5.09,6.94,6.94,6.94,6.94
2023-02-01,Bundesgebiet,00,00+,3923,5509,5509,5509,5509,83155031,4.72,6.62,6.62,6.62,6.62
2023-01-31,Bundesgebiet,00,00+,3542,5322,5322,5322,5322,83155031,4.26,6.4,6.4,6.4,6.4
2023-01-30,Bundesgebiet,00,00+,3525,5141,5141,5141,5141,83155031,4.24,6.18,6.18,6.18,6.18
2023-01-29,Bundesgebiet,00,00+,3664,5106,5106,5106,5106,83155031,4.41,6.14,6.14,6.14,6.14
2023-01-28,Bundesgebiet,00,00+,3787,5082,5082,5082,5082,83155031,4.55,6.11,6.11,6.11,6.11
2023-01-27,Bundesgebiet,00,00+,3601,4907,4907,4907,4907,83155031,4.33,5.9,5.9,5.9,5.9
2023-01-26,Bundesgebiet,00,00+,3483,4762,4762,4762,4762,83155031,4.19,5.73,5.73,5.73,5.73
2023-01-25,Bundesgebiet,00,00+,3382,4754,4754,4754,4754,83155031,4.07,5.72,5.72,5.72,5.72
2023-01-24,Bundesgebiet,00,00+,3236,4676,4676,4676,4676,83155031,3.89,5.62,5.62,5.62,5.62
2023-01-23,Bundesgebiet,00,00+,3451,4884,4884,4884,4884,83155031,4.15,5.87,5.87,5.87,5.87
2023-01-22,Bundesgebiet,00,00+,3589,4881,4881,4881,4881,83155031,4.32,5.87,5.87,5.87,5.87
2023-01-21,Bundesgebiet,00,00+,3728,4908,4908,4908,4908,83155031,4.48,5.9,5.9,5.9,5.9
2023-01-20,Bundesgebiet,00,00+,3739,5115,5115,5115,5115,83155031,4.5,6.15,6.15,6.15,6.15
2023-01-19,Bundesgebiet,00,00+,3742,5261,5261,5261,5261,83155031,4.5,6.33,6.33,6.33,6.33
2023-01-18,Bundesgebiet,00,00+,3883,5547,5547,5547,5547,83155031,4.67,6.67,6.67,6.67,6.67
2023-01-17,Bundesgebiet,00,00+,3934,5948,5948,5948,5948,83155031,4.73,7.15,7.15,7.15,7.15
2023-01-16,Bundesgebiet,00,00+,4661,6670,6670,6670,6670,83155031,5.61,8.02,8.02,8.02,8.02
2023-01-15,Bundesgebiet,00,00+,4847,6725,6725,6725,6725,83155031,5.83,8.09,8.09,8.09,8.09
2023-01-14,Bundesgebiet,00,00+,5057,6806,6806,6806,6806,83155031,6.08,8.18,8.18,8.18,8.18
2023-01-13,Bundesgebiet,00,00+,4966,6858,6858,6858,6858,83155031,5.97,8.25,8.25,8.25,8.25
2023-01-12,Bundesgebiet,00,00+,5316,7420,7420,7420,7420,83155031,6.39,8.92,8.92,8.92,8.92
2023-01-11,Bundesgebiet,00,00+,5486,7979,7979,7979,7979,83155031,6.6,9.6,9.6,9.6,9.6
2023-01-10,Bundesgebiet,00,00+,5550,8602,8602,8602,8602,83155031,6.67,10.34,10.34,10.34,10.34
2023-01-09,Bundesgebiet,00,00+,5953,9128,9128,9128,9128,83155031,7.16,10.98,10.98,10.98,10.98
2023-01-08,Bundesgebiet,00,00+,6217,9242,9242,9242,9242,83155031,7.48,11.11,11.11,11.11,11.11
2023-01-07,Bundesgebiet,00,00+,6497,0,0,0,0,83155031,7.81,0,0,0,0
2023-01-06,Bundesgebiet,00,00+,6818,0,0,0,0,83155031,8.2,0,0,0,0
2023-01-05,Bundesgebiet,00,00+,7033,0,0,0,0,83155031,8.46,0,0,0,0
2023-01-04,Bundesgebiet,00,00+,7137,0,0,0,0,83155031,8.58,0,0,0,0
2023-01-03,Bundesgebiet,00,00+,7733,0,0,0,0,83155031,9.3,0,0,0,0
2023-01-02,Bundesgebiet,00,00+,5820,0,0,0,0,83155031,7,0,0,0,0
2023-12-23,Schleswig-Holstein,01,00+,274,274,NA,NA,NA,2910875,9.41,9.41,NA,NA,NA
2023-12-22,Schleswig-Holstein,01,00+,281,298,NA,NA,NA,2910875,9.65,10.24,NA,NA,NA
2023-12-21,Schleswig-Holstein,01,00+,229,304,NA,NA,NA,2910875,7.87,10.44,NA,NA,NA
2023-12-20,Schleswig-Holstein,01,00+,265,322,363,356,372,2910875,9.1,11.06,12.5,12.25,12.81
2023-12-19,Schleswig-Holstein,01,00+,256,359,396,388,405,2910875,8.79,12.33,13.61,13.35,13.93
2023-12-18,Schleswig-Holstein,01,00+,315,395,426,419,435,2910875,10.82,13.57,14.66,14.42,14.95
2023-12-17,Schleswig-Holstein,01,00+,323,399,430,423,439,2910875,11.1,13.71,14.8,14.56,15.08
2023-12-16,Schleswig-Holstein,01,00+,333,401,432,425,440,2910875,11.44,13.78,14.84,14.61,15.13
2023-12-15,Schleswig-Holstein,01,00+,328,418,447,440,455,2910875,11.27,14.36,15.36,15.13,15.66
2023-12-14,Schleswig-Holstein,01,00+,342,448,475,468,484,2910875,11.75,15.39,16.34,16.11,16.65
2023-12-13,Schleswig-Holstein,01,00+,337,447,470,464,479,2910875,11.58,15.36,16.18,15.97,16.46
2023-12-12,Schleswig-Holstein,01,00+,298,429,448,443,455,2910875,10.24,14.74,15.4,15.22,15.66
2023-12-11,Schleswig-Holstein,01,00+,292,400,413,409,420,2910875,10.03,13.74,14.21,14.07,14.43
2023-12-10,Schleswig-Holstein,01,00+,303,403,416,412,422,2910875,10.41,13.84,14.31,14.17,14.53
2023-12-09,Schleswig-Holstein,01,00+,311,399,412,408,418,2910875,10.68,13.71,14.16,14.02,14.37
2023-12-08,Schleswig-Holstein,01,00+,256,405,416,413,423,2910875,8.79,13.91,14.32,14.19,14.53
2023-12-07,Schleswig-Holstein,01,00+,246,381,391,387,396,2910875,8.45,13.09,13.44,13.32,13.63
2023-12-06,Schleswig-Holstein,01,00+,241,358,366,363,371,2910875,8.28,12.3,12.59,12.48,12.77
2023-12-05,Schleswig-Holstein,01,00+,244,360,367,364,372,2910875,8.38,12.37,12.62,12.52,12.79
2023-12-04,Schleswig-Holstein,01,00+,289,382,388,385,393,2910875,9.93,13.12,13.34,13.25,13.51
2023-12-03,Schleswig-Holstein,01,00+,295,376,382,379,386,2910875,10.13,12.92,13.13,13.04,13.29
2023-12-02,Schleswig-Holstein,01,00+,302,375,381,378,385,2910875,10.37,12.88,13.09,13,13.25
2023-12-01,Schleswig-Holstein,01,00+,290,357,362,359,366,2910875,9.96,12.26,12.44,12.36,12.59
2023-11-30,Schleswig-Holstein,01,00+,239,350,354,352,358,2910875,8.21,12.02,12.19,12.11,12.32
2023-11-29,Schleswig-Holstein,01,00+,204,370,374,372,378,2910875,7.01,12.71,12.87,12.8,12.99
2023-11-28,Schleswig-Holstein,01,00+,220,354,357,356,360,2910875,7.56,12.16,12.29,12.23,12.39
2023-11-27,Schleswig-Holstein,01,00+,237,318,320,319,322,2910875,8.14,10.92,11.01,10.98,11.07
2023-11-26,Schleswig-Holstein,01,00+,241,315,317,316,319,2910875,8.28,10.82,10.9,10.87,10.96
2023-11-25,Schleswig-Holstein,01,00+,250,317,319,318,320,2910875,8.59,10.89,10.97,10.94,11.03
2023-11-24,Schleswig-Holstein,01,00+,248,303,304,304,306,2910875,8.52,10.41,10.48,10.45,10.52
2023-11-23,Schleswig-Holstein,01,00+,202,296,297,297,298,2910875,6.94,10.17,10.23,10.21,10.26
2023-11-22,Schleswig-Holstein,01,00+,178,286,287,286,287,2910875,6.11,9.83,9.87,9.85,9.89
2023-11-21,Schleswig-Holstein,01,00+,221,286,286,286,287,2910875,7.59,9.83,9.86,9.85,9.87
2023-11-20,Schleswig-Holstein,01,00+,217,256,256,256,256,2910875,7.45,8.79,8.81,8.8,8.81
2023-11-19,Schleswig-Holstein,01,00+,225,260,260,260,260,2910875,7.73,8.93,8.95,8.94,8.95
2023-11-18,Schleswig-Holstein,01,00+,231,257,257,257,257,2910875,7.94,8.83,8.84,8.84,8.85
2023-11-17,Schleswig-Holstein,01,00+,227,262,262,262,262,2910875,7.8,9,9.01,9.01,9.01
2023-11-16,Schleswig-Holstein,01,00+,185,279,279,279,279,2910875,6.36,9.58,9.59,9.59,9.59
2023-11-15,Schleswig-Holstein,01,00+,226,288,288,288,288,2910875,7.76,9.89,9.9,9.9,9.9
2023-11-14,Schleswig-Holstein,01,00+,217,268,268,268,268,2910875,7.45,9.21,9.21,9.21,9.21
2023-11-13,Schleswig-Holstein,01,00+,273,347,347,347,347,2910875,9.38,11.92,11.92,11.92,11.92
2023-11-12,Schleswig-Holstein,01,00+,276,342,342,342,342,2910875,9.48,11.75,11.75,11.75,11.75
2023-11-11,Schleswig-Holstein,01,00+,284,344,344,344,344,2910875,9.76,11.82,11.82,11.82,11.82
2023-11-10,Schleswig-Holstein,01,00+,290,353,353,353,353,2910875,9.96,12.13,12.13,12.13,12.13
2023-11-09,Schleswig-Holstein,01,00+,295,385,385,385,385,2910875,10.13,13.23,13.23,13.23,13.23
2023-11-08,Schleswig-Holstein,01,00+,309,412,412,412,412,2910875,10.62,14.15,14.15,14.15,14.15
2023-11-07,Schleswig-Holstein,01,00+,203,386,386,386,386,2910875,6.97,13.26,13.26,13.26,13.26
2023-11-06,Schleswig-Holstein,01,00+,289,371,371,371,371,2910875,9.93,12.75,12.75,12.75,12.75
2023-11-05,Schleswig-Holstein,01,00+,294,374,374,374,374,2910875,10.1,12.85,12.85,12.85,12.85
2023-11-04,Schleswig-Holstein,01,00+,304,377,377,377,377,2910875,10.44,12.95,12.95,12.95,12.95
2023-11-03,Schleswig-Holstein,01,00+,292,375,375,375,375,2910875,10.03,12.88,12.88,12.88,12.88
2023-11-02,Schleswig-Holstein,01,00+,218,339,339,339,339,2910875,7.49,11.65,11.65,11.65,11.65
2023-11-01,Schleswig-Holstein,01,00+,155,296,296,296,296,2910875,5.32,10.17,10.17,10.17,10.17
2023-10-31,Schleswig-Holstein,01,00+,217,344,344,344,344,2910875,7.45,11.82,11.82,11.82,11.82
2023-10-30,Schleswig-Holstein,01,00+,231,322,322,322,322,2910875,7.94,11.06,11.06,11.06,11.06
2023-10-29,Schleswig-Holstein,01,00+,240,325,325,325,325,2910875,8.24,11.17,11.17,11.17,11.17
2023-10-28,Schleswig-Holstein,01,00+,248,322,322,322,322,2910875,8.52,11.06,11.06,11.06,11.06
2023-10-27,Schleswig-Holstein,01,00+,230,310,310,310,310,2910875,7.9,10.65,10.65,10.65,10.65
2023-10-26,Schleswig-Holstein,01,00+,205,287,287,287,287,2910875,7.04,9.86,9.86,9.86,9.86
2023-10-25,Schleswig-Holstein,01,00+,193,276,276,276,276,2910875,6.63,9.48,9.48,9.48,9.48
2023-10-24,Schleswig-Holstein,01,00+,140,239,239,239,239,2910875,4.81,8.21,8.21,8.21,8.21
2023-10-23,Schleswig-Holstein,01,00+,117,179,179,179,179,2910875,4.02,6.15,6.15,6.15,6.15
2023-10-22,Schleswig-Holstein,01,00+,121,173,173,173,173,2910875,4.16,5.94,5.94,5.94,5.94
2023-10-21,Schleswig-Holstein,01,00+,126,172,172,172,172,2910875,4.33,5.91,5.91,5.91,5.91
2023-10-20,Schleswig-Holstein,01,00+,110,165,165,165,165,2910875,3.78,5.67,5.67,5.67,5.67
2023-10-19,Schleswig-Holstein,01,00+,112,161,161,161,161,2910875,3.85,5.53,5.53,5.53,5.53
2023-10-18,Schleswig-Holstein,01,00+,90,139,139,139,139,2910875,3.09,4.78,4.78,4.78,4.78
2023-10-17,Schleswig-Holstein,01,00+,94,136,136,136,136,2910875,3.23,4.67,4.67,4.67,4.67
2023-10-16,Schleswig-Holstein,01,00+,98,127,127,127,127,2910875,3.37,4.36,4.36,4.36,4.36
2023-10-15,Schleswig-Holstein,01,00+,100,126,126,126,126,2910875,3.44,4.33,4.33,4.33,4.33
2023-10-14,Schleswig-Holstein,01,00+,104,125,125,125,125,2910875,3.57,4.29,4.29,4.29,4.29
2023-10-13,Schleswig-Holstein,01,00+,91,124,124,124,124,2910875,3.13,4.26,4.26,4.26,4.26
2023-10-12,Schleswig-Holstein,01,00+,98,129,129,129,129,2910875,3.37,4.43,4.43,4.43,4.43
2023-10-11,Schleswig-Holstein,01,00+,124,145,145,145,145,2910875,4.26,4.98,4.98,4.98,4.98
2023-10-10,Schleswig-Holstein,01,00+,92,125,125,125,125,2910875,3.16,4.29,4.29,4.29,4.29
2023-10-09,Schleswig-Holstein,01,00+,97,136,136,136,136,2910875,3.33,4.67,4.67,4.67,4.67
2023-10-08,Schleswig-Holstein,01,00+,97,134,134,134,134,2910875,3.33,4.6,4.6,4.6,4.6
2023-10-07,Schleswig-Holstein,01,00+,100,132,132,132,132,2910875,3.44,4.53,4.53,4.53,4.53
2023-10-06,Schleswig-Holstein,01,00+,83,129,129,129,129,2910875,2.85,4.43,4.43,4.43,4.43
2023-10-05,Schleswig-Holstein,01,00+,83,123,123,123,123,2910875,2.85,4.23,4.23,4.23,4.23
2023-10-04,Schleswig-Holstein,01,00+,59,107,107,107,107,2910875,2.03,3.68,3.68,3.68,3.68
2023-10-03,Schleswig-Holstein,01,00+,80,126,126,126,126,2910875,2.75,4.33,4.33,4.33,4.33
2023-10-02,Schleswig-Holstein,01,00+,77,112,112,112,112,2910875,2.65,3.85,3.85,3.85,3.85
2023-10-01,Schleswig-Holstein,01,00+,77,112,112,112,112,2910875,2.65,3.85,3.85,3.85,3.85
2023-09-30,Schleswig-Holstein,01,00+,83,114,114,114,114,2910875,2.85,3.92,3.92,3.92,3.92
2023-09-29,Schleswig-Holstein,01,00+,86,112,112,112,112,2910875,2.95,3.85,3.85,3.85,3.85
2023-09-28,Schleswig-Holstein,01,00+,95,114,114,114,114,2910875,3.26,3.92,3.92,3.92,3.92
2023-09-27,Schleswig-Holstein,01,00+,87,110,110,110,110,2910875,2.99,3.78,3.78,3.78,3.78
2023-09-26,Schleswig-Holstein,01,00+,66,117,117,117,117,2910875,2.27,4.02,4.02,4.02,4.02
2023-09-25,Schleswig-Holstein,01,00+,96,119,119,119,119,2910875,3.3,4.09,4.09,4.09,4.09
2023-09-24,Schleswig-Holstein,01,00+,96,120,120,120,120,2910875,3.3,4.12,4.12,4.12,4.12
2023-09-23,Schleswig-Holstein,01,00+,101,119,119,119,119,2910875,3.47,4.09,4.09,4.09,4.09
2023-09-22,Schleswig-Holstein,01,00+,100,118,118,118,118,2910875,3.44,4.05,4.05,4.05,4.05
2023-09-21,Schleswig-Holstein,01,00+,98,116,116,116,116,2910875,3.37,3.99,3.99,3.99,3.99
2023-09-20,Schleswig-Holstein,01,00+,92,127,127,127,127,2910875,3.16,4.36,4.36,4.36,4.36
2023-09-19,Schleswig-Holstein,01,00+,67,123,123,123,123,2910875,2.3,4.23,4.23,4.23,4.23
2023-09-18,Schleswig-Holstein,01,00+,100,125,125,125,125,2910875,3.44,4.29,4.29,4.29,4.29
2023-09-17,Schleswig-Holstein,01,00+,103,127,127,127,127,2910875,3.54,4.36,4.36,4.36,4.36
2023-09-16,Schleswig-Holstein,01,00+,108,127,127,127,127,2910875,3.71,4.36,4.36,4.36,4.36
2023-09-15,Schleswig-Holstein,01,00+,110,132,132,132,132,2910875,3.78,4.53,4.53,4.53,4.53
2023-09-14,Schleswig-Holstein,01,00+,110,130,130,130,130,2910875,3.78,4.47,4.47,4.47,4.47
2023-09-13,Schleswig-Holstein,01,00+,84,121,121,121,121,2910875,2.89,4.16,4.16,4.16,4.16
2023-09-12,Schleswig-Holstein,01,00+,69,112,112,112,112,2910875,2.37,3.85,3.85,3.85,3.85
2023-09-11,Schleswig-Holstein,01,00+,77,110,110,110,110,2910875,2.65,3.78,3.78,3.78,3.78
2023-09-10,Schleswig-Holstein,01,00+,79,110,110,110,110,2910875,2.71,3.78,3.78,3.78,3.78
2023-09-09,Schleswig-Holstein,01,00+,80,106,106,106,106,2910875,2.75,3.64,3.64,3.64,3.64
2023-09-08,Schleswig-Holstein,01,00+,79,95,95,95,95,2910875,2.71,3.26,3.26,3.26,3.26
2023-09-07,Schleswig-Holstein,01,00+,69,86,86,86,86,2910875,2.37,2.95,2.95,2.95,2.95
2023-09-06,Schleswig-Holstein,01,00+,56,87,87,87,87,2910875,1.92,2.99,2.99,2.99,2.99
2023-09-05,Schleswig-Holstein,01,00+,57,83,83,83,83,2910875,1.96,2.85,2.85,2.85,2.85
2023-09-04,Schleswig-Holstein,01,00+,64,90,90,90,90,2910875,2.2,3.09,3.09,3.09,3.09
2023-09-03,Schleswig-Holstein,01,00+,66,90,90,90,90,2910875,2.27,3.09,3.09,3.09,3.09
2023-09-02,Schleswig-Holstein,01,00+,67,90,90,90,90,2910875,2.3,3.09,3.09,3.09,3.09
2023-09-01,Schleswig-Holstein,01,00+,67,93,93,93,93,2910875,2.3,3.19,3.19,3.19,3.19
2023-08-31,Schleswig-Holstein,01,00+,72,98,98,98,98,2910875,2.47,3.37,3.37,3.37,3.37
2023-08-30,Schleswig-Holstein,01,00+,71,94,94,94,94,2910875,2.44,3.23,3.23,3.23,3.23
2023-08-29,Schleswig-Holstein,01,00+,96,119,119,119,119,2910875,3.3,4.09,4.09,4.09,4.09
2023-08-28,Schleswig-Holstein,01,00+,0,102,102,102,102,2910875,0,3.5,3.5,3.5,3.5
2023-08-27,Schleswig-Holstein,01,00+,0,101,101,101,101,2910875,0,3.47,3.47,3.47,3.47
2023-08-26,Schleswig-Holstein,01,00+,0,106,106,106,106,2910875,0,3.64,3.64,3.64,3.64
2023-08-25,Schleswig-Holstein,01,00+,0,101,101,101,101,2910875,0,3.47,3.47,3.47,3.47
2023-08-24,Schleswig-Holstein,01,00+,87,106,106,106,106,2910875,2.99,3.64,3.64,3.64,3.64
2023-08-23,Schleswig-Holstein,01,00+,85,111,111,111,111,2910875,2.92,3.81,3.81,3.81,3.81
2023-08-22,Schleswig-Holstein,01,00+,61,89,89,89,89,2910875,2.1,3.06,3.06,3.06,3.06
2023-08-21,Schleswig-Holstein,01,00+,68,95,95,95,95,2910875,2.34,3.26,3.26,3.26,3.26
2023-08-20,Schleswig-Holstein,01,00+,72,98,98,98,98,2910875,2.47,3.37,3.37,3.37,3.37
2023-08-19,Schleswig-Holstein,01,00+,72,92,92,92,92,2910875,2.47,3.16,3.16,3.16,3.16
2023-08-18,Schleswig-Holstein,01,00+,70,92,92,92,92,2910875,2.4,3.16,3.16,3.16,3.16
2023-08-17,Schleswig-Holstein,01,00+,60,86,86,86,86,2910875,2.06,2.95,2.95,2.95,2.95
2023-08-16,Schleswig-Holstein,01,00+,62,76,76,76,76,2910875,2.13,2.61,2.61,2.61,2.61
2023-08-15,Schleswig-Holstein,01,00+,44,71,71,71,71,2910875,1.51,2.44,2.44,2.44,2.44
2023-08-14,Schleswig-Holstein,01,00+,39,52,52,52,52,2910875,1.34,1.79,1.79,1.79,1.79
2023-08-13,Schleswig-Holstein,01,00+,39,47,47,47,47,2910875,1.34,1.61,1.61,1.61,1.61
2023-08-12,Schleswig-Holstein,01,00+,39,47,47,47,47,2910875,1.34,1.61,1.61,1.61,1.61
2023-08-11,Schleswig-Holstein,01,00+,24,42,42,42,42,2910875,0.82,1.44,1.44,1.44,1.44
2023-08-10,Schleswig-Holstein,01,00+,25,34,34,34,34,2910875,0.86,1.17,1.17,1.17,1.17
2023-08-09,Schleswig-Holstein,01,00+,21,30,30,30,30,2910875,0.72,1.03,1.03,1.03,1.03
2023-08-08,Schleswig-Holstein,01,00+,25,30,30,30,30,2910875,0.86,1.03,1.03,1.03,1.03
2023-08-07,Schleswig-Holstein,01,00+,26,32,32,32,32,2910875,0.89,1.1,1.1,1.1,1.1
2023-08-06,Schleswig-Holstein,01,00+,26,32,32,32,32,2910875,0.89,1.1,1.1,1.1,1.1
2023-08-05,Schleswig-Holstein,01,00+,28,34,34,34,34,2910875,0.96,1.17,1.17,1.17,1.17
2023-08-04,Schleswig-Holstein,01,00+,24,33,33,33,33,2910875,0.82,1.13,1.13,1.13,1.13
2023-08-03,Schleswig-Holstein,01,00+,20,28,28,28,28,2910875,0.69,0.96,0.96,0.96,0.96
2023-08-02,Schleswig-Holstein,01,00+,16,25,25,25,25,2910875,0.55,0.86,0.86,0.86,0.86
2023-08-01,Schleswig-Holstein,01,00+,8,15,15,15,15,2910875,0.27,0.52,0.52,0.52,0.52
2023-07-31,Schleswig-Holstein,01,00+,7,13,13,13,13,2910875,0.24,0.45,0.45,0.45,0.45
2023-07-30,Schleswig-Holstein,01,00+,8,14,14,14,14,2910875,0.27,0.48,0.48,0.48,0.48
2023-07-29,Schleswig-Holstein,01,00+,10,14,14,14,14,2910875,0.34,0.48,0.48,0.48,0.48
2023-07-28,Schleswig-Holstein,01,00+,13,16,16,16,16,2910875,0.45,0.55,0.55,0.55,0.55
2023-07-27,Schleswig-Holstein,01,00+,17,20,20,20,20,2910875,0.58,0.69,0.69,0.69,0.69
2023-07-26,Schleswig-Holstein,01,00+,17,20,20,20,20,2910875,0.58,0.69,0.69,0.69,0.69
2023-07-25,Schleswig-Holstein,01,00+,14,22,22,22,22,2910875,0.48,0.76,0.76,0.76,0.76
2023-07-24,Schleswig-Holstein,01,00+,11,18,18,18,18,2910875,0.38,0.62,0.62,0.62,0.62
2023-07-23,Schleswig-Holstein,01,00+,12,18,18,18,18,2910875,0.41,0.62,0.62,0.62,0.62
2023-07-22,Schleswig-Holstein,01,00+,12,17,17,17,17,2910875,0.41,0.58,0.58,0.58,0.58
2023-07-21,Schleswig-Holstein,01,00+,11,16,16,16,16,2910875,0.38,0.55,0.55,0.55,0.55
2023-07-20,Schleswig-Holstein,01,00+,12,15,15,15,15,2910875,0.41,0.52,0.52,0.52,0.52
2023-07-19,Schleswig-Holstein,01,00+,19,22,22,22,22,2910875,0.65,0.76,0.76,0.76,0.76
2023-07-18,Schleswig-Holstein,01,00+,18,24,24,24,24,2910875,0.62,0.82,0.82,0.82,0.82
2023-07-17,Schleswig-Holstein,01,00+,17,26,26,26,26,2910875,0.58,0.89,0.89,0.89,0.89
2023-07-16,Schleswig-Holstein,01,00+,17,25,25,25,25,2910875,0.58,0.86,0.86,0.86,0.86
2023-07-15,Schleswig-Holstein,01,00+,17,24,24,24,24,2910875,0.58,0.82,0.82,0.82,0.82
2023-07-14,Schleswig-Holstein,01,00+,18,23,23,23,23,2910875,0.62,0.79,0.79,0.79,0.79
2023-07-13,Schleswig-Holstein,01,00+,12,20,20,20,20,2910875,0.41,0.69,0.69,0.69,0.69
2023-07-12,Schleswig-Holstein,01,00+,9,16,16,16,16,2910875,0.31,0.55,0.55,0.55,0.55
2023-07-11,Schleswig-Holstein,01,00+,10,14,14,14,14,2910875,0.34,0.48,0.48,0.48,0.48
2023-07-10,Schleswig-Holstein,01,00+,9,12,12,12,12,2910875,0.31,0.41,0.41,0.41,0.41
2023-07-09,Schleswig-Holstein,01,00+,9,13,13,13,13,2910875,0.31,0.45,0.45,0.45,0.45
2023-07-08,Schleswig-Holstein,01,00+,10,14,14,14,14,2910875,0.34,0.48,0.48,0.48,0.48
2023-07-07,Schleswig-Holstein,01,00+,12,17,17,17,17,2910875,0.41,0.58,0.58,0.58,0.58
2023-07-06,Schleswig-Holstein,01,00+,11,19,19,19,19,2910875,0.38,0.65,0.65,0.65,0.65
2023-07-05,Schleswig-Holstein,01,00+,16,20,20,20,20,2910875,0.55,0.69,0.69,0.69,0.69
2023-07-04,Schleswig-Holstein,01,00+,12,17,17,17,17,2910875,0.41,0.58,0.58,0.58,0.58
2023-07-03,Schleswig-Holstein,01,00+,12,16,16,16,16,2910875,0.41,0.55,0.55,0.55,0.55
2023-07-02,Schleswig-Holstein,01,00+,12,15,15,15,15,2910875,0.41,0.52,0.52,0.52,0.52
2023-07-01,Schleswig-Holstein,01,00+,12,14,14,14,14,2910875,0.41,0.48,0.48,0.48,0.48
2023-06-30,Schleswig-Holstein,01,00+,12,15,15,15,15,2910875,0.41,0.52,0.52,0.52,0.52
2023-06-29,Schleswig-Holstein,01,00+,12,15,15,15,15,2910875,0.41,0.52,0.52,0.52,0.52
2023-06-28,Schleswig-Holstein,01,00+,10,11,11,11,11,2910875,0.34,0.38,0.38,0.38,0.38
2023-06-27,Schleswig-Holstein,01,00+,10,13,13,13,13,2910875,0.34,0.45,0.45,0.45,0.45
2023-06-26,Schleswig-Holstein,01,00+,15,24,24,24,24,2910875,0.52,0.82,0.82,0.82,0.82
2023-06-25,Schleswig-Holstein,01,00+,15,24,24,24,24,2910875,0.52,0.82,0.82,0.82,0.82
2023-06-24,Schleswig-Holstein,01,00+,16,25,25,25,25,2910875,0.55,0.86,0.86,0.86,0.86
2023-06-23,Schleswig-Holstein,01,00+,19,23,23,23,23,2910875,0.65,0.79,0.79,0.79,0.79
2023-06-22,Schleswig-Holstein,01,00+,25,28,28,28,28,2910875,0.86,0.96,0.96,0.96,0.96
2023-06-21,Schleswig-Holstein,01,00+,29,39,39,39,39,2910875,1,1.34,1.34,1.34,1.34
2023-06-20,Schleswig-Holstein,01,00+,42,49,49,49,49,2910875,1.44,1.68,1.68,1.68,1.68
2023-06-19,Schleswig-Holstein,01,00+,48,52,52,52,52,2910875,1.65,1.79,1.79,1.79,1.79
2023-06-18,Schleswig-Holstein,01,00+,50,54,54,54,54,2910875,1.72,1.86,1.86,1.86,1.86
2023-06-17,Schleswig-Holstein,01,00+,51,54,54,54,54,2910875,1.75,1.86,1.86,1.86,1.86
2023-06-16,Schleswig-Holstein,01,00+,49,57,57,57,57,2910875,1.68,1.96,1.96,1.96,1.96
2023-06-15,Schleswig-Holstein,01,00+,39,63,63,63,63,2910875,1.34,2.16,2.16,2.16,2.16
2023-06-14,Schleswig-Holstein,01,00+,47,60,60,60,60,2910875,1.61,2.06,2.06,2.06,2.06
2023-06-13,Schleswig-Holstein,01,00+,51,65,65,65,65,2910875,1.75,2.23,2.23,2.23,2.23
2023-06-12,Schleswig-Holstein,01,00+,61,71,71,71,71,2910875,2.1,2.44,2.44,2.44,2.44
2023-06-11,Schleswig-Holstein,01,00+,62,71,71,71,71,2910875,2.13,2.44,2.44,2.44,2.44
2023-06-10,Schleswig-Holstein,01,00+,62,70,70,70,70,2910875,2.13,2.4,2.4,2.4,2.4
2023-06-09,Schleswig-Holstein,01,00+,63,74,74,74,74,2910875,2.16,2.54,2.54,2.54,2.54
2023-06-08,Schleswig-Holstein,01,00+,56,76,76,76,76,2910875,1.92,2.61,2.61,2.61,2.61
2023-06-07,Schleswig-Holstein,01,00+,59,85,85,85,85,2910875,2.03,2.92,2.92,2.92,2.92
2023-06-06,Schleswig-Holstein,01,00+,75,97,97,97,97,2910875,2.58,3.33,3.33,3.33,3.33
2023-06-05,Schleswig-Holstein,01,00+,61,76,76,76,76,2910875,2.1,2.61,2.61,2.61,2.61
2023-06-04,Schleswig-Holstein,01,00+,64,77,77,77,77,2910875,2.2,2.65,2.65,2.65,2.65
2023-06-03,Schleswig-Holstein,01,00+,66,80,80,80,80,2910875,2.27,2.75,2.75,2.75,2.75
2023-06-02,Schleswig-Holstein,01,00+,61,83,83,83,83,2910875,2.1,2.85,2.85,2.85,2.85
2023-06-01,Schleswig-Holstein,01,00+,62,82,82,82,82,2910875,2.13,2.82,2.82,2.82,2.82
2023-05-31,Schleswig-Holstein,01,00+,72,90,90,90,90,2910875,2.47,3.09,3.09,3.09,3.09
2023-05-30,Schleswig-Holstein,01,00+,52,77,77,77,77,2910875,1.79,2.65,2.65,2.65,2.65
2023-05-29,Schleswig-Holstein,01,00+,78,104,104,104,104,2910875,2.68,3.57,3.57,3.57,3.57
2023-05-28,Schleswig-Holstein,01,00+,82,105,105,105,105,2910875,2.82,3.61,3.61,3.61,3.61
2023-05-27,Schleswig-Holstein,01,00+,83,103,103,103,103,2910875,2.85,3.54,3.54,3.54,3.54
2023-05-26,Schleswig-Holstein,01,00+,70,98,98,98,98,2910875,2.4,3.37,3.37,3.37,3.37
2023-05-25,Schleswig-Holstein,01,00+,46,85,85,85,85,2910875,1.58,2.92,2.92,2.92,2.92
2023-05-24,Schleswig-Holstein,01,00+,54,76,76,76,76,2910875,1.86,2.61,2.61,2.61,2.61
2023-05-23,Schleswig-Holstein,01,00+,58,77,77,77,77,2910875,1.99,2.65,2.65,2.65,2.65
2023-05-22,Schleswig-Holstein,01,00+,60,84,84,84,84,2910875,2.06,2.89,2.89,2.89,2.89
2023-05-21,Schleswig-Holstein,01,00+,61,81,81,81,81,2910875,2.1,2.78,2.78,2.78,2.78
2023-05-20,Schleswig-Holstein,01,00+,65,84,84,84,84,2910875,2.23,2.89,2.89,2.89,2.89
2023-05-19,Schleswig-Holstein,01,00+,83,110,110,110,110,2910875,2.85,3.78,3.78,3.78,3.78
2023-05-18,Schleswig-Holstein,01,00+,95,122,122,122,122,2910875,3.26,4.19,4.19,4.19,4.19
2023-05-17,Schleswig-Holstein,01,00+,89,123,123,123,123,2910875,3.06,4.23,4.23,4.23,4.23
2023-05-16,Schleswig-Holstein,01,00+,109,135,135,135,135,2910875,3.74,4.64,4.64,4.64,4.64
2023-05-15,Schleswig-Holstein,01,00+,98,131,131,131,131,2910875,3.37,4.5,4.5,4.5,4.5
2023-05-14,Schleswig-Holstein,01,00+,100,132,132,132,132,2910875,3.44,4.53,4.53,4.53,4.53
2023-05-13,Schleswig-Holstein,01,00+,102,130,130,130,130,2910875,3.5,4.47,4.47,4.47,4.47
2023-05-12,Schleswig-Holstein,01,00+,85,107,107,107,107,2910875,2.92,3.68,3.68,3.68,3.68
2023-05-11,Schleswig-Holstein,01,00+,92,126,126,126,126,2910875,3.16,4.33,4.33,4.33,4.33
2023-05-10,Schleswig-Holstein,01,00+,109,147,147,147,147,2910875,3.74,5.05,5.05,5.05,5.05
2023-05-09,Schleswig-Holstein,01,00+,137,169,169,169,169,2910875,4.71,5.81,5.81,5.81,5.81
2023-05-08,Schleswig-Holstein,01,00+,112,146,146,146,146,2910875,3.85,5.02,5.02,5.02,5.02
2023-05-07,Schleswig-Holstein,01,00+,119,152,152,152,152,2910875,4.09,5.22,5.22,5.22,5.22
2023-05-06,Schleswig-Holstein,01,00+,123,154,154,154,154,2910875,4.23,5.29,5.29,5.29,5.29
2023-05-05,Schleswig-Holstein,01,00+,111,182,182,182,182,2910875,3.81,6.25,6.25,6.25,6.25
2023-05-04,Schleswig-Holstein,01,00+,121,174,174,174,174,2910875,4.16,5.98,5.98,5.98,5.98
2023-05-03,Schleswig-Holstein,01,00+,111,158,158,158,158,2910875,3.81,5.43,5.43,5.43,5.43
2023-05-02,Schleswig-Holstein,01,00+,69,132,132,132,132,2910875,2.37,4.53,4.53,4.53,4.53
2023-05-01,Schleswig-Holstein,01,00+,111,170,170,170,170,2910875,3.81,5.84,5.84,5.84,5.84
2023-04-30,Schleswig-Holstein,01,00+,117,169,169,169,169,2910875,4.02,5.81,5.81,5.81,5.81
2023-04-29,Schleswig-Holstein,01,00+,123,170,170,170,170,2910875,4.23,5.84,5.84,5.84,5.84
2023-04-28,Schleswig-Holstein,01,00+,123,154,154,154,154,2910875,4.23,5.29,5.29,5.29,5.29
2023-04-27,Schleswig-Holstein,01,00+,120,165,165,165,165,2910875,4.12,5.67,5.67,5.67,5.67
2023-04-26,Schleswig-Holstein,01,00+,136,170,170,170,170,2910875,4.67,5.84,5.84,5.84,5.84
2023-04-25,Schleswig-Holstein,01,00+,133,191,191,191,191,2910875,4.57,6.56,6.56,6.56,6.56
2023-04-24,Schleswig-Holstein,01,00+,143,211,211,211,211,2910875,4.91,7.25,7.25,7.25,7.25
2023-04-23,Schleswig-Holstein,01,00+,148,209,209,209,209,2910875,5.08,7.18,7.18,7.18,7.18
2023-04-22,Schleswig-Holstein,01,00+,156,212,212,212,212,2910875,5.36,7.28,7.28,7.28,7.28
2023-04-21,Schleswig-Holstein,01,00+,163,219,219,219,219,2910875,5.6,7.52,7.52,7.52,7.52
2023-04-20,Schleswig-Holstein,01,00+,173,220,220,220,220,2910875,5.94,7.56,7.56,7.56,7.56
2023-04-19,Schleswig-Holstein,01,00+,163,216,216,216,216,2910875,5.6,7.42,7.42,7.42,7.42
2023-04-18,Schleswig-Holstein,01,00+,200,262,262,262,262,2910875,6.87,9,9,9,9
2023-04-17,Schleswig-Holstein,01,00+,148,207,207,207,207,2910875,5.08,7.11,7.11,7.11,7.11
2023-04-16,Schleswig-Holstein,01,00+,152,207,207,207,207,2910875,5.22,7.11,7.11,7.11,7.11
2023-04-15,Schleswig-Holstein,01,00+,158,206,206,206,206,2910875,5.43,7.08,7.08,7.08,7.08
2023-04-14,Schleswig-Holstein,01,00+,136,179,179,179,179,2910875,4.67,6.15,6.15,6.15,6.15
2023-04-13,Schleswig-Holstein,01,00+,137,177,177,177,177,2910875,4.71,6.08,6.08,6.08,6.08
2023-04-12,Schleswig-Holstein,01,00+,100,188,188,188,188,2910875,3.44,6.46,6.46,6.46,6.46
2023-04-11,Schleswig-Holstein,01,00+,72,135,135,135,135,2910875,2.47,4.64,4.64,4.64,4.64
2023-04-10,Schleswig-Holstein,01,00+,118,172,172,172,172,2910875,4.05,5.91,5.91,5.91,5.91
2023-04-09,Schleswig-Holstein,01,00+,127,177,177,177,177,2910875,4.36,6.08,6.08,6.08,6.08
2023-04-08,Schleswig-Holstein,01,00+,133,176,176,176,176,2910875,4.57,6.05,6.05,6.05,6.05
2023-04-07,Schleswig-Holstein,01,00+,164,207,207,207,207,2910875,5.63,7.11,7.11,7.11,7.11
2023-04-06,Schleswig-Holstein,01,00+,169,217,217,217,217,2910875,5.81,7.45,7.45,7.45,7.45
2023-04-05,Schleswig-Holstein,01,00+,156,213,213,213,213,2910875,5.36,7.32,7.32,7.32,7.32
2023-04-04,Schleswig-Holstein,01,00+,136,223,223,223,223,2910875,4.67,7.66,7.66,7.66,7.66
2023-04-03,Schleswig-Holstein,01,00+,171,258,258,258,258,2910875,5.87,8.86,8.86,8.86,8.86
2023-04-02,Schleswig-Holstein,01,00+,177,257,257,257,257,2910875,6.08,8.83,8.83,8.83,8.83
2023-04-01,Schleswig-Holstein,01,00+,186,260,260,260,260,2910875,6.39,8.93,8.93,8.93,8.93
2023-03-31,Schleswig-Holstein,01,00+,184,259,259,259,259,2910875,6.32,8.9,8.9,8.9,8.9
2023-03-30,Schleswig-Holstein,01,00+,183,262,262,262,262,2910875,6.29,9,9,9,9
2023-03-29,Schleswig-Holstein,01,00+,181,272,272,272,272,2910875,6.22,9.34,9.34,9.34,9.34
2023-03-28,Schleswig-Holstein,01,00+,172,277,277,277,277,2910875,5.91,9.52,9.52,9.52,9.52
2023-03-27,Schleswig-Holstein,01,00+,149,250,250,250,250,2910875,5.12,8.59,8.59,8.59,8.59
2023-03-26,Schleswig-Holstein,01,00+,161,255,255,255,255,2910875,5.53,8.76,8.76,8.76,8.76
2023-03-25,Schleswig-Holstein,01,00+,169,258,258,258,258,2910875,5.81,8.86,8.86,8.86,8.86
2023-03-24,Schleswig-Holstein,01,00+,153,256,256,256,256,2910875,5.26,8.79,8.79,8.79,8.79
2023-03-23,Schleswig-Holstein,01,00+,161,265,265,265,265,2910875,5.53,9.1,9.1,9.1,9.1
2023-03-22,Schleswig-Holstein,01,00+,178,286,286,286,286,2910875,6.11,9.83,9.83,9.83,9.83
2023-03-21,Schleswig-Holstein,01,00+,201,303,303,303,303,2910875,6.91,10.41,10.41,10.41,10.41
2023-03-20,Schleswig-Holstein,01,00+,224,317,317,317,317,2910875,7.7,10.89,10.89,10.89,10.89
2023-03-19,Schleswig-Holstein,01,00+,231,310,310,310,310,2910875,7.94,10.65,10.65,10.65,10.65
2023-03-18,Schleswig-Holstein,01,00+,239,307,307,307,307,2910875,8.21,10.55,10.55,10.55,10.55
2023-03-17,Schleswig-Holstein,01,00+,239,307,307,307,307,2910875,8.21,10.55,10.55,10.55,10.55
2023-03-16,Schleswig-Holstein,01,00+,176,288,288,288,288,2910875,6.05,9.89,9.89,9.89,9.89
2023-03-15,Schleswig-Holstein,01,00+,176,259,259,259,259,2910875,6.05,8.9,8.9,8.9,8.9
2023-03-14,Schleswig-Holstein,01,00+,135,232,232,232,232,2910875,4.64,7.97,7.97,7.97,7.97
2023-03-13,Schleswig-Holstein,01,00+,146,216,216,216,216,2910875,5.02,7.42,7.42,7.42,7.42
2023-03-12,Schleswig-Holstein,01,00+,156,221,221,221,221,2910875,5.36,7.59,7.59,7.59,7.59
2023-03-11,Schleswig-Holstein,01,00+,157,215,215,215,215,2910875,5.39,7.39,7.39,7.39,7.39
2023-03-10,Schleswig-Holstein,01,00+,159,213,213,213,213,2910875,5.46,7.32,7.32,7.32,7.32
2023-03-09,Schleswig-Holstein,01,00+,142,203,203,203,203,2910875,4.88,6.97,6.97,6.97,6.97
2023-03-08,Schleswig-Holstein,01,00+,140,199,199,199,199,2910875,4.81,6.84,6.84,6.84,6.84
2023-03-07,Schleswig-Holstein,01,00+,144,206,206,206,206,2910875,4.95,7.08,7.08,7.08,7.08
2023-03-06,Schleswig-Holstein,01,00+,151,212,212,212,212,2910875,5.19,7.28,7.28,7.28,7.28
2023-03-05,Schleswig-Holstein,01,00+,156,205,205,205,205,2910875,5.36,7.04,7.04,7.04,7.04
2023-03-04,Schleswig-Holstein,01,00+,159,205,205,205,205,2910875,5.46,7.04,7.04,7.04,7.04
2023-03-03,Schleswig-Holstein,01,00+,179,221,221,221,221,2910875,6.15,7.59,7.59,7.59,7.59
2023-03-02,Schleswig-Holstein,01,00+,182,228,228,228,228,2910875,6.25,7.83,7.83,7.83,7.83
2023-03-01,Schleswig-Holstein,01,00+,173,231,231,231,231,2910875,5.94,7.94,7.94,7.94,7.94
2023-02-28,Schleswig-Holstein,01,00+,149,223,223,223,223,2910875,5.12,7.66,7.66,7.66,7.66
2023-02-27,Schleswig-Holstein,01,00+,134,208,208,208,208,2910875,4.6,7.15,7.15,7.15,7.15
2023-02-26,Schleswig-Holstein,01,00+,143,215,215,215,215,2910875,4.91,7.39,7.39,7.39,7.39
2023-02-25,Schleswig-Holstein,01,00+,150,219,219,219,219,2910875,5.15,7.52,7.52,7.52,7.52
2023-02-24,Schleswig-Holstein,01,00+,147,203,203,203,203,2910875,5.05,6.97,6.97,6.97,6.97
2023-02-23,Schleswig-Holstein,01,00+,144,208,208,208,208,2910875,4.95,7.15,7.15,7.15,7.15
2023-02-22,Schleswig-Holstein,01,00+,128,198,198,198,198,2910875,4.4,6.8,6.8,6.8,6.8
2023-02-21,Schleswig-Holstein,01,00+,131,201,201,201,201,2910875,4.5,6.91,6.91,6.91,6.91
2023-02-20,Schleswig-Holstein,01,00+,144,222,222,222,222,2910875,4.95,7.63,7.63,7.63,7.63
2023-02-19,Schleswig-Holstein,01,00+,148,215,215,215,215,2910875,5.08,7.39,7.39,7.39,7.39
2023-02-18,Schleswig-Holstein,01,00+,153,213,213,213,213,2910875,5.26,7.32,7.32,7.32,7.32
2023-02-17,Schleswig-Holstein,01,00+,119,202,202,202,202,2910875,4.09,6.94,6.94,6.94,6.94
2023-02-16,Schleswig-Holstein,01,00+,139,182,182,182,182,2910875,4.78,6.25,6.25,6.25,6.25
2023-02-15,Schleswig-Holstein,01,00+,145,194,194,194,194,2910875,4.98,6.66,6.66,6.66,6.66
2023-02-14,Schleswig-Holstein,01,00+,112,164,164,164,164,2910875,3.85,5.63,5.63,5.63,5.63
2023-02-13,Schleswig-Holstein,01,00+,107,143,143,143,143,2910875,3.68,4.91,4.91,4.91,4.91
2023-02-12,Schleswig-Holstein,01,00+,111,142,142,142,142,2910875,3.81,4.88,4.88,4.88,4.88
2023-02-11,Schleswig-Holstein,01,00+,113,140,140,140,140,2910875,3.88,4.81,4.81,4.81,4.81
2023-02-10,Schleswig-Holstein,01,00+,111,140,140,140,140,2910875,3.81,4.81,4.81,4.81,4.81
2023-02-09,Schleswig-Holstein,01,00+,95,142,142,142,142,2910875,3.26,4.88,4.88,4.88,4.88
2023-02-08,Schleswig-Holstein,01,00+,115,137,137,137,137,2910875,3.95,4.71,4.71,4.71,4.71
2023-02-07,Schleswig-Holstein,01,00+,101,133,133,133,133,2910875,3.47,4.57,4.57,4.57,4.57
2023-02-06,Schleswig-Holstein,01,00+,79,122,122,122,122,2910875,2.71,4.19,4.19,4.19,4.19
2023-02-05,Schleswig-Holstein,01,00+,82,121,121,121,121,2910875,2.82,4.16,4.16,4.16,4.16
2023-02-04,Schleswig-Holstein,01,00+,87,123,123,123,123,2910875,2.99,4.23,4.23,4.23,4.23
2023-02-03,Schleswig-Holstein,01,00+,82,119,119,119,119,2910875,2.82,4.09,4.09,4.09,4.09
2023-02-02,Schleswig-Holstein,01,00+,88,116,116,116,116,2910875,3.02,3.99,3.99,3.99,3.99
2023-02-01,Schleswig-Holstein,01,00+,85,111,111,111,111,2910875,2.92,3.81,3.81,3.81,3.81
2023-01-31,Schleswig-Holstein,01,00+,88,126,126,126,126,2910875,3.02,4.33,4.33,4.33,4.33
2023-01-30,Schleswig-Holstein,01,00+,86,125,125,125,125,2910875,2.95,4.29,4.29,4.29,4.29
2023-01-29,Schleswig-Holstein,01,00+,91,128,128,128,128,2910875,3.13,4.4,4.4,4.4,4.4
2023-01-28,Schleswig-Holstein,01,00+,93,126,126,126,126,2910875,3.19,4.33,4.33,4.33,4.33
2023-01-27,Schleswig-Holstein,01,00+,100,132,132,132,132,2910875,3.44,4.53,4.53,4.53,4.53
2023-01-26,Schleswig-Holstein,01,00+,94,141,141,141,141,2910875,3.23,4.84,4.84,4.84,4.84
2023-01-25,Schleswig-Holstein,01,00+,120,160,160,160,160,2910875,4.12,5.5,5.5,5.5,5.5
2023-01-24,Schleswig-Holstein,01,00+,119,154,154,154,154,2910875,4.09,5.29,5.29,5.29,5.29
2023-01-23,Schleswig-Holstein,01,00+,135,175,175,175,175,2910875,4.64,6.01,6.01,6.01,6.01
2023-01-22,Schleswig-Holstein,01,00+,142,176,176,176,176,2910875,4.88,6.05,6.05,6.05,6.05
2023-01-21,Schleswig-Holstein,01,00+,145,178,178,178,178,2910875,4.98,6.11,6.11,6.11,6.11
2023-01-20,Schleswig-Holstein,01,00+,143,185,185,185,185,2910875,4.91,6.36,6.36,6.36,6.36
2023-01-19,Schleswig-Holstein,01,00+,134,195,195,195,195,2910875,4.6,6.7,6.7,6.7,6.7
2023-01-18,Schleswig-Holstein,01,00+,142,189,189,189,189,2910875,4.88,6.49,6.49,6.49,6.49
2023-01-17,Schleswig-Holstein,01,00+,165,221,221,221,221,2910875,5.67,7.59,7.59,7.59,7.59
2023-01-16,Schleswig-Holstein,01,00+,186,262,262,262,262,2910875,6.39,9,9,9,9
2023-01-15,Schleswig-Holstein,01,00+,196,265,265,265,265,2910875,6.73,9.1,9.1,9.1,9.1
2023-01-14,Schleswig-Holstein,01,00+,211,275,275,275,275,2910875,7.25,9.45,9.45,9.45,9.45
2023-01-13,Schleswig-Holstein,01,00+,218,291,291,291,291,2910875,7.49,10,10,10,10
2023-01-12,Schleswig-Holstein,01,00+,239,318,318,318,318,2910875,8.21,10.92,10.92,10.92,10.92
2023-01-11,Schleswig-Holstein,01,00+,248,349,349,349,349,2910875,8.52,11.99,11.99,11.99,11.99
2023-01-10,Schleswig-Holstein,01,00+,252,369,369,369,369,2910875,8.66,12.68,12.68,12.68,12.68
2023-01-09,Schleswig-Holstein,01,00+,298,411,411,411,411,2910875,10.24,14.12,14.12,14.12,14.12
2023-01-08,Schleswig-Holstein,01,00+,303,407,407,407,407,2910875,10.41,13.98,13.98,13.98,13.98
2023-01-07,Schleswig-Holstein,01,00+,312,0,0,0,0,2910875,10.72,0,0,0,0
2023-01-06,Schleswig-Holstein,01,00+,334,0,0,0,0,2910875,11.47,0,0,0,0
2023-01-05,Schleswig-Holstein,01,00+,351,0,0,0,0,2910875,12.06,0,0,0,0
2023-01-04,Schleswig-Holstein,01,00+,421,0,0,0,0,2910875,14.46,0,0,0,0
2023-01-03,Schleswig-Holstein,01,00+,462,0,0,0,0,2910875,15.87,0,0,0,0
2023-01-02,Schleswig-Holstein,01,00+,330,0,0,0,0,2910875,11.34,0,0,0,0
2023-12-23,Hamburg,02,00+,231,231,NA,NA,NA,1852478,12.47,12.47,NA,NA,NA
2023-12-22,Hamburg,02,00+,235,260,NA,NA,NA,1852478,12.69,14.04,NA,NA,NA
2023-12-21,Hamburg,02,00+,202,262,NA,NA,NA,1852478,10.9,14.14,NA,NA,NA
2023-12-20,Hamburg,02,00+,238,283,324,315,333,1852478,12.85,15.28,17.5,17.03,17.99
2023-12-19,Hamburg,02,00+,237,314,349,342,358,1852478,12.79,16.95,18.88,18.5,19.37
2023-12-18,Hamburg,02,00+,209,329,356,350,363,1852478,11.28,17.76,19.22,18.94,19.62
2023-12-17,Hamburg,02,00+,233,349,376,371,384,1852478,12.58,18.84,20.34,20.06,20.77
2023-12-16,Hamburg,02,00+,235,351,378,373,386,1852478,12.69,18.95,20.46,20.17,20.88
2023-12-15,Hamburg,02,00+,247,360,384,379,392,1852478,13.33,19.43,20.78,20.51,21.2
2023-12-14,Hamburg,02,00+,272,387,410,405,418,1852478,14.68,20.89,22.17,21.9,22.59
2023-12-13,Hamburg,02,00+,246,367,386,382,393,1852478,13.28,19.81,20.88,20.64,21.26
2023-12-12,Hamburg,02,00+,252,347,362,358,369,1852478,13.6,18.73,19.59,19.37,19.92
2023-12-11,Hamburg,02,00+,216,322,333,330,338,1852478,11.66,17.38,18,17.83,18.28
2023-12-10,Hamburg,02,00+,229,312,322,319,327,1852478,12.36,16.84,17.4,17.25,17.67
2023-12-09,Hamburg,02,00+,229,310,320,317,325,1852478,12.36,16.73,17.29,17.14,17.55
2023-12-08,Hamburg,02,00+,190,281,289,287,293,1852478,10.26,15.17,15.63,15.5,15.86
2023-12-07,Hamburg,02,00+,182,249,255,253,259,1852478,9.82,13.44,13.8,13.69,14
2023-12-06,Hamburg,02,00+,126,237,242,240,246,1852478,6.8,12.79,13.1,13,13.28
2023-12-05,Hamburg,02,00+,153,230,234,233,237,1852478,8.26,12.42,12.67,12.58,12.84
2023-12-04,Hamburg,02,00+,159,211,214,213,217,1852478,8.58,11.39,11.58,11.5,11.72
2023-12-03,Hamburg,02,00+,172,209,212,210,214,1852478,9.28,11.28,11.46,11.39,11.6
2023-12-02,Hamburg,02,00+,172,209,212,210,214,1852478,9.28,11.28,11.46,11.39,11.6
2023-12-01,Hamburg,02,00+,152,211,214,212,216,1852478,8.21,11.39,11.56,11.49,11.69
2023-11-30,Hamburg,02,00+,154,222,224,223,227,1852478,8.31,11.98,12.14,12.08,12.26
2023-11-29,Hamburg,02,00+,167,228,230,229,232,1852478,9.01,12.31,12.45,12.39,12.57
2023-11-28,Hamburg,02,00+,183,239,241,240,243,1852478,9.88,12.9,13.03,12.98,13.13
2023-11-27,Hamburg,02,00+,218,260,261,261,263,1852478,11.77,14.04,14.14,14.1,14.21
2023-11-26,Hamburg,02,00+,218,247,248,248,250,1852478,11.77,13.33,13.43,13.39,13.5
2023-11-25,Hamburg,02,00+,218,247,248,248,250,1852478,11.77,13.33,13.43,13.39,13.5
2023-11-24,Hamburg,02,00+,199,248,249,248,250,1852478,10.74,13.39,13.48,13.44,13.53
2023-11-23,Hamburg,02,00+,183,237,238,237,239,1852478,9.88,12.79,12.87,12.84,12.91
2023-11-22,Hamburg,02,00+,167,233,234,233,234,1852478,9.01,12.58,12.64,12.61,12.67
2023-11-21,Hamburg,02,00+,158,202,202,202,202,1852478,8.53,10.9,10.94,10.93,10.95
2023-11-20,Hamburg,02,00+,149,178,178,178,178,1852478,8.04,9.61,9.62,9.62,9.63
2023-11-19,Hamburg,02,00+,149,178,178,178,178,1852478,8.04,9.61,9.62,9.62,9.63
2023-11-18,Hamburg,02,00+,149,178,178,178,178,1852478,8.04,9.61,9.62,9.62,9.63
2023-11-17,Hamburg,02,00+,154,183,183,183,183,1852478,8.31,9.88,9.89,9.89,9.89
2023-11-16,Hamburg,02,00+,140,175,175,175,175,1852478,7.56,9.45,9.45,9.45,9.46
2023-11-15,Hamburg,02,00+,155,177,177,177,177,1852478,8.37,9.55,9.56,9.56,9.56
2023-11-14,Hamburg,02,00+,152,174,174,174,174,1852478,8.21,9.39,9.39,9.39,9.4
2023-11-13,Hamburg,02,00+,171,199,199,199,199,1852478,9.23,10.74,10.74,10.74,10.74
2023-11-12,Hamburg,02,00+,171,199,199,199,199,1852478,9.23,10.74,10.74,10.74,10.74
2023-11-11,Hamburg,02,00+,171,199,199,199,199,1852478,9.23,10.74,10.74,10.74,10.74
2023-11-10,Hamburg,02,00+,166,194,194,194,194,1852478,8.96,10.47,10.47,10.47,10.47
2023-11-09,Hamburg,02,00+,176,219,219,219,219,1852478,9.5,11.82,11.82,11.82,11.82
2023-11-08,Hamburg,02,00+,231,277,277,277,277,1852478,12.47,14.95,14.95,14.95,14.95
2023-11-07,Hamburg,02,00+,186,248,248,248,248,1852478,10.04,13.39,13.39,13.39,13.39
2023-11-06,Hamburg,02,00+,185,218,218,218,218,1852478,9.99,11.77,11.77,11.77,11.77
2023-11-05,Hamburg,02,00+,186,219,219,219,219,1852478,10.04,11.82,11.82,11.82,11.82
2023-11-04,Hamburg,02,00+,186,219,219,219,219,1852478,10.04,11.82,11.82,11.82,11.82
2023-11-03,Hamburg,02,00+,165,219,219,219,219,1852478,8.91,11.82,11.82,11.82,11.82
2023-11-02,Hamburg,02,00+,113,196,196,196,196,1852478,6.1,10.58,10.58,10.58,10.58
2023-11-01,Hamburg,02,00+,95,146,146,146,146,1852478,5.13,7.88,7.88,7.88,7.88
2023-10-31,Hamburg,02,00+,114,168,168,168,168,1852478,6.15,9.07,9.07,9.07,9.07
2023-10-30,Hamburg,02,00+,117,169,169,169,169,1852478,6.32,9.12,9.12,9.12,9.12
2023-10-29,Hamburg,02,00+,123,174,174,174,174,1852478,6.64,9.39,9.39,9.39,9.39
2023-10-28,Hamburg,02,00+,123,174,174,174,174,1852478,6.64,9.39,9.39,9.39,9.39
2023-10-27,Hamburg,02,00+,139,177,177,177,177,1852478,7.5,9.55,9.55,9.55,9.55
2023-10-26,Hamburg,02,00+,114,173,173,173,173,1852478,6.15,9.34,9.34,9.34,9.34
2023-10-25,Hamburg,02,00+,112,153,153,153,153,1852478,6.05,8.26,8.26,8.26,8.26
2023-10-24,Hamburg,02,00+,81,148,148,148,148,1852478,4.37,7.99,7.99,7.99,7.99
2023-10-23,Hamburg,02,00+,92,130,130,130,130,1852478,4.97,7.02,7.02,7.02,7.02
2023-10-22,Hamburg,02,00+,92,124,124,124,124,1852478,4.97,6.69,6.69,6.69,6.69
2023-10-21,Hamburg,02,00+,92,124,124,124,124,1852478,4.97,6.69,6.69,6.69,6.69
2023-10-20,Hamburg,02,00+,90,114,114,114,114,1852478,4.86,6.15,6.15,6.15,6.15
2023-10-19,Hamburg,02,00+,83,101,101,101,101,1852478,4.48,5.45,5.45,5.45,5.45
2023-10-18,Hamburg,02,00+,71,90,90,90,90,1852478,3.83,4.86,4.86,4.86,4.86
2023-10-17,Hamburg,02,00+,74,91,91,91,91,1852478,3.99,4.91,4.91,4.91,4.91
2023-10-16,Hamburg,02,00+,77,89,89,89,89,1852478,4.16,4.8,4.8,4.8,4.8
2023-10-15,Hamburg,02,00+,77,89,89,89,89,1852478,4.16,4.8,4.8,4.8,4.8
2023-10-14,Hamburg,02,00+,77,89,89,89,89,1852478,4.16,4.8,4.8,4.8,4.8
2023-10-13,Hamburg,02,00+,62,94,94,94,94,1852478,3.35,5.07,5.07,5.07,5.07
2023-10-12,Hamburg,02,00+,68,90,90,90,90,1852478,3.67,4.86,4.86,4.86,4.86
2023-10-11,Hamburg,02,00+,86,107,107,107,107,1852478,4.64,5.78,5.78,5.78,5.78
2023-10-10,Hamburg,02,00+,65,88,88,88,88,1852478,3.51,4.75,4.75,4.75,4.75
2023-10-09,Hamburg,02,00+,80,102,102,102,102,1852478,4.32,5.51,5.51,5.51,5.51
2023-10-08,Hamburg,02,00+,82,104,104,104,104,1852478,4.43,5.61,5.61,5.61,5.61
2023-10-07,Hamburg,02,00+,82,104,104,104,104,1852478,4.43,5.61,5.61,5.61,5.61
2023-10-06,Hamburg,02,00+,79,94,94,94,94,1852478,4.26,5.07,5.07,5.07,5.07
2023-10-05,Hamburg,02,00+,60,97,97,97,97,1852478,3.24,5.24,5.24,5.24,5.24
2023-10-04,Hamburg,02,00+,44,85,85,85,85,1852478,2.38,4.59,4.59,4.59,4.59
2023-10-03,Hamburg,02,00+,58,101,101,101,101,1852478,3.13,5.45,5.45,5.45,5.45
2023-10-02,Hamburg,02,00+,62,77,77,77,77,1852478,3.35,4.16,4.16,4.16,4.16
2023-10-01,Hamburg,02,00+,62,75,75,75,75,1852478,3.35,4.05,4.05,4.05,4.05
2023-09-30,Hamburg,02,00+,62,75,75,75,75,1852478,3.35,4.05,4.05,4.05,4.05
2023-09-29,Hamburg,02,00+,56,68,68,68,68,1852478,3.02,3.67,3.67,3.67,3.67
2023-09-28,Hamburg,02,00+,64,73,73,73,73,1852478,3.45,3.94,3.94,3.94,3.94
2023-09-27,Hamburg,02,00+,58,67,67,67,67,1852478,3.13,3.62,3.62,3.62,3.62
2023-09-26,Hamburg,02,00+,46,63,63,63,63,1852478,2.48,3.4,3.4,3.4,3.4
2023-09-25,Hamburg,02,00+,57,67,67,67,67,1852478,3.08,3.62,3.62,3.62,3.62
2023-09-24,Hamburg,02,00+,57,67,67,67,67,1852478,3.08,3.62,3.62,3.62,3.62
2023-09-23,Hamburg,02,00+,57,67,67,67,67,1852478,3.08,3.62,3.62,3.62,3.62
2023-09-22,Hamburg,02,00+,54,74,74,74,74,1852478,2.92,3.99,3.99,3.99,3.99
2023-09-21,Hamburg,02,00+,48,68,68,68,68,1852478,2.59,3.67,3.67,3.67,3.67
2023-09-20,Hamburg,02,00+,52,72,72,72,72,1852478,2.81,3.89,3.89,3.89,3.89
2023-09-19,Hamburg,02,00+,52,73,73,73,73,1852478,2.81,3.94,3.94,3.94,3.94
2023-09-18,Hamburg,02,00+,59,89,89,89,89,1852478,3.18,4.8,4.8,4.8,4.8
2023-09-17,Hamburg,02,00+,59,89,89,89,89,1852478,3.18,4.8,4.8,4.8,4.8
2023-09-16,Hamburg,02,00+,59,89,89,89,89,1852478,3.18,4.8,4.8,4.8,4.8
2023-09-15,Hamburg,02,00+,72,95,95,95,95,1852478,3.89,5.13,5.13,5.13,5.13
2023-09-14,Hamburg,02,00+,73,96,96,96,96,1852478,3.94,5.18,5.18,5.18,5.18
2023-09-13,Hamburg,02,00+,71,89,89,89,89,1852478,3.83,4.8,4.8,4.8,4.8
2023-09-12,Hamburg,02,00+,63,90,90,90,90,1852478,3.4,4.86,4.86,4.86,4.86
2023-09-11,Hamburg,02,00+,54,73,73,73,73,1852478,2.92,3.94,3.94,3.94,3.94
2023-09-10,Hamburg,02,00+,54,73,73,73,73,1852478,2.92,3.94,3.94,3.94,3.94
2023-09-09,Hamburg,02,00+,54,73,73,73,73,1852478,2.92,3.94,3.94,3.94,3.94
2023-09-08,Hamburg,02,00+,46,62,62,62,62,1852478,2.48,3.35,3.35,3.35,3.35
2023-09-07,Hamburg,02,00+,47,62,62,62,62,1852478,2.54,3.35,3.35,3.35,3.35
2023-09-06,Hamburg,02,00+,49,62,62,62,62,1852478,2.65,3.35,3.35,3.35,3.35
2023-09-05,Hamburg,02,00+,27,53,53,53,53,1852478,1.46,2.86,2.86,2.86,2.86
2023-09-04,Hamburg,02,00+,44,58,58,58,58,1852478,2.38,3.13,3.13,3.13,3.13
2023-09-03,Hamburg,02,00+,44,58,58,58,58,1852478,2.38,3.13,3.13,3.13,3.13
2023-09-02,Hamburg,02,00+,44,58,58,58,58,1852478,2.38,3.13,3.13,3.13,3.13
2023-09-01,Hamburg,02,00+,42,54,54,54,54,1852478,2.27,2.92,2.92,2.92,2.92
2023-08-31,Hamburg,02,00+,48,58,58,58,58,1852478,2.59,3.13,3.13,3.13,3.13
2023-08-30,Hamburg,02,00+,46,57,57,57,57,1852478,2.48,3.08,3.08,3.08,3.08
2023-08-29,Hamburg,02,00+,44,65,65,65,65,1852478,2.38,3.51,3.51,3.51,3.51
2023-08-28,Hamburg,02,00+,0,50,50,50,50,1852478,0,2.7,2.7,2.7,2.7
2023-08-27,Hamburg,02,00+,0,50,50,50,50,1852478,0,2.7,2.7,2.7,2.7
2023-08-26,Hamburg,02,00+,0,50,50,50,50,1852478,0,2.7,2.7,2.7,2.7
2023-08-25,Hamburg,02,00+,0,53,53,53,53,1852478,0,2.86,2.86,2.86,2.86
2023-08-24,Hamburg,02,00+,29,43,43,43,43,1852478,1.57,2.32,2.32,2.32,2.32
2023-08-23,Hamburg,02,00+,31,40,40,40,40,1852478,1.67,2.16,2.16,2.16,2.16
2023-08-22,Hamburg,02,00+,37,39,39,39,39,1852478,2,2.11,2.11,2.11,2.11
2023-08-21,Hamburg,02,00+,30,38,38,38,38,1852478,1.62,2.05,2.05,2.05,2.05
2023-08-20,Hamburg,02,00+,30,38,38,38,38,1852478,1.62,2.05,2.05,2.05,2.05
2023-08-19,Hamburg,02,00+,30,38,38,38,38,1852478,1.62,2.05,2.05,2.05,2.05
2023-08-18,Hamburg,02,00+,29,33,33,33,33,1852478,1.57,1.78,1.78,1.78,1.78
2023-08-17,Hamburg,02,00+,36,41,41,41,41,1852478,1.94,2.21,2.21,2.21,2.21
2023-08-16,Hamburg,02,00+,37,43,43,43,43,1852478,2,2.32,2.32,2.32,2.32
2023-08-15,Hamburg,02,00+,25,36,36,36,36,1852478,1.35,1.94,1.94,1.94,1.94
2023-08-14,Hamburg,02,00+,21,30,30,30,30,1852478,1.13,1.62,1.62,1.62,1.62
2023-08-13,Hamburg,02,00+,21,30,30,30,30,1852478,1.13,1.62,1.62,1.62,1.62
2023-08-12,Hamburg,02,00+,21,30,30,30,30,1852478,1.13,1.62,1.62,1.62,1.62
2023-08-11,Hamburg,02,00+,23,31,31,31,31,1852478,1.24,1.67,1.67,1.67,1.67
2023-08-10,Hamburg,02,00+,22,26,26,26,26,1852478,1.19,1.4,1.4,1.4,1.4
2023-08-09,Hamburg,02,00+,15,21,21,21,21,1852478,0.81,1.13,1.13,1.13,1.13
2023-08-08,Hamburg,02,00+,8,19,19,19,19,1852478,0.43,1.03,1.03,1.03,1.03
2023-08-07,Hamburg,02,00+,9,20,20,20,20,1852478,0.49,1.08,1.08,1.08,1.08
2023-08-06,Hamburg,02,00+,9,20,20,20,20,1852478,0.49,1.08,1.08,1.08,1.08
2023-08-05,Hamburg,02,00+,9,20,20,20,20,1852478,0.49,1.08,1.08,1.08,1.08
2023-08-04,Hamburg,02,00+,6,25,25,25,25,1852478,0.32,1.35,1.35,1.35,1.35
2023-08-03,Hamburg,02,00+,18,34,34,34,34,1852478,0.97,1.84,1.84,1.84,1.84
2023-08-02,Hamburg,02,00+,18,33,33,33,33,1852478,0.97,1.78,1.78,1.78,1.78
2023-08-01,Hamburg,02,00+,21,34,34,34,34,1852478,1.13,1.84,1.84,1.84,1.84
2023-07-31,Hamburg,02,00+,29,38,38,38,38,1852478,1.57,2.05,2.05,2.05,2.05
2023-07-30,Hamburg,02,00+,29,38,38,38,38,1852478,1.57,2.05,2.05,2.05,2.05
2023-07-29,Hamburg,02,00+,29,38,38,38,38,1852478,1.57,2.05,2.05,2.05,2.05
2023-07-28,Hamburg,02,00+,18,32,32,32,32,1852478,0.97,1.73,1.73,1.73,1.73
2023-07-27,Hamburg,02,00+,14,18,18,18,18,1852478,0.76,0.97,0.97,0.97,0.97
2023-07-26,Hamburg,02,00+,8,17,17,17,17,1852478,0.43,0.92,0.92,0.92,0.92
2023-07-25,Hamburg,02,00+,5,13,13,13,13,1852478,0.27,0.7,0.7,0.7,0.7
2023-07-24,Hamburg,02,00+,3,7,7,7,7,1852478,0.16,0.38,0.38,0.38,0.38
2023-07-23,Hamburg,02,00+,3,7,7,7,7,1852478,0.16,0.38,0.38,0.38,0.38
2023-07-22,Hamburg,02,00+,3,7,7,7,7,1852478,0.16,0.38,0.38,0.38,0.38
2023-07-21,Hamburg,02,00+,8,10,10,10,10,1852478,0.43,0.54,0.54,0.54,0.54
2023-07-20,Hamburg,02,00+,8,9,9,9,9,1852478,0.43,0.49,0.49,0.49,0.49
2023-07-19,Hamburg,02,00+,8,9,9,9,9,1852478,0.43,0.49,0.49,0.49,0.49
2023-07-18,Hamburg,02,00+,11,12,12,12,12,1852478,0.59,0.65,0.65,0.65,0.65
2023-07-17,Hamburg,02,00+,4,10,10,10,10,1852478,0.22,0.54,0.54,0.54,0.54
2023-07-16,Hamburg,02,00+,4,10,10,10,10,1852478,0.22,0.54,0.54,0.54,0.54
2023-07-15,Hamburg,02,00+,4,10,10,10,10,1852478,0.22,0.54,0.54,0.54,0.54
2023-07-14,Hamburg,02,00+,5,6,6,6,6,1852478,0.27,0.32,0.32,0.32,0.32
2023-07-13,Hamburg,02,00+,6,7,7,7,7,1852478,0.32,0.38,0.38,0.38,0.38
2023-07-12,Hamburg,02,00+,7,10,10,10,10,1852478,0.38,0.54,0.54,0.54,0.54
2023-07-11,Hamburg,02,00+,9,9,9,9,9,1852478,0.49,0.49,0.49,0.49,0.49
2023-07-10,Hamburg,02,00+,11,11,11,11,11,1852478,0.59,0.59,0.59,0.59,0.59
2023-07-09,Hamburg,02,00+,11,11,11,11,11,1852478,0.59,0.59,0.59,0.59,0.59
2023-07-08,Hamburg,02,00+,11,11,11,11,11,1852478,0.59,0.59,0.59,0.59,0.59
2023-07-07,Hamburg,02,00+,11,12,12,12,12,1852478,0.59,0.65,0.65,0.65,0.65
2023-07-06,Hamburg,02,00+,9,12,12,12,12,1852478,0.49,0.65,0.65,0.65,0.65
2023-07-05,Hamburg,02,00+,12,13,13,13,13,1852478,0.65,0.7,0.7,0.7,0.7
2023-07-04,Hamburg,02,00+,13,15,15,15,15,1852478,0.7,0.81,0.81,0.81,0.81
2023-07-03,Hamburg,02,00+,14,16,16,16,16,1852478,0.76,0.86,0.86,0.86,0.86
2023-07-02,Hamburg,02,00+,14,16,16,16,16,1852478,0.76,0.86,0.86,0.86,0.86
2023-07-01,Hamburg,02,00+,15,17,17,17,17,1852478,0.81,0.92,0.92,0.92,0.92
2023-06-30,Hamburg,02,00+,16,17,17,17,17,1852478,0.86,0.92,0.92,0.92,0.92
2023-06-29,Hamburg,02,00+,16,18,18,18,18,1852478,0.86,0.97,0.97,0.97,0.97
2023-06-28,Hamburg,02,00+,12,15,15,15,15,1852478,0.65,0.81,0.81,0.81,0.81
2023-06-27,Hamburg,02,00+,13,15,15,15,15,1852478,0.7,0.81,0.81,0.81,0.81
2023-06-26,Hamburg,02,00+,11,15,15,15,15,1852478,0.59,0.81,0.81,0.81,0.81
2023-06-25,Hamburg,02,00+,11,15,15,15,15,1852478,0.59,0.81,0.81,0.81,0.81
2023-06-24,Hamburg,02,00+,11,14,14,14,14,1852478,0.59,0.76,0.76,0.76,0.76
2023-06-23,Hamburg,02,00+,11,14,14,14,14,1852478,0.59,0.76,0.76,0.76,0.76
2023-06-22,Hamburg,02,00+,12,16,16,16,16,1852478,0.65,0.86,0.86,0.86,0.86
2023-06-21,Hamburg,02,00+,12,19,19,19,19,1852478,0.65,1.03,1.03,1.03,1.03
2023-06-20,Hamburg,02,00+,13,22,22,22,22,1852478,0.7,1.19,1.19,1.19,1.19
2023-06-19,Hamburg,02,00+,21,31,31,31,31,1852478,1.13,1.67,1.67,1.67,1.67
2023-06-18,Hamburg,02,00+,23,33,33,33,33,1852478,1.24,1.78,1.78,1.78,1.78
2023-06-17,Hamburg,02,00+,23,33,33,33,33,1852478,1.24,1.78,1.78,1.78,1.78
2023-06-16,Hamburg,02,00+,24,41,41,41,41,1852478,1.3,2.21,2.21,2.21,2.21
2023-06-15,Hamburg,02,00+,30,44,44,44,44,1852478,1.62,2.38,2.38,2.38,2.38
2023-06-14,Hamburg,02,00+,27,44,44,44,44,1852478,1.46,2.38,2.38,2.38,2.38
2023-06-13,Hamburg,02,00+,19,42,42,42,42,1852478,1.03,2.27,2.27,2.27,2.27
2023-06-12,Hamburg,02,00+,20,39,39,39,39,1852478,1.08,2.11,2.11,2.11,2.11
2023-06-11,Hamburg,02,00+,20,37,37,37,37,1852478,1.08,2,2,2,2
2023-06-10,Hamburg,02,00+,20,37,37,37,37,1852478,1.08,2,2,2,2
2023-06-09,Hamburg,02,00+,19,35,35,35,35,1852478,1.03,1.89,1.89,1.89,1.89
2023-06-08,Hamburg,02,00+,20,31,31,31,31,1852478,1.08,1.67,1.67,1.67,1.67
2023-06-07,Hamburg,02,00+,20,33,33,33,33,1852478,1.08,1.78,1.78,1.78,1.78
2023-06-06,Hamburg,02,00+,31,46,46,46,46,1852478,1.67,2.48,2.48,2.48,2.48
2023-06-05,Hamburg,02,00+,17,35,35,35,35,1852478,0.92,1.89,1.89,1.89,1.89
2023-06-04,Hamburg,02,00+,17,35,35,35,35,1852478,0.92,1.89,1.89,1.89,1.89
2023-06-03,Hamburg,02,00+,17,35,35,35,35,1852478,0.92,1.89,1.89,1.89,1.89
2023-06-02,Hamburg,02,00+,22,37,37,37,37,1852478,1.19,2,2,2,2
2023-06-01,Hamburg,02,00+,25,41,41,41,41,1852478,1.35,2.21,2.21,2.21,2.21
2023-05-31,Hamburg,02,00+,35,53,53,53,53,1852478,1.89,2.86,2.86,2.86,2.86
2023-05-30,Hamburg,02,00+,19,48,48,48,48,1852478,1.03,2.59,2.59,2.59,2.59
2023-05-29,Hamburg,02,00+,34,64,64,64,64,1852478,1.84,3.45,3.45,3.45,3.45
2023-05-28,Hamburg,02,00+,34,64,64,64,64,1852478,1.84,3.45,3.45,3.45,3.45
2023-05-27,Hamburg,02,00+,34,64,64,64,64,1852478,1.84,3.45,3.45,3.45,3.45
2023-05-26,Hamburg,02,00+,36,62,62,62,62,1852478,1.94,3.35,3.35,3.35,3.35
2023-05-25,Hamburg,02,00+,28,55,55,55,55,1852478,1.51,2.97,2.97,2.97,2.97
2023-05-24,Hamburg,02,00+,27,47,47,47,47,1852478,1.46,2.54,2.54,2.54,2.54
2023-05-23,Hamburg,02,00+,25,45,45,45,45,1852478,1.35,2.43,2.43,2.43,2.43
2023-05-22,Hamburg,02,00+,30,42,42,42,42,1852478,1.62,2.27,2.27,2.27,2.27
2023-05-21,Hamburg,02,00+,34,46,46,46,46,1852478,1.84,2.48,2.48,2.48,2.48
2023-05-20,Hamburg,02,00+,34,46,46,46,46,1852478,1.84,2.48,2.48,2.48,2.48
2023-05-19,Hamburg,02,00+,48,61,61,61,61,1852478,2.59,3.29,3.29,3.29,3.29
2023-05-18,Hamburg,02,00+,64,80,80,80,80,1852478,3.45,4.32,4.32,4.32,4.32
2023-05-17,Hamburg,02,00+,61,90,90,90,90,1852478,3.29,4.86,4.86,4.86,4.86
2023-05-16,Hamburg,02,00+,75,102,102,102,102,1852478,4.05,5.51,5.51,5.51,5.51
2023-05-15,Hamburg,02,00+,78,114,114,114,114,1852478,4.21,6.15,6.15,6.15,6.15
2023-05-14,Hamburg,02,00+,81,113,113,113,113,1852478,4.37,6.1,6.1,6.1,6.1
2023-05-13,Hamburg,02,00+,81,114,114,114,114,1852478,4.37,6.15,6.15,6.15,6.15
2023-05-12,Hamburg,02,00+,65,99,99,99,99,1852478,3.51,5.34,5.34,5.34,5.34
2023-05-11,Hamburg,02,00+,59,95,95,95,95,1852478,3.18,5.13,5.13,5.13,5.13
2023-05-10,Hamburg,02,00+,62,86,86,86,86,1852478,3.35,4.64,4.64,4.64,4.64
2023-05-09,Hamburg,02,00+,71,92,92,92,92,1852478,3.83,4.97,4.97,4.97,4.97
2023-05-08,Hamburg,02,00+,34,67,67,67,67,1852478,1.84,3.62,3.62,3.62,3.62
2023-05-07,Hamburg,02,00+,34,64,64,64,64,1852478,1.84,3.45,3.45,3.45,3.45
2023-05-06,Hamburg,02,00+,34,63,63,63,63,1852478,1.84,3.4,3.4,3.4,3.4
2023-05-05,Hamburg,02,00+,42,66,66,66,66,1852478,2.27,3.56,3.56,3.56,3.56
2023-05-04,Hamburg,02,00+,40,64,64,64,64,1852478,2.16,3.45,3.45,3.45,3.45
2023-05-03,Hamburg,02,00+,42,67,67,67,67,1852478,2.27,3.62,3.62,3.62,3.62
2023-05-02,Hamburg,02,00+,43,57,57,57,57,1852478,2.32,3.08,3.08,3.08,3.08
2023-05-01,Hamburg,02,00+,60,74,74,74,74,1852478,3.24,3.99,3.99,3.99,3.99
2023-04-30,Hamburg,02,00+,71,87,87,87,87,1852478,3.83,4.7,4.7,4.7,4.7
2023-04-29,Hamburg,02,00+,73,89,89,89,89,1852478,3.94,4.8,4.8,4.8,4.8
2023-04-28,Hamburg,02,00+,70,90,90,90,90,1852478,3.78,4.86,4.86,4.86,4.86
2023-04-27,Hamburg,02,00+,72,90,90,90,90,1852478,3.89,4.86,4.86,4.86,4.86
2023-04-26,Hamburg,02,00+,62,90,90,90,90,1852478,3.35,4.86,4.86,4.86,4.86
2023-04-25,Hamburg,02,00+,77,98,98,98,98,1852478,4.16,5.29,5.29,5.29,5.29
2023-04-24,Hamburg,02,00+,63,107,107,107,107,1852478,3.4,5.78,5.78,5.78,5.78
2023-04-23,Hamburg,02,00+,70,101,101,101,101,1852478,3.78,5.45,5.45,5.45,5.45
2023-04-22,Hamburg,02,00+,70,100,100,100,100,1852478,3.78,5.4,5.4,5.4,5.4
2023-04-21,Hamburg,02,00+,94,115,115,115,115,1852478,5.07,6.21,6.21,6.21,6.21
2023-04-20,Hamburg,02,00+,107,129,129,129,129,1852478,5.78,6.96,6.96,6.96,6.96
2023-04-19,Hamburg,02,00+,109,135,135,135,135,1852478,5.88,7.29,7.29,7.29,7.29
2023-04-18,Hamburg,02,00+,103,156,156,156,156,1852478,5.56,8.42,8.42,8.42,8.42
2023-04-17,Hamburg,02,00+,82,135,135,135,135,1852478,4.43,7.29,7.29,7.29,7.29
2023-04-16,Hamburg,02,00+,82,128,128,128,128,1852478,4.43,6.91,6.91,6.91,6.91
2023-04-15,Hamburg,02,00+,83,129,129,129,129,1852478,4.48,6.96,6.96,6.96,6.96
2023-04-14,Hamburg,02,00+,60,103,103,103,103,1852478,3.24,5.56,5.56,5.56,5.56
2023-04-13,Hamburg,02,00+,44,88,88,88,88,1852478,2.38,4.75,4.75,4.75,4.75
2023-04-12,Hamburg,02,00+,39,91,91,91,91,1852478,2.11,4.91,4.91,4.91,4.91
2023-04-11,Hamburg,02,00+,36,62,62,62,62,1852478,1.94,3.35,3.35,3.35,3.35
2023-04-10,Hamburg,02,00+,57,85,85,85,85,1852478,3.08,4.59,4.59,4.59,4.59
2023-04-09,Hamburg,02,00+,73,96,96,96,96,1852478,3.94,5.18,5.18,5.18,5.18
2023-04-08,Hamburg,02,00+,77,98,98,98,98,1852478,4.16,5.29,5.29,5.29,5.29
2023-04-07,Hamburg,02,00+,100,121,121,121,121,1852478,5.4,6.53,6.53,6.53,6.53
2023-04-06,Hamburg,02,00+,92,126,126,126,126,1852478,4.97,6.8,6.8,6.8,6.8
2023-04-05,Hamburg,02,00+,112,136,136,136,136,1852478,6.05,7.34,7.34,7.34,7.34
2023-04-04,Hamburg,02,00+,104,146,146,146,146,1852478,5.61,7.88,7.88,7.88,7.88
2023-04-03,Hamburg,02,00+,114,178,178,178,178,1852478,6.15,9.61,9.61,9.61,9.61
2023-04-02,Hamburg,02,00+,115,170,170,170,170,1852478,6.21,9.18,9.18,9.18,9.18
2023-04-01,Hamburg,02,00+,116,167,167,167,167,1852478,6.26,9.01,9.01,9.01,9.01
2023-03-31,Hamburg,02,00+,125,175,175,175,175,1852478,6.75,9.45,9.45,9.45,9.45
2023-03-30,Hamburg,02,00+,110,181,181,181,181,1852478,5.94,9.77,9.77,9.77,9.77
2023-03-29,Hamburg,02,00+,101,187,187,187,187,1852478,5.45,10.09,10.09,10.09,10.09
2023-03-28,Hamburg,02,00+,94,203,203,203,203,1852478,5.07,10.96,10.96,10.96,10.96
2023-03-27,Hamburg,02,00+,117,228,228,228,228,1852478,6.32,12.31,12.31,12.31,12.31
2023-03-26,Hamburg,02,00+,119,227,227,227,227,1852478,6.42,12.25,12.25,12.25,12.25
2023-03-25,Hamburg,02,00+,122,230,230,230,230,1852478,6.59,12.42,12.42,12.42,12.42
2023-03-24,Hamburg,02,00+,113,221,221,221,221,1852478,6.1,11.93,11.93,11.93,11.93
2023-03-23,Hamburg,02,00+,108,233,233,233,233,1852478,5.83,12.58,12.58,12.58,12.58
2023-03-22,Hamburg,02,00+,104,222,222,222,222,1852478,5.61,11.98,11.98,11.98,11.98
2023-03-21,Hamburg,02,00+,114,217,217,217,217,1852478,6.15,11.71,11.71,11.71,11.71
2023-03-20,Hamburg,02,00+,116,184,184,184,184,1852478,6.26,9.93,9.93,9.93,9.93
2023-03-19,Hamburg,02,00+,117,184,184,184,184,1852478,6.32,9.93,9.93,9.93,9.93
2023-03-18,Hamburg,02,00+,120,184,184,184,184,1852478,6.48,9.93,9.93,9.93,9.93
2023-03-17,Hamburg,02,00+,115,178,178,178,178,1852478,6.21,9.61,9.61,9.61,9.61
2023-03-16,Hamburg,02,00+,87,156,156,156,156,1852478,4.7,8.42,8.42,8.42,8.42
2023-03-15,Hamburg,02,00+,68,144,144,144,144,1852478,3.67,7.77,7.77,7.77,7.77
2023-03-14,Hamburg,02,00+,61,128,128,128,128,1852478,3.29,6.91,6.91,6.91,6.91
2023-03-13,Hamburg,02,00+,60,104,104,104,104,1852478,3.24,5.61,5.61,5.61,5.61
2023-03-12,Hamburg,02,00+,60,102,102,102,102,1852478,3.24,5.51,5.51,5.51,5.51
2023-03-11,Hamburg,02,00+,62,100,100,100,100,1852478,3.35,5.4,5.4,5.4,5.4
2023-03-10,Hamburg,02,00+,34,89,89,89,89,1852478,1.84,4.8,4.8,4.8,4.8
2023-03-09,Hamburg,02,00+,50,96,96,96,96,1852478,2.7,5.18,5.18,5.18,5.18
2023-03-08,Hamburg,02,00+,38,89,89,89,89,1852478,2.05,4.8,4.8,4.8,4.8
2023-03-07,Hamburg,02,00+,53,88,88,88,88,1852478,2.86,4.75,4.75,4.75,4.75
2023-03-06,Hamburg,02,00+,73,95,95,95,95,1852478,3.94,5.13,5.13,5.13,5.13
2023-03-05,Hamburg,02,00+,75,97,97,97,97,1852478,4.05,5.24,5.24,5.24,5.24
2023-03-04,Hamburg,02,00+,77,98,98,98,98,1852478,4.16,5.29,5.29,5.29,5.29
2023-03-03,Hamburg,02,00+,90,119,119,119,119,1852478,4.86,6.42,6.42,6.42,6.42
2023-03-02,Hamburg,02,00+,80,117,117,117,117,1852478,4.32,6.32,6.32,6.32,6.32
2023-03-01,Hamburg,02,00+,50,123,123,123,123,1852478,2.7,6.64,6.64,6.64,6.64
2023-02-28,Hamburg,02,00+,57,121,121,121,121,1852478,3.08,6.53,6.53,6.53,6.53
2023-02-27,Hamburg,02,00+,54,111,111,111,111,1852478,2.92,5.99,5.99,5.99,5.99
2023-02-26,Hamburg,02,00+,56,111,111,111,111,1852478,3.02,5.99,5.99,5.99,5.99
2023-02-25,Hamburg,02,00+,59,111,111,111,111,1852478,3.18,5.99,5.99,5.99,5.99
2023-02-24,Hamburg,02,00+,51,95,95,95,95,1852478,2.75,5.13,5.13,5.13,5.13
2023-02-23,Hamburg,02,00+,52,93,93,93,93,1852478,2.81,5.02,5.02,5.02,5.02
2023-02-22,Hamburg,02,00+,45,100,100,100,100,1852478,2.43,5.4,5.4,5.4,5.4
2023-02-21,Hamburg,02,00+,50,99,99,99,99,1852478,2.7,5.34,5.34,5.34,5.34
2023-02-20,Hamburg,02,00+,51,98,98,98,98,1852478,2.75,5.29,5.29,5.29,5.29
2023-02-19,Hamburg,02,00+,53,102,102,102,102,1852478,2.86,5.51,5.51,5.51,5.51
2023-02-18,Hamburg,02,00+,54,101,101,101,101,1852478,2.92,5.45,5.45,5.45,5.45
2023-02-17,Hamburg,02,00+,52,98,98,98,98,1852478,2.81,5.29,5.29,5.29,5.29
2023-02-16,Hamburg,02,00+,35,85,85,85,85,1852478,1.89,4.59,4.59,4.59,4.59
2023-02-15,Hamburg,02,00+,43,78,78,78,78,1852478,2.32,4.21,4.21,4.21,4.21
2023-02-14,Hamburg,02,00+,35,67,67,67,67,1852478,1.89,3.62,3.62,3.62,3.62
2023-02-13,Hamburg,02,00+,35,64,64,64,64,1852478,1.89,3.45,3.45,3.45,3.45
2023-02-12,Hamburg,02,00+,35,58,58,58,58,1852478,1.89,3.13,3.13,3.13,3.13
2023-02-11,Hamburg,02,00+,36,57,57,57,57,1852478,1.94,3.08,3.08,3.08,3.08
2023-02-10,Hamburg,02,00+,40,57,57,57,57,1852478,2.16,3.08,3.08,3.08,3.08
2023-02-09,Hamburg,02,00+,37,57,57,57,57,1852478,2,3.08,3.08,3.08,3.08
2023-02-08,Hamburg,02,00+,32,46,46,46,46,1852478,1.73,2.48,2.48,2.48,2.48
2023-02-07,Hamburg,02,00+,13,46,46,46,46,1852478,0.7,2.48,2.48,2.48,2.48
2023-02-06,Hamburg,02,00+,35,49,49,49,49,1852478,1.89,2.65,2.65,2.65,2.65
2023-02-05,Hamburg,02,00+,38,52,52,52,52,1852478,2.05,2.81,2.81,2.81,2.81
2023-02-04,Hamburg,02,00+,39,52,52,52,52,1852478,2.11,2.81,2.81,2.81,2.81
2023-02-03,Hamburg,02,00+,42,53,53,53,53,1852478,2.27,2.86,2.86,2.86,2.86
2023-02-02,Hamburg,02,00+,43,59,59,59,59,1852478,2.32,3.18,3.18,3.18,3.18
2023-02-01,Hamburg,02,00+,46,63,63,63,63,1852478,2.48,3.4,3.4,3.4,3.4
2023-01-31,Hamburg,02,00+,31,62,62,62,62,1852478,1.67,3.35,3.35,3.35,3.35
2023-01-30,Hamburg,02,00+,25,57,57,57,57,1852478,1.35,3.08,3.08,3.08,3.08
2023-01-29,Hamburg,02,00+,25,54,54,54,54,1852478,1.35,2.92,2.92,2.92,2.92
2023-01-28,Hamburg,02,00+,27,55,55,55,55,1852478,1.46,2.97,2.97,2.97,2.97
2023-01-27,Hamburg,02,00+,29,54,54,54,54,1852478,1.57,2.92,2.92,2.92,2.92
2023-01-26,Hamburg,02,00+,32,55,55,55,55,1852478,1.73,2.97,2.97,2.97,2.97
2023-01-25,Hamburg,02,00+,21,50,50,50,50,1852478,1.13,2.7,2.7,2.7,2.7
2023-01-24,Hamburg,02,00+,24,51,51,51,51,1852478,1.3,2.75,2.75,2.75,2.75
2023-01-23,Hamburg,02,00+,30,54,54,54,54,1852478,1.62,2.92,2.92,2.92,2.92
2023-01-22,Hamburg,02,00+,31,57,57,57,57,1852478,1.67,3.08,3.08,3.08,3.08
2023-01-21,Hamburg,02,00+,31,55,55,55,55,1852478,1.67,2.97,2.97,2.97,2.97
2023-01-20,Hamburg,02,00+,44,68,68,68,68,1852478,2.38,3.67,3.67,3.67,3.67
2023-01-19,Hamburg,02,00+,33,67,67,67,67,1852478,1.78,3.62,3.62,3.62,3.62
2023-01-18,Hamburg,02,00+,43,82,82,82,82,1852478,2.32,4.43,4.43,4.43,4.43
2023-01-17,Hamburg,02,00+,49,96,96,96,96,1852478,2.65,5.18,5.18,5.18,5.18
2023-01-16,Hamburg,02,00+,61,117,117,117,117,1852478,3.29,6.32,6.32,6.32,6.32
2023-01-15,Hamburg,02,00+,62,115,115,115,115,1852478,3.35,6.21,6.21,6.21,6.21
2023-01-14,Hamburg,02,00+,64,117,117,117,117,1852478,3.45,6.32,6.32,6.32,6.32
2023-01-13,Hamburg,02,00+,63,116,116,116,116,1852478,3.4,6.26,6.26,6.26,6.26
2023-01-12,Hamburg,02,00+,66,141,141,141,141,1852478,3.56,7.61,7.61,7.61,7.61
2023-01-11,Hamburg,02,00+,108,184,184,184,184,1852478,5.83,9.93,9.93,9.93,9.93
2023-01-10,Hamburg,02,00+,99,191,191,191,191,1852478,5.34,10.31,10.31,10.31,10.31
2023-01-09,Hamburg,02,00+,81,179,179,179,179,1852478,4.37,9.66,9.66,9.66,9.66
2023-01-08,Hamburg,02,00+,82,179,179,179,179,1852478,4.43,9.66,9.66,9.66,9.66
2023-01-07,Hamburg,02,00+,86,0,0,0,0,1852478,4.64,0,0,0,0
2023-01-06,Hamburg,02,00+,87,0,0,0,0,1852478,4.7,0,0,0,0
2023-01-05,Hamburg,02,00+,103,0,0,0,0,1852478,5.56,0,0,0,0
2023-01-04,Hamburg,02,00+,114,0,0,0,0,1852478,6.15,0,0,0,0
2023-01-03,Hamburg,02,00+,107,0,0,0,0,1852478,5.78,0,0,0,0
2023-01-02,Hamburg,02,00+,83,0,0,0,0,1852478,4.48,0,0,0,0
2023-12-23,Niedersachsen,03,00+,662,662,NA,NA,NA,8003421,8.27,8.27,NA,NA,NA
2023-12-22,Niedersachsen,03,00+,642,742,NA,NA,NA,8003421,8.02,9.27,NA,NA,NA
2023-12-21,Niedersachsen,03,00+,656,791,NA,NA,NA,8003421,8.2,9.88,NA,NA,NA
2023-12-20,Niedersachsen,03,00+,644,786,877,864,900,8003421,8.05,9.82,10.97,10.8,11.25
2023-12-19,Niedersachsen,03,00+,599,816,896,883,917,8003421,7.48,10.2,11.2,11.04,11.46
2023-12-18,Niedersachsen,03,00+,700,903,976,962,996,8003421,8.75,11.28,12.2,12.02,12.45
2023-12-17,Niedersachsen,03,00+,721,903,975,961,994,8003421,9.01,11.28,12.18,12.01,12.43
2023-12-16,Niedersachsen,03,00+,754,906,976,962,996,8003421,9.42,11.32,12.2,12.03,12.45
2023-12-15,Niedersachsen,03,00+,733,934,998,984,1018,8003421,9.16,11.67,12.47,12.3,12.72
2023-12-14,Niedersachsen,03,00+,711,913,968,956,986,8003421,8.88,11.41,12.1,11.96,12.33
2023-12-13,Niedersachsen,03,00+,664,892,940,929,957,8003421,8.3,11.15,11.75,11.61,11.96
2023-12-12,Niedersachsen,03,00+,519,875,915,905,930,8003421,6.48,10.93,11.44,11.32,11.63
2023-12-11,Niedersachsen,03,00+,547,801,828,821,841,8003421,6.83,10.01,10.36,10.26,10.52
2023-12-10,Niedersachsen,03,00+,553,788,814,807,827,8003421,6.91,9.85,10.18,10.09,10.34
2023-12-09,Niedersachsen,03,00+,566,766,791,784,803,8003421,7.07,9.57,9.89,9.8,10.04
2023-12-08,Niedersachsen,03,00+,532,742,763,757,774,8003421,6.65,9.27,9.54,9.46,9.68
2023-12-07,Niedersachsen,03,00+,487,713,731,725,742,8003421,6.08,8.91,9.14,9.07,9.27
2023-12-06,Niedersachsen,03,00+,487,720,736,731,746,8003421,6.08,9,9.21,9.14,9.33
2023-12-05,Niedersachsen,03,00+,485,716,730,725,739,8003421,6.06,8.95,9.13,9.06,9.25
2023-12-04,Niedersachsen,03,00+,552,740,752,747,761,8003421,6.9,9.25,9.4,9.34,9.51
2023-12-03,Niedersachsen,03,00+,565,743,754,750,764,8003421,7.06,9.28,9.43,9.37,9.55
2023-12-02,Niedersachsen,03,00+,576,741,752,748,761,8003421,7.2,9.26,9.41,9.35,9.52
2023-12-01,Niedersachsen,03,00+,560,710,720,716,728,8003421,7,8.87,9,8.95,9.1
2023-11-30,Niedersachsen,03,00+,541,713,722,718,730,8003421,6.76,8.91,9.03,8.98,9.12
2023-11-29,Niedersachsen,03,00+,447,683,691,687,697,8003421,5.59,8.53,8.64,8.59,8.72
2023-11-28,Niedersachsen,03,00+,466,698,705,702,711,8003421,5.82,8.72,8.81,8.77,8.89
2023-11-27,Niedersachsen,03,00+,574,732,737,735,741,8003421,7.17,9.15,9.21,9.19,9.26
2023-11-26,Niedersachsen,03,00+,577,723,728,726,731,8003421,7.21,9.03,9.1,9.07,9.14
2023-11-25,Niedersachsen,03,00+,592,728,733,731,736,8003421,7.4,9.1,9.16,9.14,9.2
2023-11-24,Niedersachsen,03,00+,565,737,741,739,744,8003421,7.06,9.21,9.27,9.25,9.3
2023-11-23,Niedersachsen,03,00+,523,732,736,734,738,8003421,6.53,9.15,9.2,9.18,9.23
2023-11-22,Niedersachsen,03,00+,494,733,736,735,738,8003421,6.17,9.16,9.2,9.19,9.22
2023-11-21,Niedersachsen,03,00+,407,674,676,675,677,8003421,5.09,8.42,8.45,8.44,8.46
2023-11-20,Niedersachsen,03,00+,415,553,553,553,554,8003421,5.19,6.91,6.92,6.92,6.93
2023-11-19,Niedersachsen,03,00+,424,562,562,562,563,8003421,5.3,7.02,7.03,7.03,7.04
2023-11-18,Niedersachsen,03,00+,438,562,562,562,563,8003421,5.47,7.02,7.03,7.03,7.04
2023-11-17,Niedersachsen,03,00+,377,542,542,542,542,8003421,4.71,6.77,6.78,6.78,6.78
2023-11-16,Niedersachsen,03,00+,369,530,530,530,530,8003421,4.61,6.62,6.63,6.63,6.63
2023-11-15,Niedersachsen,03,00+,352,541,541,541,541,8003421,4.4,6.76,6.76,6.76,6.76
2023-11-14,Niedersachsen,03,00+,282,507,507,507,507,8003421,3.52,6.33,6.34,6.34,6.34
2023-11-13,Niedersachsen,03,00+,340,510,510,510,510,8003421,4.25,6.37,6.37,6.37,6.37
2023-11-12,Niedersachsen,03,00+,351,510,510,510,510,8003421,4.39,6.37,6.37,6.37,6.37
2023-11-11,Niedersachsen,03,00+,360,502,502,502,502,8003421,4.5,6.27,6.27,6.27,6.27
2023-11-10,Niedersachsen,03,00+,323,485,485,485,485,8003421,4.04,6.06,6.06,6.06,6.06
2023-11-09,Niedersachsen,03,00+,320,514,514,514,514,8003421,4,6.42,6.42,6.42,6.42
2023-11-08,Niedersachsen,03,00+,404,584,584,584,584,8003421,5.05,7.3,7.3,7.3,7.3
2023-11-07,Niedersachsen,03,00+,298,521,521,521,521,8003421,3.72,6.51,6.51,6.51,6.51
2023-11-06,Niedersachsen,03,00+,330,512,512,512,512,8003421,4.12,6.4,6.4,6.4,6.4
2023-11-05,Niedersachsen,03,00+,336,507,507,507,507,8003421,4.2,6.33,6.33,6.33,6.33
2023-11-04,Niedersachsen,03,00+,343,509,509,509,509,8003421,4.29,6.36,6.36,6.36,6.36
2023-11-03,Niedersachsen,03,00+,311,525,525,525,525,8003421,3.89,6.56,6.56,6.56,6.56
2023-11-02,Niedersachsen,03,00+,270,503,503,503,503,8003421,3.37,6.28,6.28,6.28,6.28
2023-11-01,Niedersachsen,03,00+,247,422,422,422,422,8003421,3.09,5.27,5.27,5.27,5.27
2023-10-31,Niedersachsen,03,00+,303,487,487,487,487,8003421,3.79,6.08,6.08,6.08,6.08
2023-10-30,Niedersachsen,03,00+,321,475,475,475,475,8003421,4.01,5.93,5.93,5.93,5.93
2023-10-29,Niedersachsen,03,00+,325,474,474,474,474,8003421,4.06,5.92,5.92,5.92,5.92
2023-10-28,Niedersachsen,03,00+,326,464,464,464,464,8003421,4.07,5.8,5.8,5.8,5.8
2023-10-27,Niedersachsen,03,00+,274,436,436,436,436,8003421,3.42,5.45,5.45,5.45,5.45
2023-10-26,Niedersachsen,03,00+,238,388,388,388,388,8003421,2.97,4.85,4.85,4.85,4.85
2023-10-25,Niedersachsen,03,00+,181,330,330,330,330,8003421,2.26,4.12,4.12,4.12,4.12
2023-10-24,Niedersachsen,03,00+,144,298,298,298,298,8003421,1.8,3.72,3.72,3.72,3.72
2023-10-23,Niedersachsen,03,00+,150,231,231,231,231,8003421,1.87,2.89,2.89,2.89,2.89
2023-10-22,Niedersachsen,03,00+,154,228,228,228,228,8003421,1.92,2.85,2.85,2.85,2.85
2023-10-21,Niedersachsen,03,00+,158,234,234,234,234,8003421,1.97,2.92,2.92,2.92,2.92
2023-10-20,Niedersachsen,03,00+,161,228,228,228,228,8003421,2.01,2.85,2.85,2.85,2.85
2023-10-19,Niedersachsen,03,00+,139,223,223,223,223,8003421,1.74,2.79,2.79,2.79,2.79
2023-10-18,Niedersachsen,03,00+,130,210,210,210,210,8003421,1.62,2.62,2.62,2.62,2.62
2023-10-17,Niedersachsen,03,00+,119,196,196,196,196,8003421,1.49,2.45,2.45,2.45,2.45
2023-10-16,Niedersachsen,03,00+,145,203,203,203,203,8003421,1.81,2.54,2.54,2.54,2.54
2023-10-15,Niedersachsen,03,00+,152,207,207,207,207,8003421,1.9,2.59,2.59,2.59,2.59
2023-10-14,Niedersachsen,03,00+,158,206,206,206,206,8003421,1.97,2.57,2.57,2.57,2.57
2023-10-13,Niedersachsen,03,00+,144,198,198,198,198,8003421,1.8,2.47,2.47,2.47,2.47
2023-10-12,Niedersachsen,03,00+,149,206,206,206,206,8003421,1.86,2.57,2.57,2.57,2.57
2023-10-11,Niedersachsen,03,00+,155,225,225,225,225,8003421,1.94,2.81,2.81,2.81,2.81
2023-10-10,Niedersachsen,03,00+,113,203,203,203,203,8003421,1.41,2.54,2.54,2.54,2.54
2023-10-09,Niedersachsen,03,00+,116,187,187,187,187,8003421,1.45,2.34,2.34,2.34,2.34
2023-10-08,Niedersachsen,03,00+,116,181,181,181,181,8003421,1.45,2.26,2.26,2.26,2.26
2023-10-07,Niedersachsen,03,00+,119,178,178,178,178,8003421,1.49,2.22,2.22,2.22,2.22
2023-10-06,Niedersachsen,03,00+,94,162,162,162,162,8003421,1.17,2.02,2.02,2.02,2.02
2023-10-05,Niedersachsen,03,00+,76,138,138,138,138,8003421,0.95,1.72,1.72,1.72,1.72
2023-10-04,Niedersachsen,03,00+,47,115,115,115,115,8003421,0.59,1.44,1.44,1.44,1.44
2023-10-03,Niedersachsen,03,00+,67,134,134,134,134,8003421,0.84,1.67,1.67,1.67,1.67
2023-10-02,Niedersachsen,03,00+,84,126,126,126,126,8003421,1.05,1.57,1.57,1.57,1.57
2023-10-01,Niedersachsen,03,00+,85,125,125,125,125,8003421,1.06,1.56,1.56,1.56,1.56
2023-09-30,Niedersachsen,03,00+,87,125,125,125,125,8003421,1.09,1.56,1.56,1.56,1.56
2023-09-29,Niedersachsen,03,00+,87,132,132,132,132,8003421,1.09,1.65,1.65,1.65,1.65
2023-09-28,Niedersachsen,03,00+,84,139,139,139,139,8003421,1.05,1.74,1.74,1.74,1.74
2023-09-27,Niedersachsen,03,00+,87,143,143,143,143,8003421,1.09,1.79,1.79,1.79,1.79
2023-09-26,Niedersachsen,03,00+,78,144,144,144,144,8003421,0.97,1.8,1.8,1.8,1.8
2023-09-25,Niedersachsen,03,00+,92,144,144,144,144,8003421,1.15,1.8,1.8,1.8,1.8
2023-09-24,Niedersachsen,03,00+,97,149,149,149,149,8003421,1.21,1.86,1.86,1.86,1.86
2023-09-23,Niedersachsen,03,00+,104,154,154,154,154,8003421,1.3,1.92,1.92,1.92,1.92
2023-09-22,Niedersachsen,03,00+,103,156,156,156,156,8003421,1.29,1.95,1.95,1.95,1.95
2023-09-21,Niedersachsen,03,00+,83,147,147,147,147,8003421,1.04,1.84,1.84,1.84,1.84
2023-09-20,Niedersachsen,03,00+,72,138,138,138,138,8003421,0.9,1.72,1.72,1.72,1.72
2023-09-19,Niedersachsen,03,00+,57,138,138,138,138,8003421,0.71,1.72,1.72,1.72,1.72
2023-09-18,Niedersachsen,03,00+,75,138,138,138,138,8003421,0.94,1.72,1.72,1.72,1.72
2023-09-17,Niedersachsen,03,00+,79,137,137,137,137,8003421,0.99,1.71,1.71,1.71,1.71
2023-09-16,Niedersachsen,03,00+,81,131,131,131,131,8003421,1.01,1.64,1.64,1.64,1.64
2023-09-15,Niedersachsen,03,00+,88,141,141,141,141,8003421,1.1,1.76,1.76,1.76,1.76
2023-09-14,Niedersachsen,03,00+,111,165,165,165,165,8003421,1.39,2.06,2.06,2.06,2.06
2023-09-13,Niedersachsen,03,00+,103,171,171,171,171,8003421,1.29,2.14,2.14,2.14,2.14
2023-09-12,Niedersachsen,03,00+,81,164,164,164,164,8003421,1.01,2.05,2.05,2.05,2.05
2023-09-11,Niedersachsen,03,00+,88,157,157,157,157,8003421,1.1,1.96,1.96,1.96,1.96
2023-09-10,Niedersachsen,03,00+,94,158,158,158,158,8003421,1.17,1.97,1.97,1.97,1.97
2023-09-09,Niedersachsen,03,00+,99,162,162,162,162,8003421,1.24,2.02,2.02,2.02,2.02
2023-09-08,Niedersachsen,03,00+,81,148,148,148,148,8003421,1.01,1.85,1.85,1.85,1.85
2023-09-07,Niedersachsen,03,00+,68,124,124,124,124,8003421,0.85,1.55,1.55,1.55,1.55
2023-09-06,Niedersachsen,03,00+,71,129,129,129,129,8003421,0.89,1.61,1.61,1.61,1.61
2023-09-05,Niedersachsen,03,00+,59,134,134,134,134,8003421,0.74,1.67,1.67,1.67,1.67
2023-09-04,Niedersachsen,03,00+,72,118,118,118,118,8003421,0.9,1.47,1.47,1.47,1.47
2023-09-03,Niedersachsen,03,00+,75,115,115,115,115,8003421,0.94,1.44,1.44,1.44,1.44
2023-09-02,Niedersachsen,03,00+,77,112,112,112,112,8003421,0.96,1.4,1.4,1.4,1.4
2023-09-01,Niedersachsen,03,00+,92,126,126,126,126,8003421,1.15,1.57,1.57,1.57,1.57
2023-08-31,Niedersachsen,03,00+,79,123,123,123,123,8003421,0.99,1.54,1.54,1.54,1.54
2023-08-30,Niedersachsen,03,00+,68,117,117,117,117,8003421,0.85,1.46,1.46,1.46,1.46
2023-08-29,Niedersachsen,03,00+,86,125,125,125,125,8003421,1.07,1.56,1.56,1.56,1.56
2023-08-28,Niedersachsen,03,00+,0,134,134,134,134,8003421,0,1.67,1.67,1.67,1.67
2023-08-27,Niedersachsen,03,00+,0,134,134,134,134,8003421,0,1.67,1.67,1.67,1.67
2023-08-26,Niedersachsen,03,00+,0,134,134,134,134,8003421,0,1.67,1.67,1.67,1.67
2023-08-25,Niedersachsen,03,00+,0,114,114,114,114,8003421,0,1.42,1.42,1.42,1.42
2023-08-24,Niedersachsen,03,00+,70,109,109,109,109,8003421,0.87,1.36,1.36,1.36,1.36
2023-08-23,Niedersachsen,03,00+,45,100,100,100,100,8003421,0.56,1.25,1.25,1.25,1.25
2023-08-22,Niedersachsen,03,00+,43,82,82,82,82,8003421,0.54,1.02,1.02,1.02,1.02
2023-08-21,Niedersachsen,03,00+,40,65,65,65,65,8003421,0.5,0.81,0.81,0.81,0.81
2023-08-20,Niedersachsen,03,00+,41,64,64,64,64,8003421,0.51,0.8,0.8,0.8,0.8
2023-08-19,Niedersachsen,03,00+,43,63,63,63,63,8003421,0.54,0.79,0.79,0.79,0.79
2023-08-18,Niedersachsen,03,00+,39,60,60,60,60,8003421,0.49,0.75,0.75,0.75,0.75
2023-08-17,Niedersachsen,03,00+,35,60,60,60,60,8003421,0.44,0.75,0.75,0.75,0.75
2023-08-16,Niedersachsen,03,00+,33,60,60,60,60,8003421,0.41,0.75,0.75,0.75,0.75
2023-08-15,Niedersachsen,03,00+,33,60,60,60,60,8003421,0.41,0.75,0.75,0.75,0.75
2023-08-14,Niedersachsen,03,00+,43,57,57,57,57,8003421,0.54,0.71,0.71,0.71,0.71
2023-08-13,Niedersachsen,03,00+,44,56,56,56,56,8003421,0.55,0.7,0.7,0.7,0.7
2023-08-12,Niedersachsen,03,00+,46,56,56,56,56,8003421,0.57,0.7,0.7,0.7,0.7
2023-08-11,Niedersachsen,03,00+,36,54,54,54,54,8003421,0.45,0.67,0.67,0.67,0.67
2023-08-10,Niedersachsen,03,00+,30,48,48,48,48,8003421,0.37,0.6,0.6,0.6,0.6
2023-08-09,Niedersachsen,03,00+,21,43,43,43,43,8003421,0.26,0.54,0.54,0.54,0.54
2023-08-08,Niedersachsen,03,00+,26,43,43,43,43,8003421,0.32,0.54,0.54,0.54,0.54
2023-08-07,Niedersachsen,03,00+,30,45,45,45,45,8003421,0.37,0.56,0.56,0.56,0.56
2023-08-06,Niedersachsen,03,00+,33,46,46,46,46,8003421,0.41,0.57,0.57,0.57,0.57
2023-08-05,Niedersachsen,03,00+,39,50,50,50,50,8003421,0.49,0.62,0.62,0.62,0.62
2023-08-04,Niedersachsen,03,00+,29,44,44,44,44,8003421,0.36,0.55,0.55,0.55,0.55
2023-08-03,Niedersachsen,03,00+,23,43,43,43,43,8003421,0.29,0.54,0.54,0.54,0.54
2023-08-02,Niedersachsen,03,00+,10,38,38,38,38,8003421,0.12,0.47,0.47,0.47,0.47
2023-08-01,Niedersachsen,03,00+,12,32,32,32,32,8003421,0.15,0.4,0.4,0.4,0.4
2023-07-31,Niedersachsen,03,00+,13,23,23,23,23,8003421,0.16,0.29,0.29,0.29,0.29
2023-07-30,Niedersachsen,03,00+,13,21,21,21,21,8003421,0.16,0.26,0.26,0.26,0.26
2023-07-29,Niedersachsen,03,00+,14,17,17,17,17,8003421,0.17,0.21,0.21,0.21,0.21
2023-07-28,Niedersachsen,03,00+,14,20,20,20,20,8003421,0.17,0.25,0.25,0.25,0.25
2023-07-27,Niedersachsen,03,00+,15,23,23,23,23,8003421,0.19,0.29,0.29,0.29,0.29
2023-07-26,Niedersachsen,03,00+,11,23,23,23,23,8003421,0.14,0.29,0.29,0.29,0.29
2023-07-25,Niedersachsen,03,00+,10,19,19,19,19,8003421,0.12,0.24,0.24,0.24,0.24
2023-07-24,Niedersachsen,03,00+,11,18,18,18,18,8003421,0.14,0.22,0.22,0.22,0.22
2023-07-23,Niedersachsen,03,00+,11,18,18,18,18,8003421,0.14,0.22,0.22,0.22,0.22
2023-07-22,Niedersachsen,03,00+,12,17,17,17,17,8003421,0.15,0.21,0.21,0.21,0.21
2023-07-21,Niedersachsen,03,00+,13,19,19,19,19,8003421,0.16,0.24,0.24,0.24,0.24
2023-07-20,Niedersachsen,03,00+,11,16,16,16,16,8003421,0.14,0.2,0.2,0.2,0.2
2023-07-19,Niedersachsen,03,00+,14,18,18,18,18,8003421,0.17,0.22,0.22,0.22,0.22
2023-07-18,Niedersachsen,03,00+,15,21,21,21,21,8003421,0.19,0.26,0.26,0.26,0.26
2023-07-17,Niedersachsen,03,00+,18,23,23,23,23,8003421,0.22,0.29,0.29,0.29,0.29
2023-07-16,Niedersachsen,03,00+,18,23,23,23,23,8003421,0.22,0.29,0.29,0.29,0.29
2023-07-15,Niedersachsen,03,00+,18,22,22,22,22,8003421,0.22,0.27,0.27,0.27,0.27
2023-07-14,Niedersachsen,03,00+,10,17,17,17,17,8003421,0.12,0.21,0.21,0.21,0.21
2023-07-13,Niedersachsen,03,00+,10,17,17,17,17,8003421,0.12,0.21,0.21,0.21,0.21
2023-07-12,Niedersachsen,03,00+,12,20,20,20,20,8003421,0.15,0.25,0.25,0.25,0.25
2023-07-11,Niedersachsen,03,00+,10,18,18,18,18,8003421,0.12,0.22,0.22,0.22,0.22
2023-07-10,Niedersachsen,03,00+,12,16,16,16,16,8003421,0.15,0.2,0.2,0.2,0.2
2023-07-09,Niedersachsen,03,00+,12,16,16,16,16,8003421,0.15,0.2,0.2,0.2,0.2
2023-07-08,Niedersachsen,03,00+,12,16,16,16,16,8003421,0.15,0.2,0.2,0.2,0.2
2023-07-07,Niedersachsen,03,00+,13,19,19,19,19,8003421,0.16,0.24,0.24,0.24,0.24
2023-07-06,Niedersachsen,03,00+,12,21,21,21,21,8003421,0.15,0.26,0.26,0.26,0.26
2023-07-05,Niedersachsen,03,00+,14,20,20,20,20,8003421,0.17,0.25,0.25,0.25,0.25
2023-07-04,Niedersachsen,03,00+,15,22,22,22,22,8003421,0.19,0.27,0.27,0.27,0.27
2023-07-03,Niedersachsen,03,00+,18,23,23,23,23,8003421,0.22,0.29,0.29,0.29,0.29
2023-07-02,Niedersachsen,03,00+,18,24,24,24,24,8003421,0.22,0.3,0.3,0.3,0.3
2023-07-01,Niedersachsen,03,00+,18,24,24,24,24,8003421,0.22,0.3,0.3,0.3,0.3
2023-06-30,Niedersachsen,03,00+,17,23,23,23,23,8003421,0.21,0.29,0.29,0.29,0.29
2023-06-29,Niedersachsen,03,00+,16,22,22,22,22,8003421,0.2,0.27,0.27,0.27,0.27
2023-06-28,Niedersachsen,03,00+,15,24,24,24,24,8003421,0.19,0.3,0.3,0.3,0.3
2023-06-27,Niedersachsen,03,00+,17,25,25,25,25,8003421,0.21,0.31,0.31,0.31,0.31
2023-06-26,Niedersachsen,03,00+,15,27,27,27,27,8003421,0.19,0.34,0.34,0.34,0.34
2023-06-25,Niedersachsen,03,00+,15,26,26,26,26,8003421,0.19,0.32,0.32,0.32,0.32
2023-06-24,Niedersachsen,03,00+,15,26,26,26,26,8003421,0.19,0.32,0.32,0.32,0.32
2023-06-23,Niedersachsen,03,00+,16,28,28,28,28,8003421,0.2,0.35,0.35,0.35,0.35
2023-06-22,Niedersachsen,03,00+,22,33,33,33,33,8003421,0.27,0.41,0.41,0.41,0.41
2023-06-21,Niedersachsen,03,00+,19,30,30,30,30,8003421,0.24,0.37,0.37,0.37,0.37
2023-06-20,Niedersachsen,03,00+,17,29,29,29,29,8003421,0.21,0.36,0.36,0.36,0.36
2023-06-19,Niedersachsen,03,00+,24,36,36,36,36,8003421,0.3,0.45,0.45,0.45,0.45
2023-06-18,Niedersachsen,03,00+,25,40,40,40,40,8003421,0.31,0.5,0.5,0.5,0.5
2023-06-17,Niedersachsen,03,00+,25,40,40,40,40,8003421,0.31,0.5,0.5,0.5,0.5
2023-06-16,Niedersachsen,03,00+,22,41,41,41,41,8003421,0.27,0.51,0.51,0.51,0.51
2023-06-15,Niedersachsen,03,00+,21,36,36,36,36,8003421,0.26,0.45,0.45,0.45,0.45
2023-06-14,Niedersachsen,03,00+,25,42,42,42,42,8003421,0.31,0.52,0.52,0.52,0.52
2023-06-13,Niedersachsen,03,00+,34,58,58,58,58,8003421,0.42,0.72,0.72,0.72,0.72
2023-06-12,Niedersachsen,03,00+,55,77,77,77,77,8003421,0.69,0.96,0.96,0.96,0.96
2023-06-11,Niedersachsen,03,00+,56,74,74,74,74,8003421,0.7,0.92,0.92,0.92,0.92
2023-06-10,Niedersachsen,03,00+,58,76,76,76,76,8003421,0.72,0.95,0.95,0.95,0.95
2023-06-09,Niedersachsen,03,00+,55,76,76,76,76,8003421,0.69,0.95,0.95,0.95,0.95
2023-06-08,Niedersachsen,03,00+,51,82,82,82,82,8003421,0.64,1.02,1.02,1.02,1.02
2023-06-07,Niedersachsen,03,00+,39,81,81,81,81,8003421,0.49,1.01,1.01,1.01,1.01
2023-06-06,Niedersachsen,03,00+,42,87,87,87,87,8003421,0.52,1.09,1.09,1.09,1.09
2023-06-05,Niedersachsen,03,00+,34,55,55,55,55,8003421,0.42,0.69,0.69,0.69,0.69
2023-06-04,Niedersachsen,03,00+,35,56,56,56,56,8003421,0.44,0.7,0.7,0.7,0.7
2023-06-03,Niedersachsen,03,00+,38,57,57,57,57,8003421,0.47,0.71,0.71,0.71,0.71
2023-06-02,Niedersachsen,03,00+,44,69,69,69,69,8003421,0.55,0.86,0.86,0.86,0.86
2023-06-01,Niedersachsen,03,00+,42,68,68,68,68,8003421,0.52,0.85,0.85,0.85,0.85
2023-05-31,Niedersachsen,03,00+,37,71,71,71,71,8003421,0.46,0.89,0.89,0.89,0.89
2023-05-30,Niedersachsen,03,00+,36,65,65,65,65,8003421,0.45,0.81,0.81,0.81,0.81
2023-05-29,Niedersachsen,03,00+,91,124,124,124,124,8003421,1.14,1.55,1.55,1.55,1.55
2023-05-28,Niedersachsen,03,00+,91,122,122,122,122,8003421,1.14,1.52,1.52,1.52,1.52
2023-05-27,Niedersachsen,03,00+,96,125,125,125,125,8003421,1.2,1.56,1.56,1.56,1.56
2023-05-26,Niedersachsen,03,00+,102,132,132,132,132,8003421,1.27,1.65,1.65,1.65,1.65
2023-05-25,Niedersachsen,03,00+,86,124,124,124,124,8003421,1.07,1.55,1.55,1.55,1.55
2023-05-24,Niedersachsen,03,00+,91,137,137,137,137,8003421,1.14,1.71,1.71,1.71,1.71
2023-05-23,Niedersachsen,03,00+,55,144,144,144,144,8003421,0.69,1.8,1.8,1.8,1.8
2023-05-22,Niedersachsen,03,00+,96,135,135,135,135,8003421,1.2,1.69,1.69,1.69,1.69
2023-05-21,Niedersachsen,03,00+,98,137,137,137,137,8003421,1.22,1.71,1.71,1.71,1.71
2023-05-20,Niedersachsen,03,00+,104,139,139,139,139,8003421,1.3,1.74,1.74,1.74,1.74
2023-05-19,Niedersachsen,03,00+,106,144,144,144,144,8003421,1.32,1.8,1.8,1.8,1.8
2023-05-18,Niedersachsen,03,00+,124,162,162,162,162,8003421,1.55,2.02,2.02,2.02,2.02
2023-05-17,Niedersachsen,03,00+,129,175,175,175,175,8003421,1.61,2.19,2.19,2.19,2.19
2023-05-16,Niedersachsen,03,00+,127,191,191,191,191,8003421,1.59,2.39,2.39,2.39,2.39
2023-05-15,Niedersachsen,03,00+,145,199,199,199,199,8003421,1.81,2.49,2.49,2.49,2.49
2023-05-14,Niedersachsen,03,00+,151,203,203,203,203,8003421,1.89,2.54,2.54,2.54,2.54
2023-05-13,Niedersachsen,03,00+,157,201,201,201,201,8003421,1.96,2.51,2.51,2.51,2.51
2023-05-12,Niedersachsen,03,00+,150,205,205,205,205,8003421,1.87,2.56,2.56,2.56,2.56
2023-05-11,Niedersachsen,03,00+,133,223,223,223,223,8003421,1.66,2.79,2.79,2.79,2.79
2023-05-10,Niedersachsen,03,00+,125,216,216,216,216,8003421,1.56,2.7,2.7,2.7,2.7
2023-05-09,Niedersachsen,03,00+,168,282,282,282,282,8003421,2.1,3.52,3.52,3.52,3.52
2023-05-08,Niedersachsen,03,00+,136,230,230,230,230,8003421,1.7,2.87,2.87,2.87,2.87
2023-05-07,Niedersachsen,03,00+,141,229,229,229,229,8003421,1.76,2.86,2.86,2.86,2.86
2023-05-06,Niedersachsen,03,00+,147,229,229,229,229,8003421,1.84,2.86,2.86,2.86,2.86
2023-05-05,Niedersachsen,03,00+,132,219,219,219,219,8003421,1.65,2.74,2.74,2.74,2.74
2023-05-04,Niedersachsen,03,00+,116,208,208,208,208,8003421,1.45,2.6,2.6,2.6,2.6
2023-05-03,Niedersachsen,03,00+,70,202,202,202,202,8003421,0.87,2.52,2.52,2.52,2.52
2023-05-02,Niedersachsen,03,00+,83,135,135,135,135,8003421,1.04,1.69,1.69,1.69,1.69
2023-05-01,Niedersachsen,03,00+,140,195,195,195,195,8003421,1.75,2.44,2.44,2.44,2.44
2023-04-30,Niedersachsen,03,00+,148,200,200,200,200,8003421,1.85,2.5,2.5,2.5,2.5
2023-04-29,Niedersachsen,03,00+,155,201,201,201,201,8003421,1.94,2.51,2.51,2.51,2.51
2023-04-28,Niedersachsen,03,00+,167,214,214,214,214,8003421,2.09,2.67,2.67,2.67,2.67
2023-04-27,Niedersachsen,03,00+,157,228,228,228,228,8003421,1.96,2.85,2.85,2.85,2.85
2023-04-26,Niedersachsen,03,00+,149,245,245,245,245,8003421,1.86,3.06,3.06,3.06,3.06
2023-04-25,Niedersachsen,03,00+,143,264,264,264,264,8003421,1.79,3.3,3.3,3.3,3.3
2023-04-24,Niedersachsen,03,00+,203,290,290,290,290,8003421,2.54,3.62,3.62,3.62,3.62
2023-04-23,Niedersachsen,03,00+,213,292,292,292,292,8003421,2.66,3.65,3.65,3.65,3.65
2023-04-22,Niedersachsen,03,00+,218,291,291,291,291,8003421,2.72,3.64,3.64,3.64,3.64
2023-04-21,Niedersachsen,03,00+,202,299,299,299,299,8003421,2.52,3.74,3.74,3.74,3.74
2023-04-20,Niedersachsen,03,00+,210,324,324,324,324,8003421,2.62,4.05,4.05,4.05,4.05
2023-04-19,Niedersachsen,03,00+,227,363,363,363,363,8003421,2.84,4.54,4.54,4.54,4.54
2023-04-18,Niedersachsen,03,00+,235,407,407,407,407,8003421,2.94,5.09,5.09,5.09,5.09
2023-04-17,Niedersachsen,03,00+,220,340,340,340,340,8003421,2.75,4.25,4.25,4.25,4.25
2023-04-16,Niedersachsen,03,00+,228,337,337,337,337,8003421,2.85,4.21,4.21,4.21,4.21
2023-04-15,Niedersachsen,03,00+,243,352,352,352,352,8003421,3.04,4.4,4.4,4.4,4.4
2023-04-14,Niedersachsen,03,00+,222,315,315,315,315,8003421,2.77,3.94,3.94,3.94,3.94
2023-04-13,Niedersachsen,03,00+,185,294,294,294,294,8003421,2.31,3.67,3.67,3.67,3.67
2023-04-12,Niedersachsen,03,00+,130,256,256,256,256,8003421,1.62,3.2,3.2,3.2,3.2
2023-04-11,Niedersachsen,03,00+,85,229,229,229,229,8003421,1.06,2.86,2.86,2.86,2.86
2023-04-10,Niedersachsen,03,00+,167,311,311,311,311,8003421,2.09,3.89,3.89,3.89,3.89
2023-04-09,Niedersachsen,03,00+,178,316,316,316,316,8003421,2.22,3.95,3.95,3.95,3.95
2023-04-08,Niedersachsen,03,00+,190,314,314,314,314,8003421,2.37,3.92,3.92,3.92,3.92
2023-04-07,Niedersachsen,03,00+,237,364,364,364,364,8003421,2.96,4.55,4.55,4.55,4.55
2023-04-06,Niedersachsen,03,00+,240,371,371,371,371,8003421,3,4.64,4.64,4.64,4.64
2023-04-05,Niedersachsen,03,00+,252,391,391,391,391,8003421,3.15,4.89,4.89,4.89,4.89
2023-04-04,Niedersachsen,03,00+,244,383,383,383,383,8003421,3.05,4.79,4.79,4.79,4.79
2023-04-03,Niedersachsen,03,00+,279,406,406,406,406,8003421,3.49,5.07,5.07,5.07,5.07
2023-04-02,Niedersachsen,03,00+,298,417,417,417,417,8003421,3.72,5.21,5.21,5.21,5.21
2023-04-01,Niedersachsen,03,00+,312,413,413,413,413,8003421,3.9,5.16,5.16,5.16,5.16
2023-03-31,Niedersachsen,03,00+,315,424,424,424,424,8003421,3.94,5.3,5.3,5.3,5.3
2023-03-30,Niedersachsen,03,00+,343,449,449,449,449,8003421,4.29,5.61,5.61,5.61,5.61
2023-03-29,Niedersachsen,03,00+,357,473,473,473,473,8003421,4.46,5.91,5.91,5.91,5.91
2023-03-28,Niedersachsen,03,00+,343,511,511,511,511,8003421,4.29,6.38,6.38,6.38,6.38
2023-03-27,Niedersachsen,03,00+,363,552,552,552,552,8003421,4.54,6.9,6.9,6.9,6.9
2023-03-26,Niedersachsen,03,00+,388,556,556,556,556,8003421,4.85,6.95,6.95,6.95,6.95
2023-03-25,Niedersachsen,03,00+,413,569,569,569,569,8003421,5.16,7.11,7.11,7.11,7.11
2023-03-24,Niedersachsen,03,00+,427,597,597,597,597,8003421,5.34,7.46,7.46,7.46,7.46
2023-03-23,Niedersachsen,03,00+,468,627,627,627,627,8003421,5.85,7.83,7.83,7.83,7.83
2023-03-22,Niedersachsen,03,00+,458,630,630,630,630,8003421,5.72,7.87,7.87,7.87,7.87
2023-03-21,Niedersachsen,03,00+,471,647,647,647,647,8003421,5.88,8.08,8.08,8.08,8.08
2023-03-20,Niedersachsen,03,00+,468,653,653,653,653,8003421,5.85,8.16,8.16,8.16,8.16
2023-03-19,Niedersachsen,03,00+,491,649,649,649,649,8003421,6.13,8.11,8.11,8.11,8.11
2023-03-18,Niedersachsen,03,00+,519,650,650,650,650,8003421,6.48,8.12,8.12,8.12,8.12
2023-03-17,Niedersachsen,03,00+,489,626,626,626,626,8003421,6.11,7.82,7.82,7.82,7.82
2023-03-16,Niedersachsen,03,00+,443,591,591,591,591,8003421,5.54,7.38,7.38,7.38,7.38
2023-03-15,Niedersachsen,03,00+,415,566,566,566,566,8003421,5.19,7.07,7.07,7.07,7.07
2023-03-14,Niedersachsen,03,00+,362,520,520,520,520,8003421,4.52,6.5,6.5,6.5,6.5
2023-03-13,Niedersachsen,03,00+,284,465,465,465,465,8003421,3.55,5.81,5.81,5.81,5.81
2023-03-12,Niedersachsen,03,00+,300,458,458,458,458,8003421,3.75,5.72,5.72,5.72,5.72
2023-03-11,Niedersachsen,03,00+,324,455,455,455,455,8003421,4.05,5.69,5.69,5.69,5.69
2023-03-10,Niedersachsen,03,00+,328,432,432,432,432,8003421,4.1,5.4,5.4,5.4,5.4
2023-03-09,Niedersachsen,03,00+,319,417,417,417,417,8003421,3.99,5.21,5.21,5.21,5.21
2023-03-08,Niedersachsen,03,00+,313,417,417,417,417,8003421,3.91,5.21,5.21,5.21,5.21
2023-03-07,Niedersachsen,03,00+,294,421,421,421,421,8003421,3.67,5.26,5.26,5.26,5.26
2023-03-06,Niedersachsen,03,00+,275,415,415,415,415,8003421,3.44,5.19,5.19,5.19,5.19
2023-03-05,Niedersachsen,03,00+,290,411,411,411,411,8003421,3.62,5.14,5.14,5.14,5.14
2023-03-04,Niedersachsen,03,00+,303,398,398,398,398,8003421,3.79,4.97,4.97,4.97,4.97
2023-03-03,Niedersachsen,03,00+,312,414,414,414,414,8003421,3.9,5.17,5.17,5.17,5.17
2023-03-02,Niedersachsen,03,00+,323,438,438,438,438,8003421,4.04,5.47,5.47,5.47,5.47
2023-03-01,Niedersachsen,03,00+,353,477,477,477,477,8003421,4.41,5.96,5.96,5.96,5.96
2023-02-28,Niedersachsen,03,00+,352,494,494,494,494,8003421,4.4,6.17,6.17,6.17,6.17
2023-02-27,Niedersachsen,03,00+,359,518,518,518,518,8003421,4.49,6.47,6.47,6.47,6.47
2023-02-26,Niedersachsen,03,00+,372,522,522,522,522,8003421,4.65,6.52,6.52,6.52,6.52
2023-02-25,Niedersachsen,03,00+,394,534,534,534,534,8003421,4.92,6.67,6.67,6.67,6.67
2023-02-24,Niedersachsen,03,00+,418,554,554,554,554,8003421,5.22,6.92,6.92,6.92,6.92
2023-02-23,Niedersachsen,03,00+,377,549,549,549,549,8003421,4.71,6.86,6.86,6.86,6.86
2023-02-22,Niedersachsen,03,00+,362,521,521,521,521,8003421,4.52,6.51,6.51,6.51,6.51
2023-02-21,Niedersachsen,03,00+,378,522,522,522,522,8003421,4.72,6.52,6.52,6.52,6.52
2023-02-20,Niedersachsen,03,00+,374,519,519,519,519,8003421,4.67,6.48,6.48,6.48,6.48
2023-02-19,Niedersachsen,03,00+,387,516,516,516,516,8003421,4.84,6.45,6.45,6.45,6.45
2023-02-18,Niedersachsen,03,00+,401,507,507,507,507,8003421,5.01,6.33,6.33,6.33,6.33
2023-02-17,Niedersachsen,03,00+,366,466,466,466,466,8003421,4.57,5.82,5.82,5.82,5.82
2023-02-16,Niedersachsen,03,00+,319,457,457,457,457,8003421,3.99,5.71,5.71,5.71,5.71
2023-02-15,Niedersachsen,03,00+,313,461,461,461,461,8003421,3.91,5.76,5.76,5.76,5.76
2023-02-14,Niedersachsen,03,00+,317,425,425,425,425,8003421,3.96,5.31,5.31,5.31,5.31
2023-02-13,Niedersachsen,03,00+,268,381,381,381,381,8003421,3.35,4.76,4.76,4.76,4.76
2023-02-12,Niedersachsen,03,00+,285,385,385,385,385,8003421,3.56,4.81,4.81,4.81,4.81
2023-02-11,Niedersachsen,03,00+,293,382,382,382,382,8003421,3.66,4.77,4.77,4.77,4.77
2023-02-10,Niedersachsen,03,00+,291,397,397,397,397,8003421,3.64,4.96,4.96,4.96,4.96
2023-02-09,Niedersachsen,03,00+,280,393,393,393,393,8003421,3.5,4.91,4.91,4.91,4.91
2023-02-08,Niedersachsen,03,00+,273,389,389,389,389,8003421,3.41,4.86,4.86,4.86,4.86
2023-02-07,Niedersachsen,03,00+,278,387,387,387,387,8003421,3.47,4.84,4.84,4.84,4.84
2023-02-06,Niedersachsen,03,00+,272,396,396,396,396,8003421,3.4,4.95,4.95,4.95,4.95
2023-02-05,Niedersachsen,03,00+,296,401,401,401,401,8003421,3.7,5.01,5.01,5.01,5.01
2023-02-04,Niedersachsen,03,00+,307,400,400,400,400,8003421,3.84,5,5,5,5
2023-02-03,Niedersachsen,03,00+,293,388,388,388,388,8003421,3.66,4.85,4.85,4.85,4.85
2023-02-02,Niedersachsen,03,00+,297,390,390,390,390,8003421,3.71,4.87,4.87,4.87,4.87
2023-02-01,Niedersachsen,03,00+,280,370,370,370,370,8003421,3.5,4.62,4.62,4.62,4.62
2023-01-31,Niedersachsen,03,00+,259,374,374,374,374,8003421,3.24,4.67,4.67,4.67,4.67
2023-01-30,Niedersachsen,03,00+,235,345,345,345,345,8003421,2.94,4.31,4.31,4.31,4.31
2023-01-29,Niedersachsen,03,00+,254,341,341,341,341,8003421,3.17,4.26,4.26,4.26,4.26
2023-01-28,Niedersachsen,03,00+,259,335,335,335,335,8003421,3.24,4.19,4.19,4.19,4.19
2023-01-27,Niedersachsen,03,00+,240,319,319,319,319,8003421,3,3.99,3.99,3.99,3.99
2023-01-26,Niedersachsen,03,00+,228,308,308,308,308,8003421,2.85,3.85,3.85,3.85,3.85
2023-01-25,Niedersachsen,03,00+,233,312,312,312,312,8003421,2.91,3.9,3.9,3.9,3.9
2023-01-24,Niedersachsen,03,00+,237,304,304,304,304,8003421,2.96,3.8,3.8,3.8,3.8
2023-01-23,Niedersachsen,03,00+,222,315,315,315,315,8003421,2.77,3.94,3.94,3.94,3.94
2023-01-22,Niedersachsen,03,00+,232,307,307,307,307,8003421,2.9,3.84,3.84,3.84,3.84
2023-01-21,Niedersachsen,03,00+,250,320,320,320,320,8003421,3.12,4,4,4,4
2023-01-20,Niedersachsen,03,00+,247,329,329,329,329,8003421,3.09,4.11,4.11,4.11,4.11
2023-01-19,Niedersachsen,03,00+,262,341,341,341,341,8003421,3.27,4.26,4.26,4.26,4.26
2023-01-18,Niedersachsen,03,00+,277,349,349,349,349,8003421,3.46,4.36,4.36,4.36,4.36
2023-01-17,Niedersachsen,03,00+,293,380,380,380,380,8003421,3.66,4.75,4.75,4.75,4.75
2023-01-16,Niedersachsen,03,00+,321,438,438,438,438,8003421,4.01,5.47,5.47,5.47,5.47
2023-01-15,Niedersachsen,03,00+,332,439,439,439,439,8003421,4.15,5.49,5.49,5.49,5.49
2023-01-14,Niedersachsen,03,00+,339,427,427,427,427,8003421,4.24,5.34,5.34,5.34,5.34
2023-01-13,Niedersachsen,03,00+,339,448,448,448,448,8003421,4.24,5.6,5.6,5.6,5.6
2023-01-12,Niedersachsen,03,00+,357,475,475,475,475,8003421,4.46,5.93,5.93,5.93,5.93
2023-01-11,Niedersachsen,03,00+,361,509,509,509,509,8003421,4.51,6.36,6.36,6.36,6.36
2023-01-10,Niedersachsen,03,00+,382,546,546,546,546,8003421,4.77,6.82,6.82,6.82,6.82
2023-01-09,Niedersachsen,03,00+,407,598,598,598,598,8003421,5.09,7.47,7.47,7.47,7.47
2023-01-08,Niedersachsen,03,00+,432,614,614,614,614,8003421,5.4,7.67,7.67,7.67,7.67
2023-01-07,Niedersachsen,03,00+,447,0,0,0,0,8003421,5.59,0,0,0,0
2023-01-06,Niedersachsen,03,00+,489,0,0,0,0,8003421,6.11,0,0,0,0
2023-01-05,Niedersachsen,03,00+,500,0,0,0,0,8003421,6.25,0,0,0,0
2023-01-04,Niedersachsen,03,00+,537,0,0,0,0,8003421,6.71,0,0,0,0
2023-01-03,Niedersachsen,03,00+,575,0,0,0,0,8003421,7.18,0,0,0,0
2023-01-02,Niedersachsen,03,00+,379,0,0,0,0,8003421,4.74,0,0,0,0
2023-12-23,Bremen,04,00+,56,56,NA,NA,NA,680130,8.23,8.23,NA,NA,NA
2023-12-22,Bremen,04,00+,59,64,NA,NA,NA,680130,8.67,9.41,NA,NA,NA
2023-12-21,Bremen,04,00+,71,78,NA,NA,NA,680130,10.44,11.47,NA,NA,NA
2023-12-20,Bremen,04,00+,83,90,103,101,108,680130,12.2,13.23,15.24,14.87,16.02
2023-12-19,Bremen,04,00+,64,70,76,75,78,680130,9.41,10.29,11.24,11.08,11.54
2023-12-18,Bremen,04,00+,79,88,95,93,97,680130,11.62,12.94,14.01,13.8,14.35
2023-12-17,Bremen,04,00+,79,88,95,93,97,680130,11.62,12.94,14.01,13.8,14.35
2023-12-16,Bremen,04,00+,79,88,95,93,97,680130,11.62,12.94,14.01,13.8,14.35
2023-12-15,Bremen,04,00+,83,94,100,99,102,680130,12.2,13.82,14.74,14.57,15.02
2023-12-14,Bremen,04,00+,62,90,95,94,97,680130,9.12,13.23,14,13.84,14.28
2023-12-13,Bremen,04,00+,91,105,110,108,111,680130,13.38,15.44,16.18,16.01,16.47
2023-12-12,Bremen,04,00+,72,105,109,108,111,680130,10.59,15.44,16.08,15.92,16.34
2023-12-11,Bremen,04,00+,85,99,102,101,103,680130,12.5,14.56,15.05,14.92,15.28
2023-12-10,Bremen,04,00+,85,99,102,101,103,680130,12.5,14.56,15.05,14.92,15.28
2023-12-09,Bremen,04,00+,85,99,102,101,103,680130,12.5,14.56,15.05,14.92,15.28
2023-12-08,Bremen,04,00+,70,87,89,88,91,680130,10.29,12.79,13.18,13.07,13.38
2023-12-07,Bremen,04,00+,60,81,83,82,84,680130,8.82,11.91,12.25,12.14,12.43
2023-12-06,Bremen,04,00+,35,61,62,61,63,680130,5.15,8.97,9.19,9.11,9.31
2023-12-05,Bremen,04,00+,55,69,70,69,71,680130,8.09,10.15,10.34,10.27,10.47
2023-12-04,Bremen,04,00+,48,58,58,58,59,680130,7.06,8.53,8.67,8.61,8.77
2023-12-03,Bremen,04,00+,48,58,58,58,59,680130,7.06,8.53,8.67,8.61,8.77
2023-12-02,Bremen,04,00+,48,58,58,58,59,680130,7.06,8.53,8.67,8.61,8.77
2023-12-01,Bremen,04,00+,45,51,51,51,52,680130,6.62,7.5,7.61,7.57,7.7
2023-11-30,Bremen,04,00+,51,59,59,59,60,680130,7.5,8.67,8.79,8.74,8.88
2023-11-29,Bremen,04,00+,42,58,58,58,59,680130,6.18,8.53,8.63,8.59,8.71
2023-11-28,Bremen,04,00+,41,49,49,49,49,680130,6.03,7.2,7.26,7.24,7.31
2023-11-27,Bremen,04,00+,48,58,58,58,58,680130,7.06,8.53,8.59,8.56,8.63
2023-11-26,Bremen,04,00+,48,58,58,58,58,680130,7.06,8.53,8.59,8.56,8.63
2023-11-25,Bremen,04,00+,48,58,58,58,58,680130,7.06,8.53,8.59,8.56,8.63
2023-11-24,Bremen,04,00+,48,58,58,58,58,680130,7.06,8.53,8.59,8.56,8.63
2023-11-23,Bremen,04,00+,41,50,50,50,50,680130,6.03,7.35,7.39,7.38,7.42
2023-11-22,Bremen,04,00+,20,47,47,47,47,680130,2.94,6.91,6.94,6.93,6.97
2023-11-21,Bremen,04,00+,39,52,52,52,52,680130,5.73,7.65,7.66,7.66,7.67
2023-11-20,Bremen,04,00+,35,63,63,63,63,680130,5.15,9.26,9.27,9.27,9.28
2023-11-19,Bremen,04,00+,35,63,63,63,63,680130,5.15,9.26,9.27,9.27,9.28
2023-11-18,Bremen,04,00+,35,66,66,66,66,680130,5.15,9.7,9.71,9.71,9.72
2023-11-17,Bremen,04,00+,45,78,78,78,78,680130,6.62,11.47,11.48,11.47,11.48
2023-11-16,Bremen,04,00+,52,88,88,88,88,680130,7.65,12.94,12.94,12.94,12.95
2023-11-15,Bremen,04,00+,68,104,104,104,104,680130,10,15.29,15.3,15.29,15.3
2023-11-14,Bremen,04,00+,56,98,98,98,98,680130,8.23,14.41,14.41,14.41,14.41
2023-11-13,Bremen,04,00+,41,91,91,91,91,680130,6.03,13.38,13.38,13.38,13.38
2023-11-12,Bremen,04,00+,41,91,91,91,91,680130,6.03,13.38,13.38,13.38,13.38
2023-11-11,Bremen,04,00+,41,88,88,88,88,680130,6.03,12.94,12.94,12.94,12.94
2023-11-10,Bremen,04,00+,50,86,86,86,86,680130,7.35,12.64,12.64,12.64,12.64
2023-11-09,Bremen,04,00+,49,97,97,97,97,680130,7.2,14.26,14.26,14.26,14.26
2023-11-08,Bremen,04,00+,67,101,101,101,101,680130,9.85,14.85,14.85,14.85,14.85
2023-11-07,Bremen,04,00+,67,84,84,84,84,680130,9.85,12.35,12.35,12.35,12.35
2023-11-06,Bremen,04,00+,69,81,81,81,81,680130,10.15,11.91,11.91,11.91,11.91
2023-11-05,Bremen,04,00+,69,81,81,81,81,680130,10.15,11.91,11.91,11.91,11.91
2023-11-04,Bremen,04,00+,69,81,81,81,81,680130,10.15,11.91,11.91,11.91,11.91
2023-11-03,Bremen,04,00+,45,83,83,83,83,680130,6.62,12.2,12.2,12.2,12.2
2023-11-02,Bremen,04,00+,47,57,57,57,57,680130,6.91,8.38,8.38,8.38,8.38
2023-11-01,Bremen,04,00+,25,35,35,35,35,680130,3.68,5.15,5.15,5.15,5.15
2023-10-31,Bremen,04,00+,31,41,41,41,41,680130,4.56,6.03,6.03,6.03,6.03
2023-10-30,Bremen,04,00+,26,34,34,34,34,680130,3.82,5,5,5,5
2023-10-29,Bremen,04,00+,26,34,34,34,34,680130,3.82,5,5,5,5
2023-10-28,Bremen,04,00+,26,34,34,34,34,680130,3.82,5,5,5,5
2023-10-27,Bremen,04,00+,22,22,22,22,22,680130,3.23,3.23,3.23,3.23,3.23
2023-10-26,Bremen,04,00+,16,20,20,20,20,680130,2.35,2.94,2.94,2.94,2.94
2023-10-25,Bremen,04,00+,21,22,22,22,22,680130,3.09,3.23,3.23,3.23,3.23
2023-10-24,Bremen,04,00+,14,17,17,17,17,680130,2.06,2.5,2.5,2.5,2.5
2023-10-23,Bremen,04,00+,12,19,19,19,19,680130,1.76,2.79,2.79,2.79,2.79
2023-10-22,Bremen,04,00+,12,19,19,19,19,680130,1.76,2.79,2.79,2.79,2.79
2023-10-21,Bremen,04,00+,12,19,19,19,19,680130,1.76,2.79,2.79,2.79,2.79
2023-10-20,Bremen,04,00+,11,20,20,20,20,680130,1.62,2.94,2.94,2.94,2.94
2023-10-19,Bremen,04,00+,13,22,22,22,22,680130,1.91,3.23,3.23,3.23,3.23
2023-10-18,Bremen,04,00+,16,19,19,19,19,680130,2.35,2.79,2.79,2.79,2.79
2023-10-17,Bremen,04,00+,14,18,18,18,18,680130,2.06,2.65,2.65,2.65,2.65
2023-10-16,Bremen,04,00+,5,10,10,10,10,680130,0.74,1.47,1.47,1.47,1.47
2023-10-15,Bremen,04,00+,6,11,11,11,11,680130,0.88,1.62,1.62,1.62,1.62
2023-10-14,Bremen,04,00+,6,11,11,11,11,680130,0.88,1.62,1.62,1.62,1.62
2023-10-13,Bremen,04,00+,6,8,8,8,8,680130,0.88,1.18,1.18,1.18,1.18
2023-10-12,Bremen,04,00+,7,8,8,8,8,680130,1.03,1.18,1.18,1.18,1.18
2023-10-11,Bremen,04,00+,4,5,5,5,5,680130,0.59,0.74,0.74,0.74,0.74
2023-10-10,Bremen,04,00+,4,5,5,5,5,680130,0.59,0.74,0.74,0.74,0.74
2023-10-09,Bremen,04,00+,4,7,7,7,7,680130,0.59,1.03,1.03,1.03,1.03
2023-10-08,Bremen,04,00+,4,6,6,6,6,680130,0.59,0.88,0.88,0.88,0.88
2023-10-07,Bremen,04,00+,4,6,6,6,6,680130,0.59,0.88,0.88,0.88,0.88
2023-10-06,Bremen,04,00+,6,8,8,8,8,680130,0.88,1.18,1.18,1.18,1.18
2023-10-05,Bremen,04,00+,5,10,10,10,10,680130,0.74,1.47,1.47,1.47,1.47
2023-10-04,Bremen,04,00+,9,14,14,14,14,680130,1.32,2.06,2.06,2.06,2.06
2023-10-03,Bremen,04,00+,17,22,22,22,22,680130,2.5,3.23,3.23,3.23,3.23
2023-10-02,Bremen,04,00+,20,25,25,25,25,680130,2.94,3.68,3.68,3.68,3.68
2023-10-01,Bremen,04,00+,20,25,25,25,25,680130,2.94,3.68,3.68,3.68,3.68
2023-09-30,Bremen,04,00+,20,25,25,25,25,680130,2.94,3.68,3.68,3.68,3.68
2023-09-29,Bremen,04,00+,25,29,29,29,29,680130,3.68,4.26,4.26,4.26,4.26
2023-09-28,Bremen,04,00+,23,28,28,28,28,680130,3.38,4.12,4.12,4.12,4.12
2023-09-27,Bremen,04,00+,22,28,28,28,28,680130,3.23,4.12,4.12,4.12,4.12
2023-09-26,Bremen,04,00+,16,21,21,21,21,680130,2.35,3.09,3.09,3.09,3.09
2023-09-25,Bremen,04,00+,16,25,25,25,25,680130,2.35,3.68,3.68,3.68,3.68
2023-09-24,Bremen,04,00+,16,25,25,25,25,680130,2.35,3.68,3.68,3.68,3.68
2023-09-23,Bremen,04,00+,16,25,25,25,25,680130,2.35,3.68,3.68,3.68,3.68
2023-09-22,Bremen,04,00+,22,25,25,25,25,680130,3.23,3.68,3.68,3.68,3.68
2023-09-21,Bremen,04,00+,16,23,23,23,23,680130,2.35,3.38,3.38,3.38,3.38
2023-09-20,Bremen,04,00+,19,23,23,23,23,680130,2.79,3.38,3.38,3.38,3.38
2023-09-19,Bremen,04,00+,24,28,28,28,28,680130,3.53,4.12,4.12,4.12,4.12
2023-09-18,Bremen,04,00+,20,22,22,22,22,680130,2.94,3.23,3.23,3.23,3.23
2023-09-17,Bremen,04,00+,20,22,22,22,22,680130,2.94,3.23,3.23,3.23,3.23
2023-09-16,Bremen,04,00+,20,22,22,22,22,680130,2.94,3.23,3.23,3.23,3.23
2023-09-15,Bremen,04,00+,19,25,25,25,25,680130,2.79,3.68,3.68,3.68,3.68
2023-09-14,Bremen,04,00+,36,41,41,41,41,680130,5.29,6.03,6.03,6.03,6.03
2023-09-13,Bremen,04,00+,42,45,45,45,45,680130,6.18,6.62,6.62,6.62,6.62
2023-09-12,Bremen,04,00+,43,48,48,48,48,680130,6.32,7.06,7.06,7.06,7.06
2023-09-11,Bremen,04,00+,43,47,47,47,47,680130,6.32,6.91,6.91,6.91,6.91
2023-09-10,Bremen,04,00+,43,47,47,47,47,680130,6.32,6.91,6.91,6.91,6.91
2023-09-09,Bremen,04,00+,43,47,47,47,47,680130,6.32,6.91,6.91,6.91,6.91
2023-09-08,Bremen,04,00+,37,46,46,46,46,680130,5.44,6.76,6.76,6.76,6.76
2023-09-07,Bremen,04,00+,21,30,30,30,30,680130,3.09,4.41,4.41,4.41,4.41
2023-09-06,Bremen,04,00+,38,45,45,45,45,680130,5.59,6.62,6.62,6.62,6.62
2023-09-05,Bremen,04,00+,46,48,48,48,48,680130,6.76,7.06,7.06,7.06,7.06
2023-09-04,Bremen,04,00+,54,57,57,57,57,680130,7.94,8.38,8.38,8.38,8.38
2023-09-03,Bremen,04,00+,54,57,57,57,57,680130,7.94,8.38,8.38,8.38,8.38
2023-09-02,Bremen,04,00+,54,57,57,57,57,680130,7.94,8.38,8.38,8.38,8.38
2023-09-01,Bremen,04,00+,58,56,56,56,56,680130,8.53,8.23,8.23,8.23,8.23
2023-08-31,Bremen,04,00+,37,61,61,61,61,680130,5.44,8.97,8.97,8.97,8.97
2023-08-30,Bremen,04,00+,39,40,40,40,40,680130,5.73,5.88,5.88,5.88,5.88
2023-08-29,Bremen,04,00+,25,34,34,34,34,680130,3.68,5,5,5,5
2023-08-28,Bremen,04,00+,0,39,39,39,39,680130,0,5.73,5.73,5.73,5.73
2023-08-27,Bremen,04,00+,0,39,39,39,39,680130,0,5.73,5.73,5.73,5.73
2023-08-26,Bremen,04,00+,0,39,39,39,39,680130,0,5.73,5.73,5.73,5.73
2023-08-25,Bremen,04,00+,0,32,32,32,32,680130,0,4.7,4.7,4.7,4.7
2023-08-24,Bremen,04,00+,24,33,33,33,33,680130,3.53,4.85,4.85,4.85,4.85
2023-08-23,Bremen,04,00+,21,32,32,32,32,680130,3.09,4.7,4.7,4.7,4.7
2023-08-22,Bremen,04,00+,18,29,29,29,29,680130,2.65,4.26,4.26,4.26,4.26
2023-08-21,Bremen,04,00+,10,16,16,16,16,680130,1.47,2.35,2.35,2.35,2.35
2023-08-20,Bremen,04,00+,10,16,16,16,16,680130,1.47,2.35,2.35,2.35,2.35
2023-08-19,Bremen,04,00+,10,16,16,16,16,680130,1.47,2.35,2.35,2.35,2.35
2023-08-18,Bremen,04,00+,12,18,18,18,18,680130,1.76,2.65,2.65,2.65,2.65
2023-08-17,Bremen,04,00+,11,11,11,11,11,680130,1.62,1.62,1.62,1.62,1.62
2023-08-16,Bremen,04,00+,12,13,13,13,13,680130,1.76,1.91,1.91,1.91,1.91
2023-08-15,Bremen,04,00+,9,10,10,10,10,680130,1.32,1.47,1.47,1.47,1.47
2023-08-14,Bremen,04,00+,5,5,5,5,5,680130,0.74,0.74,0.74,0.74,0.74
2023-08-13,Bremen,04,00+,5,5,5,5,5,680130,0.74,0.74,0.74,0.74,0.74
2023-08-12,Bremen,04,00+,5,5,5,5,5,680130,0.74,0.74,0.74,0.74,0.74
2023-08-11,Bremen,04,00+,3,3,3,3,3,680130,0.44,0.44,0.44,0.44,0.44
2023-08-10,Bremen,04,00+,3,4,4,4,4,680130,0.44,0.59,0.59,0.59,0.59
2023-08-09,Bremen,04,00+,0,1,1,1,1,680130,0,0.15,0.15,0.15,0.15
2023-08-08,Bremen,04,00+,1,2,2,2,2,680130,0.15,0.29,0.29,0.29,0.29
2023-08-07,Bremen,04,00+,1,2,2,2,2,680130,0.15,0.29,0.29,0.29,0.29
2023-08-06,Bremen,04,00+,1,2,2,2,2,680130,0.15,0.29,0.29,0.29,0.29
2023-08-05,Bremen,04,00+,1,2,2,2,2,680130,0.15,0.29,0.29,0.29,0.29
2023-08-04,Bremen,04,00+,1,2,2,2,2,680130,0.15,0.29,0.29,0.29,0.29
2023-08-03,Bremen,04,00+,2,2,2,2,2,680130,0.29,0.29,0.29,0.29,0.29
2023-08-02,Bremen,04,00+,3,3,3,3,3,680130,0.44,0.44,0.44,0.44,0.44
2023-08-01,Bremen,04,00+,2,2,2,2,2,680130,0.29,0.29,0.29,0.29,0.29
2023-07-31,Bremen,04,00+,2,2,2,2,2,680130,0.29,0.29,0.29,0.29,0.29
2023-07-30,Bremen,04,00+,2,2,2,2,2,680130,0.29,0.29,0.29,0.29,0.29
2023-07-29,Bremen,04,00+,2,2,2,2,2,680130,0.29,0.29,0.29,0.29,0.29
2023-07-28,Bremen,04,00+,2,5,5,5,5,680130,0.29,0.74,0.74,0.74,0.74
2023-07-27,Bremen,04,00+,1,4,4,4,4,680130,0.15,0.59,0.59,0.59,0.59
2023-07-26,Bremen,04,00+,1,3,3,3,3,680130,0.15,0.44,0.44,0.44,0.44
2023-07-25,Bremen,04,00+,1,3,3,3,3,680130,0.15,0.44,0.44,0.44,0.44
2023-07-24,Bremen,04,00+,1,3,3,3,3,680130,0.15,0.44,0.44,0.44,0.44
2023-07-23,Bremen,04,00+,1,3,3,3,3,680130,0.15,0.44,0.44,0.44,0.44
2023-07-22,Bremen,04,00+,1,3,3,3,3,680130,0.15,0.44,0.44,0.44,0.44
2023-07-21,Bremen,04,00+,0,0,0,0,0,680130,0,0,0,0,0
2023-07-20,Bremen,04,00+,0,1,1,1,1,680130,0,0.15,0.15,0.15,0.15
2023-07-19,Bremen,04,00+,0,1,1,1,1,680130,0,0.15,0.15,0.15,0.15
2023-07-18,Bremen,04,00+,0,1,1,1,1,680130,0,0.15,0.15,0.15,0.15
2023-07-17,Bremen,04,00+,0,1,1,1,1,680130,0,0.15,0.15,0.15,0.15
2023-07-16,Bremen,04,00+,0,1,1,1,1,680130,0,0.15,0.15,0.15,0.15
2023-07-15,Bremen,04,00+,0,1,1,1,1,680130,0,0.15,0.15,0.15,0.15
2023-07-14,Bremen,04,00+,0,1,1,1,1,680130,0,0.15,0.15,0.15,0.15
2023-07-13,Bremen,04,00+,0,0,0,0,0,680130,0,0,0,0,0
2023-07-12,Bremen,04,00+,0,0,0,0,0,680130,0,0,0,0,0
2023-07-11,Bremen,04,00+,0,0,0,0,0,680130,0,0,0,0,0
2023-07-10,Bremen,04,00+,0,1,1,1,1,680130,0,0.15,0.15,0.15,0.15
2023-07-09,Bremen,04,00+,0,1,1,1,1,680130,0,0.15,0.15,0.15,0.15
2023-07-08,Bremen,04,00+,0,1,1,1,1,680130,0,0.15,0.15,0.15,0.15
2023-07-07,Bremen,04,00+,0,1,1,1,1,680130,0,0.15,0.15,0.15,0.15
2023-07-06,Bremen,04,00+,1,2,2,2,2,680130,0.15,0.29,0.29,0.29,0.29
2023-07-05,Bremen,04,00+,1,2,2,2,2,680130,0.15,0.29,0.29,0.29,0.29
2023-07-04,Bremen,04,00+,1,2,2,2,2,680130,0.15,0.29,0.29,0.29,0.29
2023-07-03,Bremen,04,00+,2,2,2,2,2,680130,0.29,0.29,0.29,0.29,0.29
2023-07-02,Bremen,04,00+,2,2,2,2,2,680130,0.29,0.29,0.29,0.29,0.29
2023-07-01,Bremen,04,00+,2,2,2,2,2,680130,0.29,0.29,0.29,0.29,0.29
2023-06-30,Bremen,04,00+,2,2,2,2,2,680130,0.29,0.29,0.29,0.29,0.29
2023-06-29,Bremen,04,00+,1,1,1,1,1,680130,0.15,0.15,0.15,0.15,0.15
2023-06-28,Bremen,04,00+,1,1,1,1,1,680130,0.15,0.15,0.15,0.15,0.15
2023-06-27,Bremen,04,00+,2,2,2,2,2,680130,0.29,0.29,0.29,0.29,0.29
2023-06-26,Bremen,04,00+,2,2,2,2,2,680130,0.29,0.29,0.29,0.29,0.29
2023-06-25,Bremen,04,00+,2,2,2,2,2,680130,0.29,0.29,0.29,0.29,0.29
2023-06-24,Bremen,04,00+,2,3,3,3,3,680130,0.29,0.44,0.44,0.44,0.44
2023-06-23,Bremen,04,00+,2,3,3,3,3,680130,0.29,0.44,0.44,0.44,0.44
2023-06-22,Bremen,04,00+,2,3,3,3,3,680130,0.29,0.44,0.44,0.44,0.44
2023-06-21,Bremen,04,00+,2,3,3,3,3,680130,0.29,0.44,0.44,0.44,0.44
2023-06-20,Bremen,04,00+,1,2,2,2,2,680130,0.15,0.29,0.29,0.29,0.29
2023-06-19,Bremen,04,00+,0,1,1,1,1,680130,0,0.15,0.15,0.15,0.15
2023-06-18,Bremen,04,00+,0,1,1,1,1,680130,0,0.15,0.15,0.15,0.15
2023-06-17,Bremen,04,00+,0,1,1,1,1,680130,0,0.15,0.15,0.15,0.15
2023-06-16,Bremen,04,00+,0,1,1,1,1,680130,0,0.15,0.15,0.15,0.15
2023-06-15,Bremen,04,00+,0,1,1,1,1,680130,0,0.15,0.15,0.15,0.15
2023-06-14,Bremen,04,00+,0,1,1,1,1,680130,0,0.15,0.15,0.15,0.15
2023-06-13,Bremen,04,00+,0,1,1,1,1,680130,0,0.15,0.15,0.15,0.15
2023-06-12,Bremen,04,00+,0,1,1,1,1,680130,0,0.15,0.15,0.15,0.15
2023-06-11,Bremen,04,00+,0,1,1,1,1,680130,0,0.15,0.15,0.15,0.15
2023-06-10,Bremen,04,00+,0,1,1,1,1,680130,0,0.15,0.15,0.15,0.15
2023-06-09,Bremen,04,00+,0,2,2,2,2,680130,0,0.29,0.29,0.29,0.29
2023-06-08,Bremen,04,00+,0,3,3,3,3,680130,0,0.44,0.44,0.44,0.44
2023-06-07,Bremen,04,00+,0,4,4,4,4,680130,0,0.59,0.59,0.59,0.59
2023-06-06,Bremen,04,00+,0,5,5,5,5,680130,0,0.74,0.74,0.74,0.74
2023-06-05,Bremen,04,00+,0,5,5,5,5,680130,0,0.74,0.74,0.74,0.74
2023-06-04,Bremen,04,00+,0,5,5,5,5,680130,0,0.74,0.74,0.74,0.74
2023-06-03,Bremen,04,00+,0,4,4,4,4,680130,0,0.59,0.59,0.59,0.59
2023-06-02,Bremen,04,00+,3,7,7,7,7,680130,0.44,1.03,1.03,1.03,1.03
2023-06-01,Bremen,04,00+,3,6,6,6,6,680130,0.44,0.88,0.88,0.88,0.88
2023-05-31,Bremen,04,00+,0,6,6,6,6,680130,0,0.88,0.88,0.88,0.88
2023-05-30,Bremen,04,00+,1,6,6,6,6,680130,0.15,0.88,0.88,0.88,0.88
2023-05-29,Bremen,04,00+,2,7,7,7,7,680130,0.29,1.03,1.03,1.03,1.03
2023-05-28,Bremen,04,00+,2,7,7,7,7,680130,0.29,1.03,1.03,1.03,1.03
2023-05-27,Bremen,04,00+,2,7,7,7,7,680130,0.29,1.03,1.03,1.03,1.03
2023-05-26,Bremen,04,00+,2,3,3,3,3,680130,0.29,0.44,0.44,0.44,0.44
2023-05-25,Bremen,04,00+,2,3,3,3,3,680130,0.29,0.44,0.44,0.44,0.44
2023-05-24,Bremen,04,00+,3,3,3,3,3,680130,0.44,0.44,0.44,0.44,0.44
2023-05-23,Bremen,04,00+,2,5,5,5,5,680130,0.29,0.74,0.74,0.74,0.74
2023-05-22,Bremen,04,00+,2,5,5,5,5,680130,0.29,0.74,0.74,0.74,0.74
2023-05-21,Bremen,04,00+,2,5,5,5,5,680130,0.29,0.74,0.74,0.74,0.74
2023-05-20,Bremen,04,00+,2,5,5,5,5,680130,0.29,0.74,0.74,0.74,0.74
2023-05-19,Bremen,04,00+,1,5,5,5,5,680130,0.15,0.74,0.74,0.74,0.74
2023-05-18,Bremen,04,00+,2,6,6,6,6,680130,0.29,0.88,0.88,0.88,0.88
2023-05-17,Bremen,04,00+,2,5,5,5,5,680130,0.29,0.74,0.74,0.74,0.74
2023-05-16,Bremen,04,00+,1,2,2,2,2,680130,0.15,0.29,0.29,0.29,0.29
2023-05-15,Bremen,04,00+,5,5,5,5,5,680130,0.74,0.74,0.74,0.74,0.74
2023-05-14,Bremen,04,00+,5,5,5,5,5,680130,0.74,0.74,0.74,0.74,0.74
2023-05-13,Bremen,04,00+,5,5,5,5,5,680130,0.74,0.74,0.74,0.74,0.74
2023-05-12,Bremen,04,00+,10,9,9,9,9,680130,1.47,1.32,1.32,1.32,1.32
2023-05-11,Bremen,04,00+,20,10,10,10,10,680130,2.94,1.47,1.47,1.47,1.47
2023-05-10,Bremen,04,00+,23,13,13,13,13,680130,3.38,1.91,1.91,1.91,1.91
2023-05-09,Bremen,04,00+,40,25,25,25,25,680130,5.88,3.68,3.68,3.68,3.68
2023-05-08,Bremen,04,00+,32,22,22,22,22,680130,4.7,3.23,3.23,3.23,3.23
2023-05-07,Bremen,04,00+,32,22,22,22,22,680130,4.7,3.23,3.23,3.23,3.23
2023-05-06,Bremen,04,00+,32,22,22,22,22,680130,4.7,3.23,3.23,3.23,3.23
2023-05-05,Bremen,04,00+,4,19,19,19,19,680130,0.59,2.79,2.79,2.79,2.79
2023-05-04,Bremen,04,00+,6,21,21,21,21,680130,0.88,3.09,3.09,3.09,3.09
2023-05-03,Bremen,04,00+,6,19,19,19,19,680130,0.88,2.79,2.79,2.79,2.79
2023-05-02,Bremen,04,00+,1,9,9,9,9,680130,0.15,1.32,1.32,1.32,1.32
2023-05-01,Bremen,04,00+,5,13,13,13,13,680130,0.74,1.91,1.91,1.91,1.91
2023-04-30,Bremen,04,00+,5,13,13,13,13,680130,0.74,1.91,1.91,1.91,1.91
2023-04-29,Bremen,04,00+,5,13,13,13,13,680130,0.74,1.91,1.91,1.91,1.91
2023-04-28,Bremen,04,00+,5,14,14,14,14,680130,0.74,2.06,2.06,2.06,2.06
2023-04-27,Bremen,04,00+,5,11,11,11,11,680130,0.74,1.62,1.62,1.62,1.62
2023-04-26,Bremen,04,00+,7,12,12,12,12,680130,1.03,1.76,1.76,1.76,1.76
2023-04-25,Bremen,04,00+,7,12,12,12,12,680130,1.03,1.76,1.76,1.76,1.76
2023-04-24,Bremen,04,00+,4,13,13,13,13,680130,0.59,1.91,1.91,1.91,1.91
2023-04-23,Bremen,04,00+,5,14,14,14,14,680130,0.74,2.06,2.06,2.06,2.06
2023-04-22,Bremen,04,00+,5,14,14,14,14,680130,0.74,2.06,2.06,2.06,2.06
2023-04-21,Bremen,04,00+,6,15,15,15,15,680130,0.88,2.21,2.21,2.21,2.21
2023-04-20,Bremen,04,00+,7,16,16,16,16,680130,1.03,2.35,2.35,2.35,2.35
2023-04-19,Bremen,04,00+,7,16,16,16,16,680130,1.03,2.35,2.35,2.35,2.35
2023-04-18,Bremen,04,00+,13,23,23,23,23,680130,1.91,3.38,3.38,3.38,3.38
2023-04-17,Bremen,04,00+,12,17,17,17,17,680130,1.76,2.5,2.5,2.5,2.5
2023-04-16,Bremen,04,00+,12,16,16,16,16,680130,1.76,2.35,2.35,2.35,2.35
2023-04-15,Bremen,04,00+,12,16,16,16,16,680130,1.76,2.35,2.35,2.35,2.35
2023-04-14,Bremen,04,00+,9,14,14,14,14,680130,1.32,2.06,2.06,2.06,2.06
2023-04-13,Bremen,04,00+,5,15,15,15,15,680130,0.74,2.21,2.21,2.21,2.21
2023-04-12,Bremen,04,00+,12,20,20,20,20,680130,1.76,2.94,2.94,2.94,2.94
2023-04-11,Bremen,04,00+,15,19,19,19,19,680130,2.21,2.79,2.79,2.79,2.79
2023-04-10,Bremen,04,00+,23,31,31,31,31,680130,3.38,4.56,4.56,4.56,4.56
2023-04-09,Bremen,04,00+,23,31,31,31,31,680130,3.38,4.56,4.56,4.56,4.56
2023-04-08,Bremen,04,00+,23,31,31,31,31,680130,3.38,4.56,4.56,4.56,4.56
2023-04-07,Bremen,04,00+,25,32,32,32,32,680130,3.68,4.7,4.7,4.7,4.7
2023-04-06,Bremen,04,00+,26,33,33,33,33,680130,3.82,4.85,4.85,4.85,4.85
2023-04-05,Bremen,04,00+,21,30,30,30,30,680130,3.09,4.41,4.41,4.41,4.41
2023-04-04,Bremen,04,00+,15,25,25,25,25,680130,2.21,3.68,3.68,3.68,3.68
2023-04-03,Bremen,04,00+,24,30,30,30,30,680130,3.53,4.41,4.41,4.41,4.41
2023-04-02,Bremen,04,00+,24,30,30,30,30,680130,3.53,4.41,4.41,4.41,4.41
2023-04-01,Bremen,04,00+,24,30,30,30,30,680130,3.53,4.41,4.41,4.41,4.41
2023-03-31,Bremen,04,00+,26,31,31,31,31,680130,3.82,4.56,4.56,4.56,4.56
2023-03-30,Bremen,04,00+,23,33,33,33,33,680130,3.38,4.85,4.85,4.85,4.85
2023-03-29,Bremen,04,00+,29,36,36,36,36,680130,4.26,5.29,5.29,5.29,5.29
2023-03-28,Bremen,04,00+,36,49,49,49,49,680130,5.29,7.2,7.2,7.2,7.2
2023-03-27,Bremen,04,00+,35,49,49,49,49,680130,5.15,7.2,7.2,7.2,7.2
2023-03-26,Bremen,04,00+,35,49,49,49,49,680130,5.15,7.2,7.2,7.2,7.2
2023-03-25,Bremen,04,00+,35,49,49,49,49,680130,5.15,7.2,7.2,7.2,7.2
2023-03-24,Bremen,04,00+,36,49,49,49,49,680130,5.29,7.2,7.2,7.2,7.2
2023-03-23,Bremen,04,00+,35,51,51,51,51,680130,5.15,7.5,7.5,7.5,7.5
2023-03-22,Bremen,04,00+,29,48,48,48,48,680130,4.26,7.06,7.06,7.06,7.06
2023-03-21,Bremen,04,00+,41,52,52,52,52,680130,6.03,7.65,7.65,7.65,7.65
2023-03-20,Bremen,04,00+,53,69,69,69,69,680130,7.79,10.15,10.15,10.15,10.15
2023-03-19,Bremen,04,00+,53,69,69,69,69,680130,7.79,10.15,10.15,10.15,10.15
2023-03-18,Bremen,04,00+,53,70,70,70,70,680130,7.79,10.29,10.29,10.29,10.29
2023-03-17,Bremen,04,00+,49,71,71,71,71,680130,7.2,10.44,10.44,10.44,10.44
2023-03-16,Bremen,04,00+,48,71,71,71,71,680130,7.06,10.44,10.44,10.44,10.44
2023-03-15,Bremen,04,00+,31,80,80,80,80,680130,4.56,11.76,11.76,11.76,11.76
2023-03-14,Bremen,04,00+,41,76,76,76,76,680130,6.03,11.17,11.17,11.17,11.17
2023-03-13,Bremen,04,00+,41,60,60,60,60,680130,6.03,8.82,8.82,8.82,8.82
2023-03-12,Bremen,04,00+,41,60,60,60,60,680130,6.03,8.82,8.82,8.82,8.82
2023-03-11,Bremen,04,00+,41,59,59,59,59,680130,6.03,8.67,8.67,8.67,8.67
2023-03-10,Bremen,04,00+,39,57,57,57,57,680130,5.73,8.38,8.38,8.38,8.38
2023-03-09,Bremen,04,00+,32,64,64,64,64,680130,4.7,9.41,9.41,9.41,9.41
2023-03-08,Bremen,04,00+,42,65,65,65,65,680130,6.18,9.56,9.56,9.56,9.56
2023-03-07,Bremen,04,00+,39,54,54,54,54,680130,5.73,7.94,7.94,7.94,7.94
2023-03-06,Bremen,04,00+,39,45,45,45,45,680130,5.73,6.62,6.62,6.62,6.62
2023-03-05,Bremen,04,00+,39,45,45,45,45,680130,5.73,6.62,6.62,6.62,6.62
2023-03-04,Bremen,04,00+,40,47,47,47,47,680130,5.88,6.91,6.91,6.91,6.91
2023-03-03,Bremen,04,00+,24,47,47,47,47,680130,3.53,6.91,6.91,6.91,6.91
2023-03-02,Bremen,04,00+,33,47,47,47,47,680130,4.85,6.91,6.91,6.91,6.91
2023-03-01,Bremen,04,00+,41,56,56,56,56,680130,6.03,8.23,8.23,8.23,8.23
2023-02-28,Bremen,04,00+,43,58,58,58,58,680130,6.32,8.53,8.53,8.53,8.53
2023-02-27,Bremen,04,00+,52,66,66,66,66,680130,7.65,9.7,9.7,9.7,9.7
2023-02-26,Bremen,04,00+,52,66,66,66,66,680130,7.65,9.7,9.7,9.7,9.7
2023-02-25,Bremen,04,00+,52,64,64,64,64,680130,7.65,9.41,9.41,9.41,9.41
2023-02-24,Bremen,04,00+,42,62,62,62,62,680130,6.18,9.12,9.12,9.12,9.12
2023-02-23,Bremen,04,00+,35,52,52,52,52,680130,5.15,7.65,7.65,7.65,7.65
2023-02-22,Bremen,04,00+,28,38,38,38,38,680130,4.12,5.59,5.59,5.59,5.59
2023-02-21,Bremen,04,00+,29,48,48,48,48,680130,4.26,7.06,7.06,7.06,7.06
2023-02-20,Bremen,04,00+,45,53,53,53,53,680130,6.62,7.79,7.79,7.79,7.79
2023-02-19,Bremen,04,00+,45,53,53,53,53,680130,6.62,7.79,7.79,7.79,7.79
2023-02-18,Bremen,04,00+,45,53,53,53,53,680130,6.62,7.79,7.79,7.79,7.79
2023-02-17,Bremen,04,00+,44,55,55,55,55,680130,6.47,8.09,8.09,8.09,8.09
2023-02-16,Bremen,04,00+,42,54,54,54,54,680130,6.18,7.94,7.94,7.94,7.94
2023-02-15,Bremen,04,00+,33,49,49,49,49,680130,4.85,7.2,7.2,7.2,7.2
2023-02-14,Bremen,04,00+,28,43,43,43,43,680130,4.12,6.32,6.32,6.32,6.32
2023-02-13,Bremen,04,00+,26,28,28,28,28,680130,3.82,4.12,4.12,4.12,4.12
2023-02-12,Bremen,04,00+,26,28,28,28,28,680130,3.82,4.12,4.12,4.12,4.12
2023-02-11,Bremen,04,00+,26,28,28,28,28,680130,3.82,4.12,4.12,4.12,4.12
2023-02-10,Bremen,04,00+,18,31,31,31,31,680130,2.65,4.56,4.56,4.56,4.56
2023-02-09,Bremen,04,00+,17,30,30,30,30,680130,2.5,4.41,4.41,4.41,4.41
2023-02-08,Bremen,04,00+,14,31,31,31,31,680130,2.06,4.56,4.56,4.56,4.56
2023-02-07,Bremen,04,00+,13,24,24,24,24,680130,1.91,3.53,3.53,3.53,3.53
2023-02-06,Bremen,04,00+,17,21,21,21,21,680130,2.5,3.09,3.09,3.09,3.09
2023-02-05,Bremen,04,00+,17,21,21,21,21,680130,2.5,3.09,3.09,3.09,3.09
2023-02-04,Bremen,04,00+,17,21,21,21,21,680130,2.5,3.09,3.09,3.09,3.09
2023-02-03,Bremen,04,00+,12,16,16,16,16,680130,1.76,2.35,2.35,2.35,2.35
2023-02-02,Bremen,04,00+,13,18,18,18,18,680130,1.91,2.65,2.65,2.65,2.65
2023-02-01,Bremen,04,00+,12,15,15,15,15,680130,1.76,2.21,2.21,2.21,2.21
2023-01-31,Bremen,04,00+,12,13,13,13,13,680130,1.76,1.91,1.91,1.91,1.91
2023-01-30,Bremen,04,00+,8,14,14,14,14,680130,1.18,2.06,2.06,2.06,2.06
2023-01-29,Bremen,04,00+,8,14,14,14,14,680130,1.18,2.06,2.06,2.06,2.06
2023-01-28,Bremen,04,00+,8,14,14,14,14,680130,1.18,2.06,2.06,2.06,2.06
2023-01-27,Bremen,04,00+,7,16,16,16,16,680130,1.03,2.35,2.35,2.35,2.35
2023-01-26,Bremen,04,00+,7,12,12,12,12,680130,1.03,1.76,1.76,1.76,1.76
2023-01-25,Bremen,04,00+,8,13,13,13,13,680130,1.18,1.91,1.91,1.91,1.91
2023-01-24,Bremen,04,00+,9,14,14,14,14,680130,1.32,2.06,2.06,2.06,2.06
2023-01-23,Bremen,04,00+,15,19,19,19,19,680130,2.21,2.79,2.79,2.79,2.79
2023-01-22,Bremen,04,00+,15,19,19,19,19,680130,2.21,2.79,2.79,2.79,2.79
2023-01-21,Bremen,04,00+,15,19,19,19,19,680130,2.21,2.79,2.79,2.79,2.79
2023-01-20,Bremen,04,00+,16,20,20,20,20,680130,2.35,2.94,2.94,2.94,2.94
2023-01-19,Bremen,04,00+,17,26,26,26,26,680130,2.5,3.82,3.82,3.82,3.82
2023-01-18,Bremen,04,00+,23,30,30,30,30,680130,3.38,4.41,4.41,4.41,4.41
2023-01-17,Bremen,04,00+,24,34,34,34,34,680130,3.53,5,5,5,5
2023-01-16,Bremen,04,00+,24,36,36,36,36,680130,3.53,5.29,5.29,5.29,5.29
2023-01-15,Bremen,04,00+,24,36,36,36,36,680130,3.53,5.29,5.29,5.29,5.29
2023-01-14,Bremen,04,00+,24,37,37,37,37,680130,3.53,5.44,5.44,5.44,5.44
2023-01-13,Bremen,04,00+,38,50,50,50,50,680130,5.59,7.35,7.35,7.35,7.35
2023-01-12,Bremen,04,00+,33,47,47,47,47,680130,4.85,6.91,6.91,6.91,6.91
2023-01-11,Bremen,04,00+,53,63,63,63,63,680130,7.79,9.26,9.26,9.26,9.26
2023-01-10,Bremen,04,00+,64,77,77,77,77,680130,9.41,11.32,11.32,11.32,11.32
2023-01-09,Bremen,04,00+,75,95,95,95,95,680130,11.03,13.97,13.97,13.97,13.97
2023-01-08,Bremen,04,00+,75,95,95,95,95,680130,11.03,13.97,13.97,13.97,13.97
2023-01-07,Bremen,04,00+,75,0,0,0,0,680130,11.03,0,0,0,0
2023-01-06,Bremen,04,00+,72,0,0,0,0,680130,10.59,0,0,0,0
2023-01-05,Bremen,04,00+,72,0,0,0,0,680130,10.59,0,0,0,0
2023-01-04,Bremen,04,00+,67,0,0,0,0,680130,9.85,0,0,0,0
2023-01-03,Bremen,04,00+,78,0,0,0,0,680130,11.47,0,0,0,0
2023-01-02,Bremen,04,00+,63,0,0,0,0,680130,9.26,0,0,0,0
2023-12-23,Nordrhein-Westfalen,05,00+,1338,1338,NA,NA,NA,17925570,7.46,7.46,NA,NA,NA
2023-12-22,Nordrhein-Westfalen,05,00+,1292,1506,NA,NA,NA,17925570,7.21,8.4,NA,NA,NA
2023-12-21,Nordrhein-Westfalen,05,00+,1315,1554,NA,NA,NA,17925570,7.34,8.67,NA,NA,NA
2023-12-20,Nordrhein-Westfalen,05,00+,1325,1644,1876,1839,1919,17925570,7.39,9.17,10.47,10.26,10.71
2023-12-19,Nordrhein-Westfalen,05,00+,1247,1741,1942,1907,1985,17925570,6.96,9.71,10.84,10.64,11.08
2023-12-18,Nordrhein-Westfalen,05,00+,1418,1850,2007,1976,2051,17925570,7.91,10.32,11.2,11.03,11.44
2023-12-17,Nordrhein-Westfalen,05,00+,1427,1850,2007,1976,2050,17925570,7.96,10.32,11.2,11.02,11.44
2023-12-16,Nordrhein-Westfalen,05,00+,1462,1859,2014,1983,2057,17925570,8.16,10.37,11.24,11.07,11.48
2023-12-15,Nordrhein-Westfalen,05,00+,1354,1871,2004,1977,2044,17925570,7.55,10.44,11.18,11.03,11.41
2023-12-14,Nordrhein-Westfalen,05,00+,1360,1880,1995,1970,2033,17925570,7.59,10.49,11.13,10.99,11.34
2023-12-13,Nordrhein-Westfalen,05,00+,1289,1856,1955,1932,1990,17925570,7.19,10.35,10.91,10.78,11.1
2023-12-12,Nordrhein-Westfalen,05,00+,1160,1812,1893,1873,1926,17925570,6.47,10.11,10.57,10.45,10.74
2023-12-11,Nordrhein-Westfalen,05,00+,1166,1634,1689,1673,1715,17925570,6.5,9.12,9.42,9.34,9.57
2023-12-10,Nordrhein-Westfalen,05,00+,1173,1634,1689,1673,1715,17925570,6.54,9.12,9.42,9.34,9.57
2023-12-09,Nordrhein-Westfalen,05,00+,1211,1638,1692,1676,1718,17925570,6.76,9.14,9.44,9.36,9.58
2023-12-08,Nordrhein-Westfalen,05,00+,1106,1592,1639,1624,1663,17925570,6.17,8.88,9.14,9.07,9.28
2023-12-07,Nordrhein-Westfalen,05,00+,1012,1516,1556,1543,1578,17925570,5.65,8.46,8.68,8.61,8.8
2023-12-06,Nordrhein-Westfalen,05,00+,962,1522,1557,1545,1578,17925570,5.37,8.49,8.69,8.62,8.81
2023-12-05,Nordrhein-Westfalen,05,00+,895,1498,1528,1517,1548,17925570,4.99,8.36,8.53,8.46,8.64
2023-12-04,Nordrhein-Westfalen,05,00+,1134,1571,1596,1586,1616,17925570,6.33,8.76,8.91,8.85,9.02
2023-12-03,Nordrhein-Westfalen,05,00+,1150,1578,1603,1593,1623,17925570,6.42,8.8,8.95,8.89,9.06
2023-12-02,Nordrhein-Westfalen,05,00+,1161,1555,1580,1569,1599,17925570,6.48,8.67,8.81,8.76,8.92
2023-12-01,Nordrhein-Westfalen,05,00+,1085,1557,1579,1570,1597,17925570,6.05,8.69,8.81,8.76,8.91
2023-11-30,Nordrhein-Westfalen,05,00+,1006,1574,1595,1586,1611,17925570,5.61,8.78,8.9,8.85,8.99
2023-11-29,Nordrhein-Westfalen,05,00+,1032,1562,1580,1572,1595,17925570,5.76,8.71,8.82,8.77,8.9
2023-11-28,Nordrhein-Westfalen,05,00+,1037,1614,1630,1623,1643,17925570,5.79,9,9.1,9.06,9.17
2023-11-27,Nordrhein-Westfalen,05,00+,1286,1693,1705,1700,1714,17925570,7.17,9.44,9.52,9.49,9.56
2023-11-26,Nordrhein-Westfalen,05,00+,1303,1697,1709,1704,1717,17925570,7.27,9.47,9.54,9.51,9.58
2023-11-25,Nordrhein-Westfalen,05,00+,1326,1710,1722,1717,1730,17925570,7.4,9.54,9.61,9.58,9.66
2023-11-24,Nordrhein-Westfalen,05,00+,1196,1731,1741,1737,1748,17925570,6.67,9.66,9.72,9.69,9.76
2023-11-23,Nordrhein-Westfalen,05,00+,1259,1792,1801,1798,1807,17925570,7.02,10,10.05,10.03,10.08
2023-11-22,Nordrhein-Westfalen,05,00+,1107,1728,1735,1733,1739,17925570,6.18,9.64,9.68,9.67,9.71
2023-11-21,Nordrhein-Westfalen,05,00+,990,1686,1691,1689,1693,17925570,5.52,9.41,9.44,9.43,9.45
2023-11-20,Nordrhein-Westfalen,05,00+,1099,1603,1605,1604,1606,17925570,6.13,8.94,8.96,8.95,8.96
2023-11-19,Nordrhein-Westfalen,05,00+,1113,1599,1601,1600,1602,17925570,6.21,8.92,8.93,8.93,8.94
2023-11-18,Nordrhein-Westfalen,05,00+,1133,1595,1597,1596,1598,17925570,6.32,8.9,8.91,8.91,8.92
2023-11-17,Nordrhein-Westfalen,05,00+,1045,1539,1540,1540,1541,17925570,5.83,8.59,8.59,8.59,8.6
2023-11-16,Nordrhein-Westfalen,05,00+,959,1482,1482,1482,1483,17925570,5.35,8.27,8.27,8.27,8.28
2023-11-15,Nordrhein-Westfalen,05,00+,935,1561,1561,1561,1561,17925570,5.22,8.71,8.71,8.71,8.71
2023-11-14,Nordrhein-Westfalen,05,00+,840,1454,1454,1454,1454,17925570,4.69,8.11,8.11,8.11,8.11
2023-11-13,Nordrhein-Westfalen,05,00+,1087,1495,1495,1495,1495,17925570,6.06,8.34,8.34,8.34,8.34
2023-11-12,Nordrhein-Westfalen,05,00+,1107,1499,1499,1499,1499,17925570,6.18,8.36,8.36,8.36,8.36
2023-11-11,Nordrhein-Westfalen,05,00+,1132,1501,1501,1501,1501,17925570,6.32,8.37,8.37,8.37,8.37
2023-11-10,Nordrhein-Westfalen,05,00+,1116,1556,1556,1556,1556,17925570,6.23,8.68,8.68,8.68,8.68
2023-11-09,Nordrhein-Westfalen,05,00+,1107,1657,1657,1657,1657,17925570,6.18,9.24,9.24,9.24,9.24
2023-11-08,Nordrhein-Westfalen,05,00+,901,1383,1383,1383,1383,17925570,5.03,7.72,7.72,7.72,7.72
2023-11-07,Nordrhein-Westfalen,05,00+,884,1453,1453,1453,1453,17925570,4.93,8.11,8.11,8.11,8.11
2023-11-06,Nordrhein-Westfalen,05,00+,882,1342,1342,1342,1342,17925570,4.92,7.49,7.49,7.49,7.49
2023-11-05,Nordrhein-Westfalen,05,00+,898,1340,1340,1340,1340,17925570,5.01,7.48,7.48,7.48,7.48
2023-11-04,Nordrhein-Westfalen,05,00+,914,1333,1333,1333,1333,17925570,5.1,7.44,7.44,7.44,7.44
2023-11-03,Nordrhein-Westfalen,05,00+,728,1248,1248,1248,1248,17925570,4.06,6.96,6.96,6.96,6.96
2023-11-02,Nordrhein-Westfalen,05,00+,687,1126,1126,1126,1126,17925570,3.83,6.28,6.28,6.28,6.28
2023-11-01,Nordrhein-Westfalen,05,00+,840,1279,1279,1279,1279,17925570,4.69,7.14,7.14,7.14,7.14
2023-10-31,Nordrhein-Westfalen,05,00+,800,1237,1237,1237,1237,17925570,4.46,6.9,6.9,6.9,6.9
2023-10-30,Nordrhein-Westfalen,05,00+,853,1150,1150,1150,1150,17925570,4.76,6.42,6.42,6.42,6.42
2023-10-29,Nordrhein-Westfalen,05,00+,873,1152,1152,1152,1152,17925570,4.87,6.43,6.43,6.43,6.43
2023-10-28,Nordrhein-Westfalen,05,00+,897,1160,1160,1160,1160,17925570,5,6.47,6.47,6.47,6.47
2023-10-27,Nordrhein-Westfalen,05,00+,784,1109,1109,1109,1109,17925570,4.37,6.19,6.19,6.19,6.19
2023-10-26,Nordrhein-Westfalen,05,00+,735,1044,1044,1044,1044,17925570,4.1,5.82,5.82,5.82,5.82
2023-10-25,Nordrhein-Westfalen,05,00+,615,962,962,962,962,17925570,3.43,5.37,5.37,5.37,5.37
2023-10-24,Nordrhein-Westfalen,05,00+,480,840,840,840,840,17925570,2.68,4.69,4.69,4.69,4.69
2023-10-23,Nordrhein-Westfalen,05,00+,509,723,723,723,723,17925570,2.84,4.03,4.03,4.03,4.03
2023-10-22,Nordrhein-Westfalen,05,00+,524,716,716,716,716,17925570,2.92,3.99,3.99,3.99,3.99
2023-10-21,Nordrhein-Westfalen,05,00+,536,701,701,701,701,17925570,2.99,3.91,3.91,3.91,3.91
2023-10-20,Nordrhein-Westfalen,05,00+,524,691,691,691,691,17925570,2.92,3.85,3.85,3.85,3.85
2023-10-19,Nordrhein-Westfalen,05,00+,492,632,632,632,632,17925570,2.74,3.53,3.53,3.53,3.53
2023-10-18,Nordrhein-Westfalen,05,00+,460,637,637,637,637,17925570,2.57,3.55,3.55,3.55,3.55
2023-10-17,Nordrhein-Westfalen,05,00+,429,660,660,660,660,17925570,2.39,3.68,3.68,3.68,3.68
2023-10-16,Nordrhein-Westfalen,05,00+,447,639,639,639,639,17925570,2.49,3.56,3.56,3.56,3.56
2023-10-15,Nordrhein-Westfalen,05,00+,455,635,635,635,635,17925570,2.54,3.54,3.54,3.54,3.54
2023-10-14,Nordrhein-Westfalen,05,00+,466,633,633,633,633,17925570,2.6,3.53,3.53,3.53,3.53
2023-10-13,Nordrhein-Westfalen,05,00+,431,614,614,614,614,17925570,2.4,3.43,3.43,3.43,3.43
2023-10-12,Nordrhein-Westfalen,05,00+,421,612,612,612,612,17925570,2.35,3.41,3.41,3.41,3.41
2023-10-11,Nordrhein-Westfalen,05,00+,485,700,700,700,700,17925570,2.71,3.91,3.91,3.91,3.91
2023-10-10,Nordrhein-Westfalen,05,00+,373,570,570,570,570,17925570,2.08,3.18,3.18,3.18,3.18
2023-10-09,Nordrhein-Westfalen,05,00+,356,519,519,519,519,17925570,1.99,2.9,2.9,2.9,2.9
2023-10-08,Nordrhein-Westfalen,05,00+,360,512,512,512,512,17925570,2.01,2.86,2.86,2.86,2.86
2023-10-07,Nordrhein-Westfalen,05,00+,364,507,507,507,507,17925570,2.03,2.83,2.83,2.83,2.83
2023-10-06,Nordrhein-Westfalen,05,00+,358,481,481,481,481,17925570,2,2.68,2.68,2.68,2.68
2023-10-05,Nordrhein-Westfalen,05,00+,275,463,463,463,463,17925570,1.53,2.58,2.58,2.58,2.58
2023-10-04,Nordrhein-Westfalen,05,00+,211,345,345,345,345,17925570,1.18,1.92,1.92,1.92,1.92
2023-10-03,Nordrhein-Westfalen,05,00+,284,425,425,425,425,17925570,1.58,2.37,2.37,2.37,2.37
2023-10-02,Nordrhein-Westfalen,05,00+,294,410,410,410,410,17925570,1.64,2.29,2.29,2.29,2.29
2023-10-01,Nordrhein-Westfalen,05,00+,296,408,408,408,408,17925570,1.65,2.28,2.28,2.28,2.28
2023-09-30,Nordrhein-Westfalen,05,00+,300,406,406,406,406,17925570,1.67,2.26,2.26,2.26,2.26
2023-09-29,Nordrhein-Westfalen,05,00+,295,415,415,415,415,17925570,1.65,2.32,2.32,2.32,2.32
2023-09-28,Nordrhein-Westfalen,05,00+,279,397,397,397,397,17925570,1.56,2.21,2.21,2.21,2.21
2023-09-27,Nordrhein-Westfalen,05,00+,282,407,407,407,407,17925570,1.57,2.27,2.27,2.27,2.27
2023-09-26,Nordrhein-Westfalen,05,00+,280,409,409,409,409,17925570,1.56,2.28,2.28,2.28,2.28
2023-09-25,Nordrhein-Westfalen,05,00+,314,420,420,420,420,17925570,1.75,2.34,2.34,2.34,2.34
2023-09-24,Nordrhein-Westfalen,05,00+,320,425,425,425,425,17925570,1.79,2.37,2.37,2.37,2.37
2023-09-23,Nordrhein-Westfalen,05,00+,328,431,431,431,431,17925570,1.83,2.4,2.4,2.4,2.4
2023-09-22,Nordrhein-Westfalen,05,00+,315,412,412,412,412,17925570,1.76,2.3,2.3,2.3,2.3
2023-09-21,Nordrhein-Westfalen,05,00+,306,421,421,421,421,17925570,1.71,2.35,2.35,2.35,2.35
2023-09-20,Nordrhein-Westfalen,05,00+,294,416,416,416,416,17925570,1.64,2.32,2.32,2.32,2.32
2023-09-19,Nordrhein-Westfalen,05,00+,309,444,444,444,444,17925570,1.72,2.48,2.48,2.48,2.48
2023-09-18,Nordrhein-Westfalen,05,00+,350,480,480,480,480,17925570,1.95,2.68,2.68,2.68,2.68
2023-09-17,Nordrhein-Westfalen,05,00+,357,482,482,482,482,17925570,1.99,2.69,2.69,2.69,2.69
2023-09-16,Nordrhein-Westfalen,05,00+,363,479,479,479,479,17925570,2.03,2.67,2.67,2.67,2.67
2023-09-15,Nordrhein-Westfalen,05,00+,392,512,512,512,512,17925570,2.19,2.86,2.86,2.86,2.86
2023-09-14,Nordrhein-Westfalen,05,00+,407,540,540,540,540,17925570,2.27,3.01,3.01,3.01,3.01
2023-09-13,Nordrhein-Westfalen,05,00+,419,591,591,591,591,17925570,2.34,3.3,3.3,3.3,3.3
2023-09-12,Nordrhein-Westfalen,05,00+,398,595,595,595,595,17925570,2.22,3.32,3.32,3.32,3.32
2023-09-11,Nordrhein-Westfalen,05,00+,426,567,567,567,567,17925570,2.38,3.16,3.16,3.16,3.16
2023-09-10,Nordrhein-Westfalen,05,00+,435,566,566,566,566,17925570,2.43,3.16,3.16,3.16,3.16
2023-09-09,Nordrhein-Westfalen,05,00+,444,569,569,569,569,17925570,2.48,3.17,3.17,3.17,3.17
2023-09-08,Nordrhein-Westfalen,05,00+,433,569,569,569,569,17925570,2.42,3.17,3.17,3.17,3.17
2023-09-07,Nordrhein-Westfalen,05,00+,402,568,568,568,568,17925570,2.24,3.17,3.17,3.17,3.17
2023-09-06,Nordrhein-Westfalen,05,00+,378,526,526,526,526,17925570,2.11,2.93,2.93,2.93,2.93
2023-09-05,Nordrhein-Westfalen,05,00+,342,500,500,500,500,17925570,1.91,2.79,2.79,2.79,2.79
2023-09-04,Nordrhein-Westfalen,05,00+,360,502,502,502,502,17925570,2.01,2.8,2.8,2.8,2.8
2023-09-03,Nordrhein-Westfalen,05,00+,364,499,499,499,499,17925570,2.03,2.78,2.78,2.78,2.78
2023-09-02,Nordrhein-Westfalen,05,00+,375,504,504,504,504,17925570,2.09,2.81,2.81,2.81,2.81
2023-09-01,Nordrhein-Westfalen,05,00+,335,492,492,492,492,17925570,1.87,2.74,2.74,2.74,2.74
2023-08-31,Nordrhein-Westfalen,05,00+,340,481,481,481,481,17925570,1.9,2.68,2.68,2.68,2.68
2023-08-30,Nordrhein-Westfalen,05,00+,328,493,493,493,493,17925570,1.83,2.75,2.75,2.75,2.75
2023-08-29,Nordrhein-Westfalen,05,00+,306,491,491,491,491,17925570,1.71,2.74,2.74,2.74,2.74
2023-08-28,Nordrhein-Westfalen,05,00+,0,509,509,509,509,17925570,0,2.84,2.84,2.84,2.84
2023-08-27,Nordrhein-Westfalen,05,00+,0,510,510,510,510,17925570,0,2.85,2.85,2.85,2.85
2023-08-26,Nordrhein-Westfalen,05,00+,0,504,504,504,504,17925570,0,2.81,2.81,2.81,2.81
2023-08-25,Nordrhein-Westfalen,05,00+,0,497,497,497,497,17925570,0,2.77,2.77,2.77,2.77
2023-08-24,Nordrhein-Westfalen,05,00+,369,493,493,493,493,17925570,2.06,2.75,2.75,2.75,2.75
2023-08-23,Nordrhein-Westfalen,05,00+,353,473,473,473,473,17925570,1.97,2.64,2.64,2.64,2.64
2023-08-22,Nordrhein-Westfalen,05,00+,268,454,454,454,454,17925570,1.5,2.53,2.53,2.53,2.53
2023-08-21,Nordrhein-Westfalen,05,00+,250,380,380,380,380,17925570,1.39,2.12,2.12,2.12,2.12
2023-08-20,Nordrhein-Westfalen,05,00+,257,381,381,381,381,17925570,1.43,2.13,2.13,2.13,2.13
2023-08-19,Nordrhein-Westfalen,05,00+,264,379,379,379,379,17925570,1.47,2.11,2.11,2.11,2.11
2023-08-18,Nordrhein-Westfalen,05,00+,269,376,376,376,376,17925570,1.5,2.1,2.1,2.1,2.1
2023-08-17,Nordrhein-Westfalen,05,00+,241,344,344,344,344,17925570,1.34,1.92,1.92,1.92,1.92
2023-08-16,Nordrhein-Westfalen,05,00+,211,310,310,310,310,17925570,1.18,1.73,1.73,1.73,1.73
2023-08-15,Nordrhein-Westfalen,05,00+,156,287,287,287,287,17925570,0.87,1.6,1.6,1.6,1.6
2023-08-14,Nordrhein-Westfalen,05,00+,159,254,254,254,254,17925570,0.89,1.42,1.42,1.42,1.42
2023-08-13,Nordrhein-Westfalen,05,00+,160,248,248,248,248,17925570,0.89,1.38,1.38,1.38,1.38
2023-08-12,Nordrhein-Westfalen,05,00+,164,245,245,245,245,17925570,0.91,1.37,1.37,1.37,1.37
2023-08-11,Nordrhein-Westfalen,05,00+,132,205,205,205,205,17925570,0.74,1.14,1.14,1.14,1.14
2023-08-10,Nordrhein-Westfalen,05,00+,117,186,186,186,186,17925570,0.65,1.04,1.04,1.04,1.04
2023-08-09,Nordrhein-Westfalen,05,00+,115,170,170,170,170,17925570,0.64,0.95,0.95,0.95,0.95
2023-08-08,Nordrhein-Westfalen,05,00+,107,154,154,154,154,17925570,0.6,0.86,0.86,0.86,0.86
2023-08-07,Nordrhein-Westfalen,05,00+,94,134,134,134,134,17925570,0.52,0.75,0.75,0.75,0.75
2023-08-06,Nordrhein-Westfalen,05,00+,96,136,136,136,136,17925570,0.54,0.76,0.76,0.76,0.76
2023-08-05,Nordrhein-Westfalen,05,00+,98,137,137,137,137,17925570,0.55,0.76,0.76,0.76,0.76
2023-08-04,Nordrhein-Westfalen,05,00+,97,129,129,129,129,17925570,0.54,0.72,0.72,0.72,0.72
2023-08-03,Nordrhein-Westfalen,05,00+,86,118,118,118,118,17925570,0.48,0.66,0.66,0.66,0.66
2023-08-02,Nordrhein-Westfalen,05,00+,71,109,109,109,109,17925570,0.4,0.61,0.61,0.61,0.61
2023-08-01,Nordrhein-Westfalen,05,00+,64,96,96,96,96,17925570,0.36,0.54,0.54,0.54,0.54
2023-07-31,Nordrhein-Westfalen,05,00+,51,86,86,86,86,17925570,0.28,0.48,0.48,0.48,0.48
2023-07-30,Nordrhein-Westfalen,05,00+,54,86,86,86,86,17925570,0.3,0.48,0.48,0.48,0.48
2023-07-29,Nordrhein-Westfalen,05,00+,55,82,82,82,82,17925570,0.31,0.46,0.46,0.46,0.46
2023-07-28,Nordrhein-Westfalen,05,00+,56,80,80,80,80,17925570,0.31,0.45,0.45,0.45,0.45
2023-07-27,Nordrhein-Westfalen,05,00+,60,80,80,80,80,17925570,0.33,0.45,0.45,0.45,0.45
2023-07-26,Nordrhein-Westfalen,05,00+,62,85,85,85,85,17925570,0.35,0.47,0.47,0.47,0.47
2023-07-25,Nordrhein-Westfalen,05,00+,48,73,73,73,73,17925570,0.27,0.41,0.41,0.41,0.41
2023-07-24,Nordrhein-Westfalen,05,00+,64,88,88,88,88,17925570,0.36,0.49,0.49,0.49,0.49
2023-07-23,Nordrhein-Westfalen,05,00+,64,85,85,85,85,17925570,0.36,0.47,0.47,0.47,0.47
2023-07-22,Nordrhein-Westfalen,05,00+,65,85,85,85,85,17925570,0.36,0.47,0.47,0.47,0.47
2023-07-21,Nordrhein-Westfalen,05,00+,63,86,86,86,86,17925570,0.35,0.48,0.48,0.48,0.48
2023-07-20,Nordrhein-Westfalen,05,00+,68,94,94,94,94,17925570,0.38,0.52,0.52,0.52,0.52
2023-07-19,Nordrhein-Westfalen,05,00+,65,90,90,90,90,17925570,0.36,0.5,0.5,0.5,0.5
2023-07-18,Nordrhein-Westfalen,05,00+,66,108,108,108,108,17925570,0.37,0.6,0.6,0.6,0.6
2023-07-17,Nordrhein-Westfalen,05,00+,63,86,86,86,86,17925570,0.35,0.48,0.48,0.48,0.48
2023-07-16,Nordrhein-Westfalen,05,00+,64,87,87,87,87,17925570,0.36,0.49,0.49,0.49,0.49
2023-07-15,Nordrhein-Westfalen,05,00+,65,87,87,87,87,17925570,0.36,0.49,0.49,0.49,0.49
2023-07-14,Nordrhein-Westfalen,05,00+,57,84,84,84,84,17925570,0.32,0.47,0.47,0.47,0.47
2023-07-13,Nordrhein-Westfalen,05,00+,47,70,70,70,70,17925570,0.26,0.39,0.39,0.39,0.39
2023-07-12,Nordrhein-Westfalen,05,00+,30,67,67,67,67,17925570,0.17,0.37,0.37,0.37,0.37
2023-07-11,Nordrhein-Westfalen,05,00+,32,52,52,52,52,17925570,0.18,0.29,0.29,0.29,0.29
2023-07-10,Nordrhein-Westfalen,05,00+,34,48,48,48,48,17925570,0.19,0.27,0.27,0.27,0.27
2023-07-09,Nordrhein-Westfalen,05,00+,35,48,48,48,48,17925570,0.2,0.27,0.27,0.27,0.27
2023-07-08,Nordrhein-Westfalen,05,00+,37,49,49,49,49,17925570,0.21,0.27,0.27,0.27,0.27
2023-07-07,Nordrhein-Westfalen,05,00+,50,62,62,62,62,17925570,0.28,0.35,0.35,0.35,0.35
2023-07-06,Nordrhein-Westfalen,05,00+,60,75,75,75,75,17925570,0.33,0.42,0.42,0.42,0.42
2023-07-05,Nordrhein-Westfalen,05,00+,60,77,77,77,77,17925570,0.33,0.43,0.43,0.43,0.43
2023-07-04,Nordrhein-Westfalen,05,00+,54,77,77,77,77,17925570,0.3,0.43,0.43,0.43,0.43
2023-07-03,Nordrhein-Westfalen,05,00+,60,89,89,89,89,17925570,0.33,0.5,0.5,0.5,0.5
2023-07-02,Nordrhein-Westfalen,05,00+,63,91,91,91,91,17925570,0.35,0.51,0.51,0.51,0.51
2023-07-01,Nordrhein-Westfalen,05,00+,68,94,94,94,94,17925570,0.38,0.52,0.52,0.52,0.52
2023-06-30,Nordrhein-Westfalen,05,00+,61,77,77,77,77,17925570,0.34,0.43,0.43,0.43,0.43
2023-06-29,Nordrhein-Westfalen,05,00+,55,73,73,73,73,17925570,0.31,0.41,0.41,0.41,0.41
2023-06-28,Nordrhein-Westfalen,05,00+,64,86,86,86,86,17925570,0.36,0.48,0.48,0.48,0.48
2023-06-27,Nordrhein-Westfalen,05,00+,68,89,89,89,89,17925570,0.38,0.5,0.5,0.5,0.5
2023-06-26,Nordrhein-Westfalen,05,00+,76,97,97,97,97,17925570,0.42,0.54,0.54,0.54,0.54
2023-06-25,Nordrhein-Westfalen,05,00+,78,96,96,96,96,17925570,0.44,0.54,0.54,0.54,0.54
2023-06-24,Nordrhein-Westfalen,05,00+,81,95,95,95,95,17925570,0.45,0.53,0.53,0.53,0.53
2023-06-23,Nordrhein-Westfalen,05,00+,76,101,101,101,101,17925570,0.42,0.56,0.56,0.56,0.56
2023-06-22,Nordrhein-Westfalen,05,00+,84,115,115,115,115,17925570,0.47,0.64,0.64,0.64,0.64
2023-06-21,Nordrhein-Westfalen,05,00+,78,110,110,110,110,17925570,0.44,0.61,0.61,0.61,0.61
2023-06-20,Nordrhein-Westfalen,05,00+,100,131,131,131,131,17925570,0.56,0.73,0.73,0.73,0.73
2023-06-19,Nordrhein-Westfalen,05,00+,113,152,152,152,152,17925570,0.63,0.85,0.85,0.85,0.85
2023-06-18,Nordrhein-Westfalen,05,00+,118,157,157,157,157,17925570,0.66,0.88,0.88,0.88,0.88
2023-06-17,Nordrhein-Westfalen,05,00+,125,162,162,162,162,17925570,0.7,0.9,0.9,0.9,0.9
2023-06-16,Nordrhein-Westfalen,05,00+,127,179,179,179,179,17925570,0.71,1,1,1,1
2023-06-15,Nordrhein-Westfalen,05,00+,95,155,155,155,155,17925570,0.53,0.86,0.86,0.86,0.86
2023-06-14,Nordrhein-Westfalen,05,00+,105,171,171,171,171,17925570,0.59,0.95,0.95,0.95,0.95
2023-06-13,Nordrhein-Westfalen,05,00+,95,170,170,170,170,17925570,0.53,0.95,0.95,0.95,0.95
2023-06-12,Nordrhein-Westfalen,05,00+,86,163,163,163,163,17925570,0.48,0.91,0.91,0.91,0.91
2023-06-11,Nordrhein-Westfalen,05,00+,92,163,163,163,163,17925570,0.51,0.91,0.91,0.91,0.91
2023-06-10,Nordrhein-Westfalen,05,00+,96,159,159,159,159,17925570,0.54,0.89,0.89,0.89,0.89
2023-06-09,Nordrhein-Westfalen,05,00+,79,153,153,153,153,17925570,0.44,0.85,0.85,0.85,0.85
2023-06-08,Nordrhein-Westfalen,05,00+,108,182,182,182,182,17925570,0.6,1.02,1.02,1.02,1.02
2023-06-07,Nordrhein-Westfalen,05,00+,119,187,187,187,187,17925570,0.66,1.04,1.04,1.04,1.04
2023-06-06,Nordrhein-Westfalen,05,00+,170,238,238,238,238,17925570,0.95,1.33,1.33,1.33,1.33
2023-06-05,Nordrhein-Westfalen,05,00+,138,194,194,194,194,17925570,0.77,1.08,1.08,1.08,1.08
2023-06-04,Nordrhein-Westfalen,05,00+,141,191,191,191,191,17925570,0.79,1.07,1.07,1.07,1.07
2023-06-03,Nordrhein-Westfalen,05,00+,142,189,189,189,189,17925570,0.79,1.05,1.05,1.05,1.05
2023-06-02,Nordrhein-Westfalen,05,00+,144,201,201,201,201,17925570,0.8,1.12,1.12,1.12,1.12
2023-06-01,Nordrhein-Westfalen,05,00+,132,197,197,197,197,17925570,0.74,1.1,1.1,1.1,1.1
2023-05-31,Nordrhein-Westfalen,05,00+,141,219,219,219,219,17925570,0.79,1.22,1.22,1.22,1.22
2023-05-30,Nordrhein-Westfalen,05,00+,115,175,175,175,175,17925570,0.64,0.98,0.98,0.98,0.98
2023-05-29,Nordrhein-Westfalen,05,00+,194,261,261,261,261,17925570,1.08,1.46,1.46,1.46,1.46
2023-05-28,Nordrhein-Westfalen,05,00+,200,263,263,263,263,17925570,1.12,1.47,1.47,1.47,1.47
2023-05-27,Nordrhein-Westfalen,05,00+,212,272,272,272,272,17925570,1.18,1.52,1.52,1.52,1.52
2023-05-26,Nordrhein-Westfalen,05,00+,232,283,283,283,283,17925570,1.29,1.58,1.58,1.58,1.58
2023-05-25,Nordrhein-Westfalen,05,00+,180,261,261,261,261,17925570,1,1.46,1.46,1.46,1.46
2023-05-24,Nordrhein-Westfalen,05,00+,172,245,245,245,245,17925570,0.96,1.37,1.37,1.37,1.37
2023-05-23,Nordrhein-Westfalen,05,00+,160,256,256,256,256,17925570,0.89,1.43,1.43,1.43,1.43
2023-05-22,Nordrhein-Westfalen,05,00+,155,250,250,250,250,17925570,0.86,1.39,1.39,1.39,1.39
2023-05-21,Nordrhein-Westfalen,05,00+,162,256,256,256,256,17925570,0.9,1.43,1.43,1.43,1.43
2023-05-20,Nordrhein-Westfalen,05,00+,172,255,255,255,255,17925570,0.96,1.42,1.42,1.42,1.42
2023-05-19,Nordrhein-Westfalen,05,00+,179,267,267,267,267,17925570,1,1.49,1.49,1.49,1.49
2023-05-18,Nordrhein-Westfalen,05,00+,230,316,316,316,316,17925570,1.28,1.76,1.76,1.76,1.76
2023-05-17,Nordrhein-Westfalen,05,00+,240,328,328,328,328,17925570,1.34,1.83,1.83,1.83,1.83
2023-05-16,Nordrhein-Westfalen,05,00+,265,393,393,393,393,17925570,1.48,2.19,2.19,2.19,2.19
2023-05-15,Nordrhein-Westfalen,05,00+,328,444,444,444,444,17925570,1.83,2.48,2.48,2.48,2.48
2023-05-14,Nordrhein-Westfalen,05,00+,336,442,442,442,442,17925570,1.87,2.47,2.47,2.47,2.47
2023-05-13,Nordrhein-Westfalen,05,00+,357,456,456,456,456,17925570,1.99,2.54,2.54,2.54,2.54
2023-05-12,Nordrhein-Westfalen,05,00+,378,482,482,482,482,17925570,2.11,2.69,2.69,2.69,2.69
2023-05-11,Nordrhein-Westfalen,05,00+,347,493,493,493,493,17925570,1.94,2.75,2.75,2.75,2.75
2023-05-10,Nordrhein-Westfalen,05,00+,318,516,516,516,516,17925570,1.77,2.88,2.88,2.88,2.88
2023-05-09,Nordrhein-Westfalen,05,00+,383,570,570,570,570,17925570,2.14,3.18,3.18,3.18,3.18
2023-05-08,Nordrhein-Westfalen,05,00+,302,453,453,453,453,17925570,1.68,2.53,2.53,2.53,2.53
2023-05-07,Nordrhein-Westfalen,05,00+,325,470,470,470,470,17925570,1.81,2.62,2.62,2.62,2.62
2023-05-06,Nordrhein-Westfalen,05,00+,342,467,467,467,467,17925570,1.91,2.61,2.61,2.61,2.61
2023-05-05,Nordrhein-Westfalen,05,00+,335,458,458,458,458,17925570,1.87,2.56,2.56,2.56,2.56
2023-05-04,Nordrhein-Westfalen,05,00+,328,460,460,460,460,17925570,1.83,2.57,2.57,2.57,2.57
2023-05-03,Nordrhein-Westfalen,05,00+,288,462,462,462,462,17925570,1.61,2.58,2.58,2.58,2.58
2023-05-02,Nordrhein-Westfalen,05,00+,246,412,412,412,412,17925570,1.37,2.3,2.3,2.3,2.3
2023-05-01,Nordrhein-Westfalen,05,00+,398,569,569,569,569,17925570,2.22,3.17,3.17,3.17,3.17
2023-04-30,Nordrhein-Westfalen,05,00+,414,559,559,559,559,17925570,2.31,3.12,3.12,3.12,3.12
2023-04-29,Nordrhein-Westfalen,05,00+,429,554,554,554,554,17925570,2.39,3.09,3.09,3.09,3.09
2023-04-28,Nordrhein-Westfalen,05,00+,427,555,555,555,555,17925570,2.38,3.1,3.1,3.1,3.1
2023-04-27,Nordrhein-Westfalen,05,00+,417,586,586,586,586,17925570,2.33,3.27,3.27,3.27,3.27
2023-04-26,Nordrhein-Westfalen,05,00+,424,616,616,616,616,17925570,2.37,3.44,3.44,3.44,3.44
2023-04-25,Nordrhein-Westfalen,05,00+,388,605,605,605,605,17925570,2.16,3.38,3.38,3.38,3.38
2023-04-24,Nordrhein-Westfalen,05,00+,427,600,600,600,600,17925570,2.38,3.35,3.35,3.35,3.35
2023-04-23,Nordrhein-Westfalen,05,00+,440,599,599,599,599,17925570,2.45,3.34,3.34,3.34,3.34
2023-04-22,Nordrhein-Westfalen,05,00+,466,610,610,610,610,17925570,2.6,3.4,3.4,3.4,3.4
2023-04-21,Nordrhein-Westfalen,05,00+,441,624,624,624,624,17925570,2.46,3.48,3.48,3.48,3.48
2023-04-20,Nordrhein-Westfalen,05,00+,433,638,638,638,638,17925570,2.42,3.56,3.56,3.56,3.56
2023-04-19,Nordrhein-Westfalen,05,00+,498,662,662,662,662,17925570,2.78,3.69,3.69,3.69,3.69
2023-04-18,Nordrhein-Westfalen,05,00+,614,841,841,841,841,17925570,3.43,4.69,4.69,4.69,4.69
2023-04-17,Nordrhein-Westfalen,05,00+,485,699,699,699,699,17925570,2.71,3.9,3.9,3.9,3.9
2023-04-16,Nordrhein-Westfalen,05,00+,518,721,721,721,721,17925570,2.89,4.02,4.02,4.02,4.02
2023-04-15,Nordrhein-Westfalen,05,00+,555,734,734,734,734,17925570,3.1,4.09,4.09,4.09,4.09
2023-04-14,Nordrhein-Westfalen,05,00+,480,667,667,667,667,17925570,2.68,3.72,3.72,3.72,3.72
2023-04-13,Nordrhein-Westfalen,05,00+,461,654,654,654,654,17925570,2.57,3.65,3.65,3.65,3.65
2023-04-12,Nordrhein-Westfalen,05,00+,313,664,664,664,664,17925570,1.75,3.7,3.7,3.7,3.7
2023-04-11,Nordrhein-Westfalen,05,00+,250,559,559,559,559,17925570,1.39,3.12,3.12,3.12,3.12
2023-04-10,Nordrhein-Westfalen,05,00+,494,812,812,812,812,17925570,2.76,4.53,4.53,4.53,4.53
2023-04-09,Nordrhein-Westfalen,05,00+,521,810,810,810,810,17925570,2.91,4.52,4.52,4.52,4.52
2023-04-08,Nordrhein-Westfalen,05,00+,555,816,816,816,816,17925570,3.1,4.55,4.55,4.55,4.55
2023-04-07,Nordrhein-Westfalen,05,00+,710,977,977,977,977,17925570,3.96,5.45,5.45,5.45,5.45
2023-04-06,Nordrhein-Westfalen,05,00+,749,1057,1057,1057,1057,17925570,4.18,5.9,5.9,5.9,5.9
2023-04-05,Nordrhein-Westfalen,05,00+,753,1134,1134,1134,1134,17925570,4.2,6.33,6.33,6.33,6.33
2023-04-04,Nordrhein-Westfalen,05,00+,752,1173,1173,1173,1173,17925570,4.2,6.54,6.54,6.54,6.54
2023-04-03,Nordrhein-Westfalen,05,00+,833,1272,1272,1272,1272,17925570,4.65,7.1,7.1,7.1,7.1
2023-04-02,Nordrhein-Westfalen,05,00+,873,1286,1286,1286,1286,17925570,4.87,7.17,7.17,7.17,7.17
2023-04-01,Nordrhein-Westfalen,05,00+,919,1296,1296,1296,1296,17925570,5.13,7.23,7.23,7.23,7.23
2023-03-31,Nordrhein-Westfalen,05,00+,945,1340,1340,1340,1340,17925570,5.27,7.48,7.48,7.48,7.48
2023-03-30,Nordrhein-Westfalen,05,00+,960,1421,1421,1421,1421,17925570,5.36,7.93,7.93,7.93,7.93
2023-03-29,Nordrhein-Westfalen,05,00+,973,1488,1488,1488,1488,17925570,5.43,8.3,8.3,8.3,8.3
2023-03-28,Nordrhein-Westfalen,05,00+,942,1587,1587,1587,1587,17925570,5.26,8.85,8.85,8.85,8.85
2023-03-27,Nordrhein-Westfalen,05,00+,1184,1753,1753,1753,1753,17925570,6.61,9.78,9.78,9.78,9.78
2023-03-26,Nordrhein-Westfalen,05,00+,1263,1791,1791,1791,1791,17925570,7.05,9.99,9.99,9.99,9.99
2023-03-25,Nordrhein-Westfalen,05,00+,1360,1856,1856,1856,1856,17925570,7.59,10.35,10.35,10.35,10.35
2023-03-24,Nordrhein-Westfalen,05,00+,1294,1905,1905,1905,1905,17925570,7.22,10.63,10.63,10.63,10.63
2023-03-23,Nordrhein-Westfalen,05,00+,1342,1986,1986,1986,1986,17925570,7.49,11.08,11.08,11.08,11.08
2023-03-22,Nordrhein-Westfalen,05,00+,1389,2133,2133,2133,2133,17925570,7.75,11.9,11.9,11.9,11.9
2023-03-21,Nordrhein-Westfalen,05,00+,1345,2268,2268,2268,2268,17925570,7.5,12.65,12.65,12.65,12.65
2023-03-20,Nordrhein-Westfalen,05,00+,1540,2333,2333,2333,2333,17925570,8.59,13.01,13.01,13.01,13.01
2023-03-19,Nordrhein-Westfalen,05,00+,1632,2356,2356,2356,2356,17925570,9.1,13.14,13.14,13.14,13.14
2023-03-18,Nordrhein-Westfalen,05,00+,1741,2353,2353,2353,2353,17925570,9.71,13.13,13.13,13.13,13.13
2023-03-17,Nordrhein-Westfalen,05,00+,1718,2374,2374,2374,2374,17925570,9.58,13.24,13.24,13.24,13.24
2023-03-16,Nordrhein-Westfalen,05,00+,1631,2422,2422,2422,2422,17925570,9.1,13.51,13.51,13.51,13.51
2023-03-15,Nordrhein-Westfalen,05,00+,1562,2362,2362,2362,2362,17925570,8.71,13.18,13.18,13.18,13.18
2023-03-14,Nordrhein-Westfalen,05,00+,1407,2312,2312,2312,2312,17925570,7.85,12.9,12.9,12.9,12.9
2023-03-13,Nordrhein-Westfalen,05,00+,1399,2247,2247,2247,2247,17925570,7.8,12.54,12.54,12.54,12.54
2023-03-12,Nordrhein-Westfalen,05,00+,1486,2225,2225,2225,2225,17925570,8.29,12.41,12.41,12.41,12.41
2023-03-11,Nordrhein-Westfalen,05,00+,1581,2204,2204,2204,2204,17925570,8.82,12.3,12.3,12.3,12.3
2023-03-10,Nordrhein-Westfalen,05,00+,1529,2192,2192,2192,2192,17925570,8.53,12.23,12.23,12.23,12.23
2023-03-09,Nordrhein-Westfalen,05,00+,1395,2099,2099,2099,2099,17925570,7.78,11.71,11.71,11.71,11.71
2023-03-08,Nordrhein-Westfalen,05,00+,1276,2095,2095,2095,2095,17925570,7.12,11.69,11.69,11.69,11.69
2023-03-07,Nordrhein-Westfalen,05,00+,1303,2182,2182,2182,2182,17925570,7.27,12.17,12.17,12.17,12.17
2023-03-06,Nordrhein-Westfalen,05,00+,1422,2263,2263,2263,2263,17925570,7.93,12.62,12.62,12.62,12.62
2023-03-05,Nordrhein-Westfalen,05,00+,1553,2318,2318,2318,2318,17925570,8.66,12.93,12.93,12.93,12.93
2023-03-04,Nordrhein-Westfalen,05,00+,1687,2382,2382,2382,2382,17925570,9.41,13.29,13.29,13.29,13.29
2023-03-03,Nordrhein-Westfalen,05,00+,1682,2443,2443,2443,2443,17925570,9.38,13.63,13.63,13.63,13.63
2023-03-02,Nordrhein-Westfalen,05,00+,1589,2527,2527,2527,2527,17925570,8.86,14.1,14.1,14.1,14.1
2023-03-01,Nordrhein-Westfalen,05,00+,1528,2576,2576,2576,2576,17925570,8.52,14.37,14.37,14.37,14.37
2023-02-28,Nordrhein-Westfalen,05,00+,1720,2803,2803,2803,2803,17925570,9.6,15.64,15.64,15.64,15.64
2023-02-27,Nordrhein-Westfalen,05,00+,1567,2520,2520,2520,2520,17925570,8.74,14.06,14.06,14.06,14.06
2023-02-26,Nordrhein-Westfalen,05,00+,1687,2519,2519,2519,2519,17925570,9.41,14.05,14.05,14.05,14.05
2023-02-25,Nordrhein-Westfalen,05,00+,1784,2471,2471,2471,2471,17925570,9.95,13.78,13.78,13.78,13.78
2023-02-24,Nordrhein-Westfalen,05,00+,1539,2462,2462,2462,2462,17925570,8.59,13.73,13.73,13.73,13.73
2023-02-23,Nordrhein-Westfalen,05,00+,1503,2416,2416,2416,2416,17925570,8.38,13.48,13.48,13.48,13.48
2023-02-22,Nordrhein-Westfalen,05,00+,1215,2439,2439,2439,2439,17925570,6.78,13.61,13.61,13.61,13.61
2023-02-21,Nordrhein-Westfalen,05,00+,1063,2230,2230,2230,2230,17925570,5.93,12.44,12.44,12.44,12.44
2023-02-20,Nordrhein-Westfalen,05,00+,1565,2462,2462,2462,2462,17925570,8.73,13.73,13.73,13.73,13.73
2023-02-19,Nordrhein-Westfalen,05,00+,1675,2443,2443,2443,2443,17925570,9.34,13.63,13.63,13.63,13.63
2023-02-18,Nordrhein-Westfalen,05,00+,1786,2444,2444,2444,2444,17925570,9.96,13.63,13.63,13.63,13.63
2023-02-17,Nordrhein-Westfalen,05,00+,1682,2399,2399,2399,2399,17925570,9.38,13.38,13.38,13.38,13.38
2023-02-16,Nordrhein-Westfalen,05,00+,1509,2404,2404,2404,2404,17925570,8.42,13.41,13.41,13.41,13.41
2023-02-15,Nordrhein-Westfalen,05,00+,1410,2296,2296,2296,2296,17925570,7.87,12.81,12.81,12.81,12.81
2023-02-14,Nordrhein-Westfalen,05,00+,1199,2162,2162,2162,2162,17925570,6.69,12.06,12.06,12.06,12.06
2023-02-13,Nordrhein-Westfalen,05,00+,1231,2024,2024,2024,2024,17925570,6.87,11.29,11.29,11.29,11.29
2023-02-12,Nordrhein-Westfalen,05,00+,1315,1995,1995,1995,1995,17925570,7.34,11.13,11.13,11.13,11.13
2023-02-11,Nordrhein-Westfalen,05,00+,1405,1978,1978,1978,1978,17925570,7.84,11.03,11.03,11.03,11.03
2023-02-10,Nordrhein-Westfalen,05,00+,1368,1982,1982,1982,1982,17925570,7.63,11.06,11.06,11.06,11.06
2023-02-09,Nordrhein-Westfalen,05,00+,1309,1907,1907,1907,1907,17925570,7.3,10.64,10.64,10.64,10.64
2023-02-08,Nordrhein-Westfalen,05,00+,1192,1833,1833,1833,1833,17925570,6.65,10.23,10.23,10.23,10.23
2023-02-07,Nordrhein-Westfalen,05,00+,1079,1776,1776,1776,1776,17925570,6.02,9.91,9.91,9.91,9.91
2023-02-06,Nordrhein-Westfalen,05,00+,1038,1661,1661,1661,1661,17925570,5.79,9.27,9.27,9.27,9.27
2023-02-05,Nordrhein-Westfalen,05,00+,1113,1645,1645,1645,1645,17925570,6.21,9.18,9.18,9.18,9.18
2023-02-04,Nordrhein-Westfalen,05,00+,1178,1615,1615,1615,1615,17925570,6.57,9.01,9.01,9.01,9.01
2023-02-03,Nordrhein-Westfalen,05,00+,1092,1512,1512,1512,1512,17925570,6.09,8.43,8.43,8.43,8.43
2023-02-02,Nordrhein-Westfalen,05,00+,1061,1462,1462,1462,1462,17925570,5.92,8.16,8.16,8.16,8.16
2023-02-01,Nordrhein-Westfalen,05,00+,974,1384,1384,1384,1384,17925570,5.43,7.72,7.72,7.72,7.72
2023-01-31,Nordrhein-Westfalen,05,00+,879,1319,1319,1319,1319,17925570,4.9,7.36,7.36,7.36,7.36
2023-01-30,Nordrhein-Westfalen,05,00+,820,1291,1291,1291,1291,17925570,4.57,7.2,7.2,7.2,7.2
2023-01-29,Nordrhein-Westfalen,05,00+,876,1271,1271,1271,1271,17925570,4.89,7.09,7.09,7.09,7.09
2023-01-28,Nordrhein-Westfalen,05,00+,916,1248,1248,1248,1248,17925570,5.11,6.96,6.96,6.96,6.96
2023-01-27,Nordrhein-Westfalen,05,00+,846,1189,1189,1189,1189,17925570,4.72,6.63,6.63,6.63,6.63
2023-01-26,Nordrhein-Westfalen,05,00+,785,1133,1133,1133,1133,17925570,4.38,6.32,6.32,6.32,6.32
2023-01-25,Nordrhein-Westfalen,05,00+,787,1133,1133,1133,1133,17925570,4.39,6.32,6.32,6.32,6.32
2023-01-24,Nordrhein-Westfalen,05,00+,743,1108,1108,1108,1108,17925570,4.14,6.18,6.18,6.18,6.18
2023-01-23,Nordrhein-Westfalen,05,00+,786,1154,1154,1154,1154,17925570,4.38,6.44,6.44,6.44,6.44
2023-01-22,Nordrhein-Westfalen,05,00+,829,1144,1144,1144,1144,17925570,4.62,6.38,6.38,6.38,6.38
2023-01-21,Nordrhein-Westfalen,05,00+,883,1164,1164,1164,1164,17925570,4.93,6.49,6.49,6.49,6.49
2023-01-20,Nordrhein-Westfalen,05,00+,921,1233,1233,1233,1233,17925570,5.14,6.88,6.88,6.88,6.88
2023-01-19,Nordrhein-Westfalen,05,00+,927,1295,1295,1295,1295,17925570,5.17,7.22,7.22,7.22,7.22
2023-01-18,Nordrhein-Westfalen,05,00+,973,1356,1356,1356,1356,17925570,5.43,7.56,7.56,7.56,7.56
2023-01-17,Nordrhein-Westfalen,05,00+,993,1439,1439,1439,1439,17925570,5.54,8.03,8.03,8.03,8.03
2023-01-16,Nordrhein-Westfalen,05,00+,1104,1581,1581,1581,1581,17925570,6.16,8.82,8.82,8.82,8.82
2023-01-15,Nordrhein-Westfalen,05,00+,1179,1617,1617,1617,1617,17925570,6.58,9.02,9.02,9.02,9.02
2023-01-14,Nordrhein-Westfalen,05,00+,1270,1665,1665,1665,1665,17925570,7.08,9.29,9.29,9.29,9.29
2023-01-13,Nordrhein-Westfalen,05,00+,1316,1752,1752,1752,1752,17925570,7.34,9.77,9.77,9.77,9.77
2023-01-12,Nordrhein-Westfalen,05,00+,1416,1904,1904,1904,1904,17925570,7.9,10.62,10.62,10.62,10.62
2023-01-11,Nordrhein-Westfalen,05,00+,1480,2081,2081,2081,2081,17925570,8.26,11.61,11.61,11.61,11.61
2023-01-10,Nordrhein-Westfalen,05,00+,1459,2258,2258,2258,2258,17925570,8.14,12.6,12.6,12.6,12.6
2023-01-09,Nordrhein-Westfalen,05,00+,1484,2350,2350,2350,2350,17925570,8.28,13.11,13.11,13.11,13.11
2023-01-08,Nordrhein-Westfalen,05,00+,1585,2403,2403,2403,2403,17925570,8.84,13.41,13.41,13.41,13.41
2023-01-07,Nordrhein-Westfalen,05,00+,1710,0,0,0,0,17925570,9.54,0,0,0,0
2023-01-06,Nordrhein-Westfalen,05,00+,1730,0,0,0,0,17925570,9.65,0,0,0,0
2023-01-05,Nordrhein-Westfalen,05,00+,1779,0,0,0,0,17925570,9.92,0,0,0,0
2023-01-04,Nordrhein-Westfalen,05,00+,1676,0,0,0,0,17925570,9.35,0,0,0,0
2023-01-03,Nordrhein-Westfalen,05,00+,1665,0,0,0,0,17925570,9.29,0,0,0,0
2023-01-02,Nordrhein-Westfalen,05,00+,1322,0,0,0,0,17925570,7.37,0,0,0,0
2023-12-23,Hessen,06,00+,533,533,NA,NA,NA,6293154,8.47,8.47,NA,NA,NA
2023-12-22,Hessen,06,00+,509,574,NA,NA,NA,6293154,8.09,9.12,NA,NA,NA
2023-12-21,Hessen,06,00+,487,579,NA,NA,NA,6293154,7.74,9.2,NA,NA,NA
2023-12-20,Hessen,06,00+,483,592,682,666,699,6293154,7.68,9.41,10.85,10.6,11.11
2023-12-19,Hessen,06,00+,512,630,704,689,719,6293154,8.14,10.01,11.19,10.95,11.44
2023-12-18,Hessen,06,00+,556,699,757,745,772,6293154,8.83,11.11,12.03,11.84,12.27
2023-12-17,Hessen,06,00+,566,701,758,747,773,6293154,8.99,11.14,12.06,11.87,12.3
2023-12-16,Hessen,06,00+,570,694,750,739,765,6293154,9.06,11.03,11.92,11.74,12.16
2023-12-15,Hessen,06,00+,544,686,735,725,749,6293154,8.64,10.9,11.68,11.53,11.9
2023-12-14,Hessen,06,00+,516,658,699,690,713,6293154,8.2,10.46,11.12,10.97,11.33
2023-12-13,Hessen,06,00+,475,645,680,672,693,6293154,7.55,10.25,10.82,10.69,11.02
2023-12-12,Hessen,06,00+,446,620,648,641,659,6293154,7.09,9.85,10.3,10.2,10.48
2023-12-11,Hessen,06,00+,404,567,585,580,594,6293154,6.42,9.01,9.31,9.22,9.45
2023-12-10,Hessen,06,00+,408,562,580,574,589,6293154,6.48,8.93,9.22,9.14,9.36
2023-12-09,Hessen,06,00+,410,561,579,573,587,6293154,6.52,8.91,9.2,9.12,9.34
2023-12-08,Hessen,06,00+,423,561,577,572,586,6293154,6.72,8.91,9.18,9.1,9.31
2023-12-07,Hessen,06,00+,415,550,564,560,572,6293154,6.59,8.74,8.97,8.9,9.1
2023-12-06,Hessen,06,00+,404,544,557,552,564,6293154,6.42,8.64,8.85,8.78,8.97
2023-12-05,Hessen,06,00+,343,514,524,520,531,6293154,5.45,8.17,8.34,8.27,8.45
2023-12-04,Hessen,06,00+,367,497,505,501,511,6293154,5.83,7.9,8.03,7.97,8.13
2023-12-03,Hessen,06,00+,367,492,500,496,506,6293154,5.83,7.82,7.95,7.89,8.04
2023-12-02,Hessen,06,00+,373,494,501,498,508,6293154,5.93,7.85,7.98,7.92,8.07
2023-12-01,Hessen,06,00+,348,487,494,491,499,6293154,5.53,7.74,7.85,7.8,7.94
2023-11-30,Hessen,06,00+,306,480,486,483,491,6293154,4.86,7.63,7.73,7.69,7.81
2023-11-29,Hessen,06,00+,338,504,509,507,514,6293154,5.37,8.01,8.1,8.06,8.18
2023-11-28,Hessen,06,00+,337,520,525,523,529,6293154,5.36,8.26,8.35,8.31,8.41
2023-11-27,Hessen,06,00+,366,531,534,533,537,6293154,5.82,8.44,8.5,8.48,8.54
2023-11-26,Hessen,06,00+,377,544,547,546,550,6293154,5.99,8.64,8.71,8.68,8.75
2023-11-25,Hessen,06,00+,382,544,547,546,550,6293154,6.07,8.64,8.71,8.68,8.75
2023-11-24,Hessen,06,00+,377,534,537,536,539,6293154,5.99,8.49,8.54,8.52,8.58
2023-11-23,Hessen,06,00+,368,543,546,544,548,6293154,5.85,8.63,8.68,8.66,8.71
2023-11-22,Hessen,06,00+,363,521,523,522,524,6293154,5.77,8.28,8.32,8.3,8.34
2023-11-21,Hessen,06,00+,314,486,487,487,488,6293154,4.99,7.72,7.75,7.74,7.76
2023-11-20,Hessen,06,00+,278,454,454,454,455,6293154,4.42,7.21,7.23,7.22,7.23
2023-11-19,Hessen,06,00+,286,450,450,450,450,6293154,4.54,7.15,7.16,7.16,7.17
2023-11-18,Hessen,06,00+,293,451,451,451,451,6293154,4.66,7.17,7.18,7.17,7.18
2023-11-17,Hessen,06,00+,290,461,461,461,461,6293154,4.61,7.33,7.33,7.33,7.34
2023-11-16,Hessen,06,00+,300,463,463,463,463,6293154,4.77,7.36,7.36,7.36,7.36
2023-11-15,Hessen,06,00+,309,465,465,465,465,6293154,4.91,7.39,7.39,7.39,7.39
2023-11-14,Hessen,06,00+,286,442,442,442,442,6293154,4.54,7.02,7.02,7.02,7.03
2023-11-13,Hessen,06,00+,294,439,439,439,439,6293154,4.67,6.98,6.98,6.98,6.98
2023-11-12,Hessen,06,00+,303,439,439,439,439,6293154,4.81,6.98,6.98,6.98,6.98
2023-11-11,Hessen,06,00+,314,444,444,444,444,6293154,4.99,7.06,7.06,7.06,7.06
2023-11-10,Hessen,06,00+,299,426,426,426,426,6293154,4.75,6.77,6.77,6.77,6.77
2023-11-09,Hessen,06,00+,283,411,411,411,411,6293154,4.5,6.53,6.53,6.53,6.53
2023-11-08,Hessen,06,00+,278,400,400,400,400,6293154,4.42,6.36,6.36,6.36,6.36
2023-11-07,Hessen,06,00+,300,451,451,451,451,6293154,4.77,7.17,7.17,7.17,7.17
2023-11-06,Hessen,06,00+,329,471,471,471,471,6293154,5.23,7.48,7.48,7.48,7.48
2023-11-05,Hessen,06,00+,349,482,482,482,482,6293154,5.55,7.66,7.66,7.66,7.66
2023-11-04,Hessen,06,00+,359,480,480,480,480,6293154,5.7,7.63,7.63,7.63,7.63
2023-11-03,Hessen,06,00+,389,505,505,505,505,6293154,6.18,8.02,8.02,8.02,8.02
2023-11-02,Hessen,06,00+,367,500,500,500,500,6293154,5.83,7.95,7.95,7.95,7.95
2023-11-01,Hessen,06,00+,342,496,496,496,496,6293154,5.43,7.88,7.88,7.88,7.88
2023-10-31,Hessen,06,00+,311,471,471,471,471,6293154,4.94,7.48,7.48,7.48,7.48
2023-10-30,Hessen,06,00+,296,449,449,449,449,6293154,4.7,7.13,7.13,7.13,7.13
2023-10-29,Hessen,06,00+,305,439,439,439,439,6293154,4.85,6.98,6.98,6.98,6.98
2023-10-28,Hessen,06,00+,315,439,439,439,439,6293154,5.01,6.98,6.98,6.98,6.98
2023-10-27,Hessen,06,00+,302,412,412,412,412,6293154,4.8,6.55,6.55,6.55,6.55
2023-10-26,Hessen,06,00+,295,409,409,409,409,6293154,4.69,6.5,6.5,6.5,6.5
2023-10-25,Hessen,06,00+,260,392,392,392,392,6293154,4.13,6.23,6.23,6.23,6.23
2023-10-24,Hessen,06,00+,241,379,379,379,379,6293154,3.83,6.02,6.02,6.02,6.02
2023-10-23,Hessen,06,00+,256,366,366,366,366,6293154,4.07,5.82,5.82,5.82,5.82
2023-10-22,Hessen,06,00+,262,363,363,363,363,6293154,4.16,5.77,5.77,5.77,5.77
2023-10-21,Hessen,06,00+,267,359,359,359,359,6293154,4.24,5.7,5.7,5.7,5.7
2023-10-20,Hessen,06,00+,266,361,361,361,361,6293154,4.23,5.74,5.74,5.74,5.74
2023-10-19,Hessen,06,00+,253,351,351,351,351,6293154,4.02,5.58,5.58,5.58,5.58
2023-10-18,Hessen,06,00+,259,361,361,361,361,6293154,4.12,5.74,5.74,5.74,5.74
2023-10-17,Hessen,06,00+,233,340,340,340,340,6293154,3.7,5.4,5.4,5.4,5.4
2023-10-16,Hessen,06,00+,250,329,329,329,329,6293154,3.97,5.23,5.23,5.23,5.23
2023-10-15,Hessen,06,00+,256,328,328,328,328,6293154,4.07,5.21,5.21,5.21,5.21
2023-10-14,Hessen,06,00+,259,325,325,325,325,6293154,4.12,5.16,5.16,5.16,5.16
2023-10-13,Hessen,06,00+,244,318,318,318,318,6293154,3.88,5.05,5.05,5.05,5.05
2023-10-12,Hessen,06,00+,220,325,325,325,325,6293154,3.5,5.16,5.16,5.16,5.16
2023-10-11,Hessen,06,00+,248,339,339,339,339,6293154,3.94,5.39,5.39,5.39,5.39
2023-10-10,Hessen,06,00+,197,296,296,296,296,6293154,3.13,4.7,4.7,4.7,4.7
2023-10-09,Hessen,06,00+,192,279,279,279,279,6293154,3.05,4.43,4.43,4.43,4.43
2023-10-08,Hessen,06,00+,200,283,283,283,283,6293154,3.18,4.5,4.5,4.5,4.5
2023-10-07,Hessen,06,00+,203,285,285,285,285,6293154,3.23,4.53,4.53,4.53,4.53
2023-10-06,Hessen,06,00+,213,298,298,298,298,6293154,3.38,4.74,4.74,4.74,4.74
2023-10-05,Hessen,06,00+,176,297,297,297,297,6293154,2.8,4.72,4.72,4.72,4.72
2023-10-04,Hessen,06,00+,146,261,261,261,261,6293154,2.32,4.15,4.15,4.15,4.15
2023-10-03,Hessen,06,00+,175,298,298,298,298,6293154,2.78,4.74,4.74,4.74,4.74
2023-10-02,Hessen,06,00+,157,269,269,269,269,6293154,2.49,4.27,4.27,4.27,4.27
2023-10-01,Hessen,06,00+,158,260,260,260,260,6293154,2.51,4.13,4.13,4.13,4.13
2023-09-30,Hessen,06,00+,158,255,255,255,255,6293154,2.51,4.05,4.05,4.05,4.05
2023-09-29,Hessen,06,00+,154,229,229,229,229,6293154,2.45,3.64,3.64,3.64,3.64
2023-09-28,Hessen,06,00+,140,214,214,214,214,6293154,2.22,3.4,3.4,3.4,3.4
2023-09-27,Hessen,06,00+,128,198,198,198,198,6293154,2.03,3.15,3.15,3.15,3.15
2023-09-26,Hessen,06,00+,128,197,197,197,197,6293154,2.03,3.13,3.13,3.13,3.13
2023-09-25,Hessen,06,00+,139,210,210,210,210,6293154,2.21,3.34,3.34,3.34,3.34
2023-09-24,Hessen,06,00+,141,211,211,211,211,6293154,2.24,3.35,3.35,3.35,3.35
2023-09-23,Hessen,06,00+,144,214,214,214,214,6293154,2.29,3.4,3.4,3.4,3.4
2023-09-22,Hessen,06,00+,146,211,211,211,211,6293154,2.32,3.35,3.35,3.35,3.35
2023-09-21,Hessen,06,00+,146,207,207,207,207,6293154,2.32,3.29,3.29,3.29,3.29
2023-09-20,Hessen,06,00+,132,205,205,205,205,6293154,2.1,3.26,3.26,3.26,3.26
2023-09-19,Hessen,06,00+,132,204,204,204,204,6293154,2.1,3.24,3.24,3.24,3.24
2023-09-18,Hessen,06,00+,139,192,192,192,192,6293154,2.21,3.05,3.05,3.05,3.05
2023-09-17,Hessen,06,00+,142,193,193,193,193,6293154,2.26,3.07,3.07,3.07,3.07
2023-09-16,Hessen,06,00+,148,196,196,196,196,6293154,2.35,3.11,3.11,3.11,3.11
2023-09-15,Hessen,06,00+,149,199,199,199,199,6293154,2.37,3.16,3.16,3.16,3.16
2023-09-14,Hessen,06,00+,147,201,201,201,201,6293154,2.34,3.19,3.19,3.19,3.19
2023-09-13,Hessen,06,00+,152,212,212,212,212,6293154,2.42,3.37,3.37,3.37,3.37
2023-09-12,Hessen,06,00+,131,207,207,207,207,6293154,2.08,3.29,3.29,3.29,3.29
2023-09-11,Hessen,06,00+,134,189,189,189,189,6293154,2.13,3,3,3,3
2023-09-10,Hessen,06,00+,136,188,188,188,188,6293154,2.16,2.99,2.99,2.99,2.99
2023-09-09,Hessen,06,00+,138,185,185,185,185,6293154,2.19,2.94,2.94,2.94,2.94
2023-09-08,Hessen,06,00+,132,182,182,182,182,6293154,2.1,2.89,2.89,2.89,2.89
2023-09-07,Hessen,06,00+,121,167,167,167,167,6293154,1.92,2.65,2.65,2.65,2.65
2023-09-06,Hessen,06,00+,95,149,149,149,149,6293154,1.51,2.37,2.37,2.37,2.37
2023-09-05,Hessen,06,00+,88,134,134,134,134,6293154,1.4,2.13,2.13,2.13,2.13
2023-09-04,Hessen,06,00+,79,119,119,119,119,6293154,1.26,1.89,1.89,1.89,1.89
2023-09-03,Hessen,06,00+,79,117,117,117,117,6293154,1.26,1.86,1.86,1.86,1.86
2023-09-02,Hessen,06,00+,80,116,116,116,116,6293154,1.27,1.84,1.84,1.84,1.84
2023-09-01,Hessen,06,00+,83,111,111,111,111,6293154,1.32,1.76,1.76,1.76,1.76
2023-08-31,Hessen,06,00+,77,116,116,116,116,6293154,1.22,1.84,1.84,1.84,1.84
2023-08-30,Hessen,06,00+,65,106,106,106,106,6293154,1.03,1.68,1.68,1.68,1.68
2023-08-29,Hessen,06,00+,69,108,108,108,108,6293154,1.1,1.72,1.72,1.72,1.72
2023-08-28,Hessen,06,00+,0,108,108,108,108,6293154,0,1.72,1.72,1.72,1.72
2023-08-27,Hessen,06,00+,0,108,108,108,108,6293154,0,1.72,1.72,1.72,1.72
2023-08-26,Hessen,06,00+,0,108,108,108,108,6293154,0,1.72,1.72,1.72,1.72
2023-08-25,Hessen,06,00+,0,99,99,99,99,6293154,0,1.57,1.57,1.57,1.57
2023-08-24,Hessen,06,00+,71,90,90,90,90,6293154,1.13,1.43,1.43,1.43,1.43
2023-08-23,Hessen,06,00+,73,94,94,94,94,6293154,1.16,1.49,1.49,1.49,1.49
2023-08-22,Hessen,06,00+,63,88,88,88,88,6293154,1,1.4,1.4,1.4,1.4
2023-08-21,Hessen,06,00+,61,92,92,92,92,6293154,0.97,1.46,1.46,1.46,1.46
2023-08-20,Hessen,06,00+,61,92,92,92,92,6293154,0.97,1.46,1.46,1.46,1.46
2023-08-19,Hessen,06,00+,62,91,91,91,91,6293154,0.99,1.45,1.45,1.45,1.45
2023-08-18,Hessen,06,00+,64,97,97,97,97,6293154,1.02,1.54,1.54,1.54,1.54
2023-08-17,Hessen,06,00+,58,95,95,95,95,6293154,0.92,1.51,1.51,1.51,1.51
2023-08-16,Hessen,06,00+,60,88,88,88,88,6293154,0.95,1.4,1.4,1.4,1.4
2023-08-15,Hessen,06,00+,56,87,87,87,87,6293154,0.89,1.38,1.38,1.38,1.38
2023-08-14,Hessen,06,00+,57,73,73,73,73,6293154,0.91,1.16,1.16,1.16,1.16
2023-08-13,Hessen,06,00+,57,73,73,73,73,6293154,0.91,1.16,1.16,1.16,1.16
2023-08-12,Hessen,06,00+,58,73,73,73,73,6293154,0.92,1.16,1.16,1.16,1.16
2023-08-11,Hessen,06,00+,60,69,69,69,69,6293154,0.95,1.1,1.1,1.1,1.1
2023-08-10,Hessen,06,00+,55,66,66,66,66,6293154,0.87,1.05,1.05,1.05,1.05
2023-08-09,Hessen,06,00+,49,65,65,65,65,6293154,0.78,1.03,1.03,1.03,1.03
2023-08-08,Hessen,06,00+,38,59,59,59,59,6293154,0.6,0.94,0.94,0.94,0.94
2023-08-07,Hessen,06,00+,41,55,55,55,55,6293154,0.65,0.87,0.87,0.87,0.87
2023-08-06,Hessen,06,00+,41,55,55,55,55,6293154,0.65,0.87,0.87,0.87,0.87
2023-08-05,Hessen,06,00+,42,55,55,55,55,6293154,0.67,0.87,0.87,0.87,0.87
2023-08-04,Hessen,06,00+,40,55,55,55,55,6293154,0.64,0.87,0.87,0.87,0.87
2023-08-03,Hessen,06,00+,37,53,53,53,53,6293154,0.59,0.84,0.84,0.84,0.84
2023-08-02,Hessen,06,00+,31,52,52,52,52,6293154,0.49,0.83,0.83,0.83,0.83
2023-08-01,Hessen,06,00+,29,53,53,53,53,6293154,0.46,0.84,0.84,0.84,0.84
2023-07-31,Hessen,06,00+,25,43,43,43,43,6293154,0.4,0.68,0.68,0.68,0.68
2023-07-30,Hessen,06,00+,25,43,43,43,43,6293154,0.4,0.68,0.68,0.68,0.68
2023-07-29,Hessen,06,00+,26,44,44,44,44,6293154,0.41,0.7,0.7,0.7,0.7
2023-07-28,Hessen,06,00+,27,38,38,38,38,6293154,0.43,0.6,0.6,0.6,0.6
2023-07-27,Hessen,06,00+,28,40,40,40,40,6293154,0.44,0.64,0.64,0.64,0.64
2023-07-26,Hessen,06,00+,28,38,38,38,38,6293154,0.44,0.6,0.6,0.6,0.6
2023-07-25,Hessen,06,00+,26,36,36,36,36,6293154,0.41,0.57,0.57,0.57,0.57
2023-07-24,Hessen,06,00+,28,42,42,42,42,6293154,0.44,0.67,0.67,0.67,0.67
2023-07-23,Hessen,06,00+,28,42,42,42,42,6293154,0.44,0.67,0.67,0.67,0.67
2023-07-22,Hessen,06,00+,28,40,40,40,40,6293154,0.44,0.64,0.64,0.64,0.64
2023-07-21,Hessen,06,00+,26,39,39,39,39,6293154,0.41,0.62,0.62,0.62,0.62
2023-07-20,Hessen,06,00+,21,36,36,36,36,6293154,0.33,0.57,0.57,0.57,0.57
2023-07-19,Hessen,06,00+,19,41,41,41,41,6293154,0.3,0.65,0.65,0.65,0.65
2023-07-18,Hessen,06,00+,16,35,35,35,35,6293154,0.25,0.56,0.56,0.56,0.56
2023-07-17,Hessen,06,00+,15,27,27,27,27,6293154,0.24,0.43,0.43,0.43,0.43
2023-07-16,Hessen,06,00+,16,28,28,28,28,6293154,0.25,0.44,0.44,0.44,0.44
2023-07-15,Hessen,06,00+,16,28,28,28,28,6293154,0.25,0.44,0.44,0.44,0.44
2023-07-14,Hessen,06,00+,15,27,27,27,27,6293154,0.24,0.43,0.43,0.43,0.43
2023-07-13,Hessen,06,00+,14,24,24,24,24,6293154,0.22,0.38,0.38,0.38,0.38
2023-07-12,Hessen,06,00+,12,16,16,16,16,6293154,0.19,0.25,0.25,0.25,0.25
2023-07-11,Hessen,06,00+,11,16,16,16,16,6293154,0.17,0.25,0.25,0.25,0.25
2023-07-10,Hessen,06,00+,12,18,18,18,18,6293154,0.19,0.29,0.29,0.29,0.29
2023-07-09,Hessen,06,00+,12,17,17,17,17,6293154,0.19,0.27,0.27,0.27,0.27
2023-07-08,Hessen,06,00+,12,17,17,17,17,6293154,0.19,0.27,0.27,0.27,0.27
2023-07-07,Hessen,06,00+,20,25,25,25,25,6293154,0.32,0.4,0.4,0.4,0.4
2023-07-06,Hessen,06,00+,17,26,26,26,26,6293154,0.27,0.41,0.41,0.41,0.41
2023-07-05,Hessen,06,00+,27,37,37,37,37,6293154,0.43,0.59,0.59,0.59,0.59
2023-07-04,Hessen,06,00+,30,38,38,38,38,6293154,0.48,0.6,0.6,0.6,0.6
2023-07-03,Hessen,06,00+,33,42,42,42,42,6293154,0.52,0.67,0.67,0.67,0.67
2023-07-02,Hessen,06,00+,34,43,43,43,43,6293154,0.54,0.68,0.68,0.68,0.68
2023-07-01,Hessen,06,00+,34,43,43,43,43,6293154,0.54,0.68,0.68,0.68,0.68
2023-06-30,Hessen,06,00+,31,37,37,37,37,6293154,0.49,0.59,0.59,0.59,0.59
2023-06-29,Hessen,06,00+,30,37,37,37,37,6293154,0.48,0.59,0.59,0.59,0.59
2023-06-28,Hessen,06,00+,20,29,29,29,29,6293154,0.32,0.46,0.46,0.46,0.46
2023-06-27,Hessen,06,00+,16,25,25,25,25,6293154,0.25,0.4,0.4,0.4,0.4
2023-06-26,Hessen,06,00+,16,20,20,20,20,6293154,0.25,0.32,0.32,0.32,0.32
2023-06-25,Hessen,06,00+,16,19,19,19,19,6293154,0.25,0.3,0.3,0.3,0.3
2023-06-24,Hessen,06,00+,17,20,20,20,20,6293154,0.27,0.32,0.32,0.32,0.32
2023-06-23,Hessen,06,00+,11,15,15,15,15,6293154,0.17,0.24,0.24,0.24,0.24
2023-06-22,Hessen,06,00+,10,16,16,16,16,6293154,0.16,0.25,0.25,0.25,0.25
2023-06-21,Hessen,06,00+,16,20,20,20,20,6293154,0.25,0.32,0.32,0.32,0.32
2023-06-20,Hessen,06,00+,21,27,27,27,27,6293154,0.33,0.43,0.43,0.43,0.43
2023-06-19,Hessen,06,00+,31,42,42,42,42,6293154,0.49,0.67,0.67,0.67,0.67
2023-06-18,Hessen,06,00+,32,43,43,43,43,6293154,0.51,0.68,0.68,0.68,0.68
2023-06-17,Hessen,06,00+,33,43,43,43,43,6293154,0.52,0.68,0.68,0.68,0.68
2023-06-16,Hessen,06,00+,39,51,51,51,51,6293154,0.62,0.81,0.81,0.81,0.81
2023-06-15,Hessen,06,00+,34,48,48,48,48,6293154,0.54,0.76,0.76,0.76,0.76
2023-06-14,Hessen,06,00+,35,52,52,52,52,6293154,0.56,0.83,0.83,0.83,0.83
2023-06-13,Hessen,06,00+,32,53,53,53,53,6293154,0.51,0.84,0.84,0.84,0.84
2023-06-12,Hessen,06,00+,34,56,56,56,56,6293154,0.54,0.89,0.89,0.89,0.89
2023-06-11,Hessen,06,00+,34,56,56,56,56,6293154,0.54,0.89,0.89,0.89,0.89
2023-06-10,Hessen,06,00+,34,55,55,55,55,6293154,0.54,0.87,0.87,0.87,0.87
2023-06-09,Hessen,06,00+,30,58,58,58,58,6293154,0.48,0.92,0.92,0.92,0.92
2023-06-08,Hessen,06,00+,42,71,71,71,71,6293154,0.67,1.13,1.13,1.13,1.13
2023-06-07,Hessen,06,00+,49,69,69,69,69,6293154,0.78,1.1,1.1,1.1,1.1
2023-06-06,Hessen,06,00+,66,88,88,88,88,6293154,1.05,1.4,1.4,1.4,1.4
2023-06-05,Hessen,06,00+,53,66,66,66,66,6293154,0.84,1.05,1.05,1.05,1.05
2023-06-04,Hessen,06,00+,53,65,65,65,65,6293154,0.84,1.03,1.03,1.03,1.03
2023-06-03,Hessen,06,00+,54,66,66,66,66,6293154,0.86,1.05,1.05,1.05,1.05
2023-06-02,Hessen,06,00+,50,60,60,60,60,6293154,0.79,0.95,0.95,0.95,0.95
2023-06-01,Hessen,06,00+,45,60,60,60,60,6293154,0.72,0.95,0.95,0.95,0.95
2023-05-31,Hessen,06,00+,43,59,59,59,59,6293154,0.68,0.94,0.94,0.94,0.94
2023-05-30,Hessen,06,00+,38,52,52,52,52,6293154,0.6,0.83,0.83,0.83,0.83
2023-05-29,Hessen,06,00+,73,89,89,89,89,6293154,1.16,1.41,1.41,1.41,1.41
2023-05-28,Hessen,06,00+,75,91,91,91,91,6293154,1.19,1.45,1.45,1.45,1.45
2023-05-27,Hessen,06,00+,75,90,90,90,90,6293154,1.19,1.43,1.43,1.43,1.43
2023-05-26,Hessen,06,00+,79,96,96,96,96,6293154,1.26,1.53,1.53,1.53,1.53
2023-05-25,Hessen,06,00+,64,85,85,85,85,6293154,1.02,1.35,1.35,1.35,1.35
2023-05-24,Hessen,06,00+,76,103,103,103,103,6293154,1.21,1.64,1.64,1.64,1.64
2023-05-23,Hessen,06,00+,76,110,110,110,110,6293154,1.21,1.75,1.75,1.75,1.75
2023-05-22,Hessen,06,00+,77,107,107,107,107,6293154,1.22,1.7,1.7,1.7,1.7
2023-05-21,Hessen,06,00+,78,106,106,106,106,6293154,1.24,1.68,1.68,1.68,1.68
2023-05-20,Hessen,06,00+,80,109,109,109,109,6293154,1.27,1.73,1.73,1.73,1.73
2023-05-19,Hessen,06,00+,77,106,106,106,106,6293154,1.22,1.68,1.68,1.68,1.68
2023-05-18,Hessen,06,00+,94,124,124,124,124,6293154,1.49,1.97,1.97,1.97,1.97
2023-05-17,Hessen,06,00+,86,114,114,114,114,6293154,1.37,1.81,1.81,1.81,1.81
2023-05-16,Hessen,06,00+,89,114,114,114,114,6293154,1.41,1.81,1.81,1.81,1.81
2023-05-15,Hessen,06,00+,98,126,126,126,126,6293154,1.56,2,2,2,2
2023-05-14,Hessen,06,00+,100,128,128,128,128,6293154,1.59,2.03,2.03,2.03,2.03
2023-05-13,Hessen,06,00+,102,127,127,127,127,6293154,1.62,2.02,2.02,2.02,2.02
2023-05-12,Hessen,06,00+,101,139,139,139,139,6293154,1.6,2.21,2.21,2.21,2.21
2023-05-11,Hessen,06,00+,119,155,155,155,155,6293154,1.89,2.46,2.46,2.46,2.46
2023-05-10,Hessen,06,00+,130,168,168,168,168,6293154,2.07,2.67,2.67,2.67,2.67
2023-05-09,Hessen,06,00+,160,202,202,202,202,6293154,2.54,3.21,3.21,3.21,3.21
2023-05-08,Hessen,06,00+,120,160,160,160,160,6293154,1.91,2.54,2.54,2.54,2.54
2023-05-07,Hessen,06,00+,126,163,163,163,163,6293154,2,2.59,2.59,2.59,2.59
2023-05-06,Hessen,06,00+,129,164,164,164,164,6293154,2.05,2.61,2.61,2.61,2.61
2023-05-05,Hessen,06,00+,136,166,166,166,166,6293154,2.16,2.64,2.64,2.64,2.64
2023-05-04,Hessen,06,00+,112,150,150,150,150,6293154,1.78,2.38,2.38,2.38,2.38
2023-05-03,Hessen,06,00+,116,162,162,162,162,6293154,1.84,2.57,2.57,2.57,2.57
2023-05-02,Hessen,06,00+,99,151,151,151,151,6293154,1.57,2.4,2.4,2.4,2.4
2023-05-01,Hessen,06,00+,176,230,230,230,230,6293154,2.8,3.65,3.65,3.65,3.65
2023-04-30,Hessen,06,00+,179,229,229,229,229,6293154,2.84,3.64,3.64,3.64,3.64
2023-04-29,Hessen,06,00+,180,227,227,227,227,6293154,2.86,3.61,3.61,3.61,3.61
2023-04-28,Hessen,06,00+,185,225,225,225,225,6293154,2.94,3.58,3.58,3.58,3.58
2023-04-27,Hessen,06,00+,198,252,252,252,252,6293154,3.15,4,4,4,4
2023-04-26,Hessen,06,00+,199,245,245,245,245,6293154,3.16,3.89,3.89,3.89,3.89
2023-04-25,Hessen,06,00+,178,241,241,241,241,6293154,2.83,3.83,3.83,3.83,3.83
2023-04-24,Hessen,06,00+,186,232,232,232,232,6293154,2.96,3.69,3.69,3.69,3.69
2023-04-23,Hessen,06,00+,190,231,231,231,231,6293154,3.02,3.67,3.67,3.67,3.67
2023-04-22,Hessen,06,00+,190,230,230,230,230,6293154,3.02,3.65,3.65,3.65,3.65
2023-04-21,Hessen,06,00+,192,245,245,245,245,6293154,3.05,3.89,3.89,3.89,3.89
2023-04-20,Hessen,06,00+,174,239,239,239,239,6293154,2.76,3.8,3.8,3.8,3.8
2023-04-19,Hessen,06,00+,178,264,264,264,264,6293154,2.83,4.2,4.2,4.2,4.2
2023-04-18,Hessen,06,00+,261,356,356,356,356,6293154,4.15,5.66,5.66,5.66,5.66
2023-04-17,Hessen,06,00+,219,288,288,288,288,6293154,3.48,4.58,4.58,4.58,4.58
2023-04-16,Hessen,06,00+,221,286,286,286,286,6293154,3.51,4.54,4.54,4.54,4.54
2023-04-15,Hessen,06,00+,225,292,292,292,292,6293154,3.58,4.64,4.64,4.64,4.64
2023-04-14,Hessen,06,00+,197,258,258,258,258,6293154,3.13,4.1,4.1,4.1,4.1
2023-04-13,Hessen,06,00+,185,259,259,259,259,6293154,2.94,4.12,4.12,4.12,4.12
2023-04-12,Hessen,06,00+,146,239,239,239,239,6293154,2.32,3.8,3.8,3.8,3.8
2023-04-11,Hessen,06,00+,94,167,167,167,167,6293154,1.49,2.65,2.65,2.65,2.65
2023-04-10,Hessen,06,00+,174,252,252,252,252,6293154,2.76,4,4,4,4
2023-04-09,Hessen,06,00+,181,262,262,262,262,6293154,2.88,4.16,4.16,4.16,4.16
2023-04-08,Hessen,06,00+,184,259,259,259,259,6293154,2.92,4.12,4.12,4.12,4.12
2023-04-07,Hessen,06,00+,227,316,316,316,316,6293154,3.61,5.02,5.02,5.02,5.02
2023-04-06,Hessen,06,00+,228,329,329,329,329,6293154,3.62,5.23,5.23,5.23,5.23
2023-04-05,Hessen,06,00+,268,364,364,364,364,6293154,4.26,5.78,5.78,5.78,5.78
2023-04-04,Hessen,06,00+,267,364,364,364,364,6293154,4.24,5.78,5.78,5.78,5.78
2023-04-03,Hessen,06,00+,302,400,400,400,400,6293154,4.8,6.36,6.36,6.36,6.36
2023-04-02,Hessen,06,00+,311,398,398,398,398,6293154,4.94,6.32,6.32,6.32,6.32
2023-04-01,Hessen,06,00+,319,404,404,404,404,6293154,5.07,6.42,6.42,6.42,6.42
2023-03-31,Hessen,06,00+,341,418,418,418,418,6293154,5.42,6.64,6.64,6.64,6.64
2023-03-30,Hessen,06,00+,321,436,436,436,436,6293154,5.1,6.93,6.93,6.93,6.93
2023-03-29,Hessen,06,00+,351,476,476,476,476,6293154,5.58,7.56,7.56,7.56,7.56
2023-03-28,Hessen,06,00+,375,503,503,503,503,6293154,5.96,7.99,7.99,7.99,7.99
2023-03-27,Hessen,06,00+,362,524,524,524,524,6293154,5.75,8.33,8.33,8.33,8.33
2023-03-26,Hessen,06,00+,371,527,527,527,527,6293154,5.9,8.37,8.37,8.37,8.37
2023-03-25,Hessen,06,00+,378,527,527,527,527,6293154,6.01,8.37,8.37,8.37,8.37
2023-03-24,Hessen,06,00+,390,547,547,547,547,6293154,6.2,8.69,8.69,8.69,8.69
2023-03-23,Hessen,06,00+,405,565,565,565,565,6293154,6.44,8.98,8.98,8.98,8.98
2023-03-22,Hessen,06,00+,377,557,557,557,557,6293154,5.99,8.85,8.85,8.85,8.85
2023-03-21,Hessen,06,00+,435,614,614,614,614,6293154,6.91,9.76,9.76,9.76,9.76
2023-03-20,Hessen,06,00+,527,697,697,697,697,6293154,8.37,11.08,11.08,11.08,11.08
2023-03-19,Hessen,06,00+,534,692,692,692,692,6293154,8.49,11,11,11,11
2023-03-18,Hessen,06,00+,550,700,700,700,700,6293154,8.74,11.12,11.12,11.12,11.12
2023-03-17,Hessen,06,00+,535,704,704,704,704,6293154,8.5,11.19,11.19,11.19,11.19
2023-03-16,Hessen,06,00+,543,723,723,723,723,6293154,8.63,11.49,11.49,11.49,11.49
2023-03-15,Hessen,06,00+,554,720,720,720,720,6293154,8.8,11.44,11.44,11.44,11.44
2023-03-14,Hessen,06,00+,521,713,713,713,713,6293154,8.28,11.33,11.33,11.33,11.33
2023-03-13,Hessen,06,00+,499,673,673,673,673,6293154,7.93,10.69,10.69,10.69,10.69
2023-03-12,Hessen,06,00+,509,675,675,675,675,6293154,8.09,10.73,10.73,10.73,10.73
2023-03-11,Hessen,06,00+,516,667,667,667,667,6293154,8.2,10.6,10.6,10.6,10.6
2023-03-10,Hessen,06,00+,566,711,711,711,711,6293154,8.99,11.3,11.3,11.3,11.3
2023-03-09,Hessen,06,00+,525,698,698,698,698,6293154,8.34,11.09,11.09,11.09,11.09
2023-03-08,Hessen,06,00+,520,710,710,710,710,6293154,8.26,11.28,11.28,11.28,11.28
2023-03-07,Hessen,06,00+,536,714,714,714,714,6293154,8.52,11.35,11.35,11.35,11.35
2023-03-06,Hessen,06,00+,572,763,763,763,763,6293154,9.09,12.12,12.12,12.12,12.12
2023-03-05,Hessen,06,00+,583,768,768,768,768,6293154,9.26,12.2,12.2,12.2,12.2
2023-03-04,Hessen,06,00+,595,773,773,773,773,6293154,9.45,12.28,12.28,12.28,12.28
2023-03-03,Hessen,06,00+,543,735,735,735,735,6293154,8.63,11.68,11.68,11.68,11.68
2023-03-02,Hessen,06,00+,556,749,749,749,749,6293154,8.83,11.9,11.9,11.9,11.9
2023-03-01,Hessen,06,00+,574,768,768,768,768,6293154,9.12,12.2,12.2,12.2,12.2
2023-02-28,Hessen,06,00+,570,774,774,774,774,6293154,9.06,12.3,12.3,12.3,12.3
2023-02-27,Hessen,06,00+,537,728,728,728,728,6293154,8.53,11.57,11.57,11.57,11.57
2023-02-26,Hessen,06,00+,551,730,730,730,730,6293154,8.76,11.6,11.6,11.6,11.6
2023-02-25,Hessen,06,00+,566,735,735,735,735,6293154,8.99,11.68,11.68,11.68,11.68
2023-02-24,Hessen,06,00+,591,759,759,759,759,6293154,9.39,12.06,12.06,12.06,12.06
2023-02-23,Hessen,06,00+,557,755,755,755,755,6293154,8.85,12,12,12,12
2023-02-22,Hessen,06,00+,545,753,753,753,753,6293154,8.66,11.97,11.97,11.97,11.97
2023-02-21,Hessen,06,00+,506,735,735,735,735,6293154,8.04,11.68,11.68,11.68,11.68
2023-02-20,Hessen,06,00+,529,719,719,719,719,6293154,8.41,11.43,11.43,11.43,11.43
2023-02-19,Hessen,06,00+,535,711,711,711,711,6293154,8.5,11.3,11.3,11.3,11.3
2023-02-18,Hessen,06,00+,548,705,705,705,705,6293154,8.71,11.2,11.2,11.2,11.2
2023-02-17,Hessen,06,00+,522,669,669,669,669,6293154,8.29,10.63,10.63,10.63,10.63
2023-02-16,Hessen,06,00+,477,651,651,651,651,6293154,7.58,10.34,10.34,10.34,10.34
2023-02-15,Hessen,06,00+,398,619,619,619,619,6293154,6.32,9.84,9.84,9.84,9.84
2023-02-14,Hessen,06,00+,390,570,570,570,570,6293154,6.2,9.06,9.06,9.06,9.06
2023-02-13,Hessen,06,00+,396,537,537,537,537,6293154,6.29,8.53,8.53,8.53,8.53
2023-02-12,Hessen,06,00+,403,535,535,535,535,6293154,6.4,8.5,8.5,8.5,8.5
2023-02-11,Hessen,06,00+,414,533,533,533,533,6293154,6.58,8.47,8.47,8.47,8.47
2023-02-10,Hessen,06,00+,405,530,530,530,530,6293154,6.44,8.42,8.42,8.42,8.42
2023-02-09,Hessen,06,00+,379,510,510,510,510,6293154,6.02,8.1,8.1,8.1,8.1
2023-02-08,Hessen,06,00+,363,490,490,490,490,6293154,5.77,7.79,7.79,7.79,7.79
2023-02-07,Hessen,06,00+,380,499,499,499,499,6293154,6.04,7.93,7.93,7.93,7.93
2023-02-06,Hessen,06,00+,325,464,464,464,464,6293154,5.16,7.37,7.37,7.37,7.37
2023-02-05,Hessen,06,00+,332,465,465,465,465,6293154,5.28,7.39,7.39,7.39,7.39
2023-02-04,Hessen,06,00+,335,458,458,458,458,6293154,5.32,7.28,7.28,7.28,7.28
2023-02-03,Hessen,06,00+,303,434,434,434,434,6293154,4.81,6.9,6.9,6.9,6.9
2023-02-02,Hessen,06,00+,321,430,430,430,430,6293154,5.1,6.83,6.83,6.83,6.83
2023-02-01,Hessen,06,00+,313,418,418,418,418,6293154,4.97,6.64,6.64,6.64,6.64
2023-01-31,Hessen,06,00+,283,376,376,376,376,6293154,4.5,5.97,5.97,5.97,5.97
2023-01-30,Hessen,06,00+,286,370,370,370,370,6293154,4.54,5.88,5.88,5.88,5.88
2023-01-29,Hessen,06,00+,290,367,367,367,367,6293154,4.61,5.83,5.83,5.83,5.83
2023-01-28,Hessen,06,00+,293,366,366,366,366,6293154,4.66,5.82,5.82,5.82,5.82
2023-01-27,Hessen,06,00+,268,348,348,348,348,6293154,4.26,5.53,5.53,5.53,5.53
2023-01-26,Hessen,06,00+,260,346,346,346,346,6293154,4.13,5.5,5.5,5.5,5.5
2023-01-25,Hessen,06,00+,251,339,339,339,339,6293154,3.99,5.39,5.39,5.39,5.39
2023-01-24,Hessen,06,00+,251,334,334,334,334,6293154,3.99,5.31,5.31,5.31,5.31
2023-01-23,Hessen,06,00+,262,350,350,350,350,6293154,4.16,5.56,5.56,5.56,5.56
2023-01-22,Hessen,06,00+,283,367,367,367,367,6293154,4.5,5.83,5.83,5.83,5.83
2023-01-21,Hessen,06,00+,289,370,370,370,370,6293154,4.59,5.88,5.88,5.88,5.88
2023-01-20,Hessen,06,00+,289,380,380,380,380,6293154,4.59,6.04,6.04,6.04,6.04
2023-01-19,Hessen,06,00+,307,408,408,408,408,6293154,4.88,6.48,6.48,6.48,6.48
2023-01-18,Hessen,06,00+,313,435,435,435,435,6293154,4.97,6.91,6.91,6.91,6.91
2023-01-17,Hessen,06,00+,349,487,487,487,487,6293154,5.55,7.74,7.74,7.74,7.74
2023-01-16,Hessen,06,00+,379,537,537,537,537,6293154,6.02,8.53,8.53,8.53,8.53
2023-01-15,Hessen,06,00+,386,523,523,523,523,6293154,6.13,8.31,8.31,8.31,8.31
2023-01-14,Hessen,06,00+,391,523,523,523,523,6293154,6.21,8.31,8.31,8.31,8.31
2023-01-13,Hessen,06,00+,389,540,540,540,540,6293154,6.18,8.58,8.58,8.58,8.58
2023-01-12,Hessen,06,00+,384,540,540,540,540,6293154,6.1,8.58,8.58,8.58,8.58
2023-01-11,Hessen,06,00+,374,563,563,563,563,6293154,5.94,8.95,8.95,8.95,8.95
2023-01-10,Hessen,06,00+,433,624,624,624,624,6293154,6.88,9.92,9.92,9.92,9.92
2023-01-09,Hessen,06,00+,526,695,695,695,695,6293154,8.36,11.04,11.04,11.04,11.04
2023-01-08,Hessen,06,00+,531,693,693,693,693,6293154,8.44,11.01,11.01,11.01,11.01
2023-01-07,Hessen,06,00+,549,0,0,0,0,6293154,8.72,0,0,0,0
2023-01-06,Hessen,06,00+,533,0,0,0,0,6293154,8.47,0,0,0,0
2023-01-05,Hessen,06,00+,552,0,0,0,0,6293154,8.77,0,0,0,0
2023-01-04,Hessen,06,00+,505,0,0,0,0,6293154,8.02,0,0,0,0
2023-01-03,Hessen,06,00+,604,0,0,0,0,6293154,9.6,0,0,0,0
2023-01-02,Hessen,06,00+,458,0,0,0,0,6293154,7.28,0,0,0,0
2023-12-23,Rheinland-Pfalz,07,00+,421,421,NA,NA,NA,4098391,10.27,10.27,NA,NA,NA
2023-12-22,Rheinland-Pfalz,07,00+,418,478,NA,NA,NA,4098391,10.2,11.66,NA,NA,NA
2023-12-21,Rheinland-Pfalz,07,00+,438,514,NA,NA,NA,4098391,10.69,12.54,NA,NA,NA
2023-12-20,Rheinland-Pfalz,07,00+,405,527,587,578,600,4098391,9.88,12.86,14.33,14.1,14.66
2023-12-19,Rheinland-Pfalz,07,00+,395,578,634,624,648,4098391,9.64,14.1,15.48,15.24,15.82
2023-12-18,Rheinland-Pfalz,07,00+,548,609,655,645,669,4098391,13.37,14.86,16,15.76,16.32
2023-12-17,Rheinland-Pfalz,07,00+,550,608,654,644,667,4098391,13.42,14.84,15.97,15.73,16.29
2023-12-16,Rheinland-Pfalz,07,00+,550,607,653,643,666,4098391,13.42,14.81,15.94,15.71,16.27
2023-12-15,Rheinland-Pfalz,07,00+,510,608,650,641,663,4098391,12.44,14.84,15.87,15.65,16.18
2023-12-14,Rheinland-Pfalz,07,00+,504,615,653,644,665,4098391,12.3,15.01,15.94,15.74,16.25
2023-12-13,Rheinland-Pfalz,07,00+,481,612,645,637,657,4098391,11.74,14.93,15.75,15.56,16.04
2023-12-12,Rheinland-Pfalz,07,00+,432,606,633,626,644,4098391,10.54,14.79,15.46,15.28,15.72
2023-12-11,Rheinland-Pfalz,07,00+,457,519,535,530,543,4098391,11.15,12.66,13.07,12.94,13.26
2023-12-10,Rheinland-Pfalz,07,00+,461,521,537,532,545,4098391,11.25,12.71,13.12,12.99,13.31
2023-12-09,Rheinland-Pfalz,07,00+,466,526,542,537,550,4098391,11.37,12.83,13.24,13.11,13.44
2023-12-08,Rheinland-Pfalz,07,00+,382,498,512,507,519,4098391,9.32,12.15,12.51,12.39,12.69
2023-12-07,Rheinland-Pfalz,07,00+,360,475,487,482,494,4098391,8.78,11.59,11.89,11.79,12.06
2023-12-06,Rheinland-Pfalz,07,00+,349,471,481,477,488,4098391,8.52,11.49,11.75,11.65,11.91
2023-12-05,Rheinland-Pfalz,07,00+,249,418,426,423,432,4098391,6.08,10.2,10.41,10.33,10.55
2023-12-04,Rheinland-Pfalz,07,00+,279,415,421,418,426,4098391,6.81,10.13,10.29,10.22,10.41
2023-12-03,Rheinland-Pfalz,07,00+,284,416,422,419,427,4098391,6.93,10.15,10.31,10.24,10.44
2023-12-02,Rheinland-Pfalz,07,00+,290,417,423,420,428,4098391,7.08,10.17,10.34,10.27,10.46
2023-12-01,Rheinland-Pfalz,07,00+,289,426,432,429,437,4098391,7.05,10.39,10.55,10.48,10.67
2023-11-30,Rheinland-Pfalz,07,00+,292,434,439,437,444,4098391,7.12,10.59,10.73,10.67,10.84
2023-11-29,Rheinland-Pfalz,07,00+,316,415,419,417,423,4098391,7.71,10.13,10.25,10.19,10.34
2023-11-28,Rheinland-Pfalz,07,00+,258,432,436,434,440,4098391,6.3,10.54,10.65,10.6,10.74
2023-11-27,Rheinland-Pfalz,07,00+,308,429,432,430,434,4098391,7.52,10.47,10.55,10.51,10.6
2023-11-26,Rheinland-Pfalz,07,00+,309,426,429,427,431,4098391,7.54,10.39,10.47,10.44,10.53
2023-11-25,Rheinland-Pfalz,07,00+,309,420,423,421,425,4098391,7.54,10.25,10.33,10.29,10.38
2023-11-24,Rheinland-Pfalz,07,00+,295,420,422,421,424,4098391,7.2,10.25,10.32,10.29,10.36
2023-11-23,Rheinland-Pfalz,07,00+,331,429,431,430,432,4098391,8.08,10.47,10.52,10.5,10.56
2023-11-22,Rheinland-Pfalz,07,00+,320,431,432,432,433,4098391,7.81,10.52,10.56,10.55,10.59
2023-11-21,Rheinland-Pfalz,07,00+,235,389,390,389,390,4098391,5.73,9.49,9.52,9.51,9.53
2023-11-20,Rheinland-Pfalz,07,00+,303,358,358,358,358,4098391,7.39,8.74,8.75,8.74,8.76
2023-11-19,Rheinland-Pfalz,07,00+,304,358,358,358,358,4098391,7.42,8.74,8.75,8.74,8.75
2023-11-18,Rheinland-Pfalz,07,00+,309,365,365,365,365,4098391,7.54,8.91,8.92,8.92,8.93
2023-11-17,Rheinland-Pfalz,07,00+,251,351,351,351,351,4098391,6.12,8.56,8.57,8.57,8.58
2023-11-16,Rheinland-Pfalz,07,00+,254,348,348,348,348,4098391,6.2,8.49,8.5,8.49,8.5
2023-11-15,Rheinland-Pfalz,07,00+,282,345,345,345,345,4098391,6.88,8.42,8.42,8.42,8.42
2023-11-14,Rheinland-Pfalz,07,00+,213,347,347,347,347,4098391,5.2,8.47,8.47,8.47,8.47
2023-11-13,Rheinland-Pfalz,07,00+,269,350,350,350,350,4098391,6.56,8.54,8.54,8.54,8.54
2023-11-12,Rheinland-Pfalz,07,00+,270,349,349,349,349,4098391,6.59,8.52,8.52,8.52,8.52
2023-11-11,Rheinland-Pfalz,07,00+,270,342,342,342,342,4098391,6.59,8.34,8.34,8.34,8.34
2023-11-10,Rheinland-Pfalz,07,00+,265,356,356,356,356,4098391,6.47,8.69,8.69,8.69,8.69
2023-11-09,Rheinland-Pfalz,07,00+,278,371,371,371,371,4098391,6.78,9.05,9.05,9.05,9.05
2023-11-08,Rheinland-Pfalz,07,00+,221,307,307,307,307,4098391,5.39,7.49,7.49,7.49,7.49
2023-11-07,Rheinland-Pfalz,07,00+,233,364,364,364,364,4098391,5.69,8.88,8.88,8.88,8.88
2023-11-06,Rheinland-Pfalz,07,00+,335,390,390,390,390,4098391,8.17,9.52,9.52,9.52,9.52
2023-11-05,Rheinland-Pfalz,07,00+,341,396,396,396,396,4098391,8.32,9.66,9.66,9.66,9.66
2023-11-04,Rheinland-Pfalz,07,00+,341,396,396,396,396,4098391,8.32,9.66,9.66,9.66,9.66
2023-11-03,Rheinland-Pfalz,07,00+,292,385,385,385,385,4098391,7.12,9.39,9.39,9.39,9.39
2023-11-02,Rheinland-Pfalz,07,00+,243,368,368,368,368,4098391,5.93,8.98,8.98,8.98,8.98
2023-11-01,Rheinland-Pfalz,07,00+,292,417,417,417,417,4098391,7.12,10.17,10.17,10.17,10.17
2023-10-31,Rheinland-Pfalz,07,00+,271,381,381,381,381,4098391,6.61,9.3,9.3,9.3,9.3
2023-10-30,Rheinland-Pfalz,07,00+,258,364,364,364,364,4098391,6.3,8.88,8.88,8.88,8.88
2023-10-29,Rheinland-Pfalz,07,00+,259,359,359,359,359,4098391,6.32,8.76,8.76,8.76,8.76
2023-10-28,Rheinland-Pfalz,07,00+,259,359,359,359,359,4098391,6.32,8.76,8.76,8.76,8.76
2023-10-27,Rheinland-Pfalz,07,00+,228,355,355,355,355,4098391,5.56,8.66,8.66,8.66,8.66
2023-10-26,Rheinland-Pfalz,07,00+,233,316,316,316,316,4098391,5.69,7.71,7.71,7.71,7.71
2023-10-25,Rheinland-Pfalz,07,00+,223,309,309,309,309,4098391,5.44,7.54,7.54,7.54,7.54
2023-10-24,Rheinland-Pfalz,07,00+,189,323,323,323,323,4098391,4.61,7.88,7.88,7.88,7.88
2023-10-23,Rheinland-Pfalz,07,00+,236,312,312,312,312,4098391,5.76,7.61,7.61,7.61,7.61
2023-10-22,Rheinland-Pfalz,07,00+,240,314,314,314,314,4098391,5.86,7.66,7.66,7.66,7.66
2023-10-21,Rheinland-Pfalz,07,00+,240,314,314,314,314,4098391,5.86,7.66,7.66,7.66,7.66
2023-10-20,Rheinland-Pfalz,07,00+,222,307,307,307,307,4098391,5.42,7.49,7.49,7.49,7.49
2023-10-19,Rheinland-Pfalz,07,00+,255,312,312,312,312,4098391,6.22,7.61,7.61,7.61,7.61
2023-10-18,Rheinland-Pfalz,07,00+,211,315,315,315,315,4098391,5.15,7.69,7.69,7.69,7.69
2023-10-17,Rheinland-Pfalz,07,00+,150,276,276,276,276,4098391,3.66,6.73,6.73,6.73,6.73
2023-10-16,Rheinland-Pfalz,07,00+,155,235,235,235,235,4098391,3.78,5.73,5.73,5.73,5.73
2023-10-15,Rheinland-Pfalz,07,00+,158,234,234,234,234,4098391,3.86,5.71,5.71,5.71,5.71
2023-10-14,Rheinland-Pfalz,07,00+,161,237,237,237,237,4098391,3.93,5.78,5.78,5.78,5.78
2023-10-13,Rheinland-Pfalz,07,00+,149,241,241,241,241,4098391,3.64,5.88,5.88,5.88,5.88
2023-10-12,Rheinland-Pfalz,07,00+,168,239,239,239,239,4098391,4.1,5.83,5.83,5.83,5.83
2023-10-11,Rheinland-Pfalz,07,00+,174,252,252,252,252,4098391,4.25,6.15,6.15,6.15,6.15
2023-10-10,Rheinland-Pfalz,07,00+,116,213,213,213,213,4098391,2.83,5.2,5.2,5.2,5.2
2023-10-09,Rheinland-Pfalz,07,00+,139,204,204,204,204,4098391,3.39,4.98,4.98,4.98,4.98
2023-10-08,Rheinland-Pfalz,07,00+,139,201,201,201,201,4098391,3.39,4.9,4.9,4.9,4.9
2023-10-07,Rheinland-Pfalz,07,00+,141,201,201,201,201,4098391,3.44,4.9,4.9,4.9,4.9
2023-10-06,Rheinland-Pfalz,07,00+,119,191,191,191,191,4098391,2.9,4.66,4.66,4.66,4.66
2023-10-05,Rheinland-Pfalz,07,00+,94,168,168,168,168,4098391,2.29,4.1,4.1,4.1,4.1
2023-10-04,Rheinland-Pfalz,07,00+,77,132,132,132,132,4098391,1.88,3.22,3.22,3.22,3.22
2023-10-03,Rheinland-Pfalz,07,00+,106,161,161,161,161,4098391,2.59,3.93,3.93,3.93,3.93
2023-10-02,Rheinland-Pfalz,07,00+,118,153,153,153,153,4098391,2.88,3.73,3.73,3.73,3.73
2023-10-01,Rheinland-Pfalz,07,00+,120,155,155,155,155,4098391,2.93,3.78,3.78,3.78,3.78
2023-09-30,Rheinland-Pfalz,07,00+,124,156,156,156,156,4098391,3.03,3.81,3.81,3.81,3.81
2023-09-29,Rheinland-Pfalz,07,00+,128,153,153,153,153,4098391,3.12,3.73,3.73,3.73,3.73
2023-09-28,Rheinland-Pfalz,07,00+,118,153,153,153,153,4098391,2.88,3.73,3.73,3.73,3.73
2023-09-27,Rheinland-Pfalz,07,00+,119,142,142,142,142,4098391,2.9,3.46,3.46,3.46,3.46
2023-09-26,Rheinland-Pfalz,07,00+,89,140,140,140,140,4098391,2.17,3.42,3.42,3.42,3.42
2023-09-25,Rheinland-Pfalz,07,00+,94,125,125,125,125,4098391,2.29,3.05,3.05,3.05,3.05
2023-09-24,Rheinland-Pfalz,07,00+,97,126,126,126,126,4098391,2.37,3.07,3.07,3.07,3.07
2023-09-23,Rheinland-Pfalz,07,00+,97,122,122,122,122,4098391,2.37,2.98,2.98,2.98,2.98
2023-09-22,Rheinland-Pfalz,07,00+,91,121,121,121,121,4098391,2.22,2.95,2.95,2.95,2.95
2023-09-21,Rheinland-Pfalz,07,00+,92,119,119,119,119,4098391,2.24,2.9,2.9,2.9,2.9
2023-09-20,Rheinland-Pfalz,07,00+,110,144,144,144,144,4098391,2.68,3.51,3.51,3.51,3.51
2023-09-19,Rheinland-Pfalz,07,00+,87,152,152,152,152,4098391,2.12,3.71,3.71,3.71,3.71
2023-09-18,Rheinland-Pfalz,07,00+,154,196,196,196,196,4098391,3.76,4.78,4.78,4.78,4.78
2023-09-17,Rheinland-Pfalz,07,00+,156,195,195,195,195,4098391,3.81,4.76,4.76,4.76,4.76
2023-09-16,Rheinland-Pfalz,07,00+,156,195,195,195,195,4098391,3.81,4.76,4.76,4.76,4.76
2023-09-15,Rheinland-Pfalz,07,00+,146,196,196,196,196,4098391,3.56,4.78,4.78,4.78,4.78
2023-09-14,Rheinland-Pfalz,07,00+,142,194,194,194,194,4098391,3.46,4.73,4.73,4.73,4.73
2023-09-13,Rheinland-Pfalz,07,00+,118,188,188,188,188,4098391,2.88,4.59,4.59,4.59,4.59
2023-09-12,Rheinland-Pfalz,07,00+,101,172,172,172,172,4098391,2.46,4.2,4.2,4.2,4.2
2023-09-11,Rheinland-Pfalz,07,00+,88,126,126,126,126,4098391,2.15,3.07,3.07,3.07,3.07
2023-09-10,Rheinland-Pfalz,07,00+,89,125,125,125,125,4098391,2.17,3.05,3.05,3.05,3.05
2023-09-09,Rheinland-Pfalz,07,00+,89,125,125,125,125,4098391,2.17,3.05,3.05,3.05,3.05
2023-09-08,Rheinland-Pfalz,07,00+,76,114,114,114,114,4098391,1.85,2.78,2.78,2.78,2.78
2023-09-07,Rheinland-Pfalz,07,00+,65,111,111,111,111,4098391,1.59,2.71,2.71,2.71,2.71
2023-09-06,Rheinland-Pfalz,07,00+,70,94,94,94,94,4098391,1.71,2.29,2.29,2.29,2.29
2023-09-05,Rheinland-Pfalz,07,00+,49,86,86,86,86,4098391,1.2,2.1,2.1,2.1,2.1
2023-09-04,Rheinland-Pfalz,07,00+,64,83,83,83,83,4098391,1.56,2.03,2.03,2.03,2.03
2023-09-03,Rheinland-Pfalz,07,00+,64,82,82,82,82,4098391,1.56,2,2,2,2
2023-09-02,Rheinland-Pfalz,07,00+,64,82,82,82,82,4098391,1.56,2,2,2,2
2023-09-01,Rheinland-Pfalz,07,00+,64,88,88,88,88,4098391,1.56,2.15,2.15,2.15,2.15
2023-08-31,Rheinland-Pfalz,07,00+,65,87,87,87,87,4098391,1.59,2.12,2.12,2.12,2.12
2023-08-30,Rheinland-Pfalz,07,00+,57,81,81,81,81,4098391,1.39,1.98,1.98,1.98,1.98
2023-08-29,Rheinland-Pfalz,07,00+,64,85,85,85,85,4098391,1.56,2.07,2.07,2.07,2.07
2023-08-28,Rheinland-Pfalz,07,00+,0,76,76,76,76,4098391,0,1.85,1.85,1.85,1.85
2023-08-27,Rheinland-Pfalz,07,00+,0,76,76,76,76,4098391,0,1.85,1.85,1.85,1.85
2023-08-26,Rheinland-Pfalz,07,00+,0,77,77,77,77,4098391,0,1.88,1.88,1.88,1.88
2023-08-25,Rheinland-Pfalz,07,00+,0,74,74,74,74,4098391,0,1.81,1.81,1.81,1.81
2023-08-24,Rheinland-Pfalz,07,00+,52,65,65,65,65,4098391,1.27,1.59,1.59,1.59,1.59
2023-08-23,Rheinland-Pfalz,07,00+,47,68,68,68,68,4098391,1.15,1.66,1.66,1.66,1.66
2023-08-22,Rheinland-Pfalz,07,00+,28,56,56,56,56,4098391,0.68,1.37,1.37,1.37,1.37
2023-08-21,Rheinland-Pfalz,07,00+,38,52,52,52,52,4098391,0.93,1.27,1.27,1.27,1.27
2023-08-20,Rheinland-Pfalz,07,00+,39,53,53,53,53,4098391,0.95,1.29,1.29,1.29,1.29
2023-08-19,Rheinland-Pfalz,07,00+,39,52,52,52,52,4098391,0.95,1.27,1.27,1.27,1.27
2023-08-18,Rheinland-Pfalz,07,00+,33,44,44,44,44,4098391,0.81,1.07,1.07,1.07,1.07
2023-08-17,Rheinland-Pfalz,07,00+,29,46,46,46,46,4098391,0.71,1.12,1.12,1.12,1.12
2023-08-16,Rheinland-Pfalz,07,00+,31,41,41,41,41,4098391,0.76,1,1,1,1
2023-08-15,Rheinland-Pfalz,07,00+,33,42,42,42,42,4098391,0.81,1.02,1.02,1.02,1.02
2023-08-14,Rheinland-Pfalz,07,00+,28,34,34,34,34,4098391,0.68,0.83,0.83,0.83,0.83
2023-08-13,Rheinland-Pfalz,07,00+,28,33,33,33,33,4098391,0.68,0.81,0.81,0.81,0.81
2023-08-12,Rheinland-Pfalz,07,00+,28,33,33,33,33,4098391,0.68,0.81,0.81,0.81,0.81
2023-08-11,Rheinland-Pfalz,07,00+,22,33,33,33,33,4098391,0.54,0.81,0.81,0.81,0.81
2023-08-10,Rheinland-Pfalz,07,00+,17,28,28,28,28,4098391,0.41,0.68,0.68,0.68,0.68
2023-08-09,Rheinland-Pfalz,07,00+,18,27,27,27,27,4098391,0.44,0.66,0.66,0.66,0.66
2023-08-08,Rheinland-Pfalz,07,00+,19,29,29,29,29,4098391,0.46,0.71,0.71,0.71,0.71
2023-08-07,Rheinland-Pfalz,07,00+,24,29,29,29,29,4098391,0.59,0.71,0.71,0.71,0.71
2023-08-06,Rheinland-Pfalz,07,00+,24,29,29,29,29,4098391,0.59,0.71,0.71,0.71,0.71
2023-08-05,Rheinland-Pfalz,07,00+,24,29,29,29,29,4098391,0.59,0.71,0.71,0.71,0.71
2023-08-04,Rheinland-Pfalz,07,00+,25,31,31,31,31,4098391,0.61,0.76,0.76,0.76,0.76
2023-08-03,Rheinland-Pfalz,07,00+,27,34,34,34,34,4098391,0.66,0.83,0.83,0.83,0.83
2023-08-02,Rheinland-Pfalz,07,00+,25,35,35,35,35,4098391,0.61,0.85,0.85,0.85,0.85
2023-08-01,Rheinland-Pfalz,07,00+,26,33,33,33,33,4098391,0.63,0.81,0.81,0.81,0.81
2023-07-31,Rheinland-Pfalz,07,00+,24,27,27,27,27,4098391,0.59,0.66,0.66,0.66,0.66
2023-07-30,Rheinland-Pfalz,07,00+,24,27,27,27,27,4098391,0.59,0.66,0.66,0.66,0.66
2023-07-29,Rheinland-Pfalz,07,00+,24,27,27,27,27,4098391,0.59,0.66,0.66,0.66,0.66
2023-07-28,Rheinland-Pfalz,07,00+,18,24,24,24,24,4098391,0.44,0.59,0.59,0.59,0.59
2023-07-27,Rheinland-Pfalz,07,00+,14,19,19,19,19,4098391,0.34,0.46,0.46,0.46,0.46
2023-07-26,Rheinland-Pfalz,07,00+,13,17,17,17,17,4098391,0.32,0.41,0.41,0.41,0.41
2023-07-25,Rheinland-Pfalz,07,00+,17,20,20,20,20,4098391,0.41,0.49,0.49,0.49,0.49
2023-07-24,Rheinland-Pfalz,07,00+,22,25,25,25,25,4098391,0.54,0.61,0.61,0.61,0.61
2023-07-23,Rheinland-Pfalz,07,00+,24,27,27,27,27,4098391,0.59,0.66,0.66,0.66,0.66
2023-07-22,Rheinland-Pfalz,07,00+,24,27,27,27,27,4098391,0.59,0.66,0.66,0.66,0.66
2023-07-21,Rheinland-Pfalz,07,00+,24,28,28,28,28,4098391,0.59,0.68,0.68,0.68,0.68
2023-07-20,Rheinland-Pfalz,07,00+,26,33,33,33,33,4098391,0.63,0.81,0.81,0.81,0.81
2023-07-19,Rheinland-Pfalz,07,00+,20,30,30,30,30,4098391,0.49,0.73,0.73,0.73,0.73
2023-07-18,Rheinland-Pfalz,07,00+,15,25,25,25,25,4098391,0.37,0.61,0.61,0.61,0.61
2023-07-17,Rheinland-Pfalz,07,00+,25,27,27,27,27,4098391,0.61,0.66,0.66,0.66,0.66
2023-07-16,Rheinland-Pfalz,07,00+,25,25,25,25,25,4098391,0.61,0.61,0.61,0.61,0.61
2023-07-15,Rheinland-Pfalz,07,00+,25,25,25,25,25,4098391,0.61,0.61,0.61,0.61,0.61
2023-07-14,Rheinland-Pfalz,07,00+,21,25,25,25,25,4098391,0.51,0.61,0.61,0.61,0.61
2023-07-13,Rheinland-Pfalz,07,00+,19,24,24,24,24,4098391,0.46,0.59,0.59,0.59,0.59
2023-07-12,Rheinland-Pfalz,07,00+,26,31,31,31,31,4098391,0.63,0.76,0.76,0.76,0.76
2023-07-11,Rheinland-Pfalz,07,00+,26,31,31,31,31,4098391,0.63,0.76,0.76,0.76,0.76
2023-07-10,Rheinland-Pfalz,07,00+,26,29,29,29,29,4098391,0.63,0.71,0.71,0.71,0.71
2023-07-09,Rheinland-Pfalz,07,00+,26,29,29,29,29,4098391,0.63,0.71,0.71,0.71,0.71
2023-07-08,Rheinland-Pfalz,07,00+,26,29,29,29,29,4098391,0.63,0.71,0.71,0.71,0.71
2023-07-07,Rheinland-Pfalz,07,00+,23,30,30,30,30,4098391,0.56,0.73,0.73,0.73,0.73
2023-07-06,Rheinland-Pfalz,07,00+,26,29,29,29,29,4098391,0.63,0.71,0.71,0.71,0.71
2023-07-05,Rheinland-Pfalz,07,00+,22,23,23,23,23,4098391,0.54,0.56,0.56,0.56,0.56
2023-07-04,Rheinland-Pfalz,07,00+,15,23,23,23,23,4098391,0.37,0.56,0.56,0.56,0.56
2023-07-03,Rheinland-Pfalz,07,00+,13,16,16,16,16,4098391,0.32,0.39,0.39,0.39,0.39
2023-07-02,Rheinland-Pfalz,07,00+,13,16,16,16,16,4098391,0.32,0.39,0.39,0.39,0.39
2023-07-01,Rheinland-Pfalz,07,00+,13,16,16,16,16,4098391,0.32,0.39,0.39,0.39,0.39
2023-06-30,Rheinland-Pfalz,07,00+,9,14,14,14,14,4098391,0.22,0.34,0.34,0.34,0.34
2023-06-29,Rheinland-Pfalz,07,00+,10,13,13,13,13,4098391,0.24,0.32,0.32,0.32,0.32
2023-06-28,Rheinland-Pfalz,07,00+,8,13,13,13,13,4098391,0.2,0.32,0.32,0.32,0.32
2023-06-27,Rheinland-Pfalz,07,00+,9,11,11,11,11,4098391,0.22,0.27,0.27,0.27,0.27
2023-06-26,Rheinland-Pfalz,07,00+,17,22,22,22,22,4098391,0.41,0.54,0.54,0.54,0.54
2023-06-25,Rheinland-Pfalz,07,00+,17,22,22,22,22,4098391,0.41,0.54,0.54,0.54,0.54
2023-06-24,Rheinland-Pfalz,07,00+,17,22,22,22,22,4098391,0.41,0.54,0.54,0.54,0.54
2023-06-23,Rheinland-Pfalz,07,00+,20,26,26,26,26,4098391,0.49,0.63,0.63,0.63,0.63
2023-06-22,Rheinland-Pfalz,07,00+,20,27,27,27,27,4098391,0.49,0.66,0.66,0.66,0.66
2023-06-21,Rheinland-Pfalz,07,00+,23,28,28,28,28,4098391,0.56,0.68,0.68,0.68,0.68
2023-06-20,Rheinland-Pfalz,07,00+,18,30,30,30,30,4098391,0.44,0.73,0.73,0.73,0.73
2023-06-19,Rheinland-Pfalz,07,00+,18,24,24,24,24,4098391,0.44,0.59,0.59,0.59,0.59
2023-06-18,Rheinland-Pfalz,07,00+,19,25,25,25,25,4098391,0.46,0.61,0.61,0.61,0.61
2023-06-17,Rheinland-Pfalz,07,00+,20,26,26,26,26,4098391,0.49,0.63,0.63,0.63,0.63
2023-06-16,Rheinland-Pfalz,07,00+,23,27,27,27,27,4098391,0.56,0.66,0.66,0.66,0.66
2023-06-15,Rheinland-Pfalz,07,00+,17,24,24,24,24,4098391,0.41,0.59,0.59,0.59,0.59
2023-06-14,Rheinland-Pfalz,07,00+,15,20,20,20,20,4098391,0.37,0.49,0.49,0.49,0.49
2023-06-13,Rheinland-Pfalz,07,00+,13,21,21,21,21,4098391,0.32,0.51,0.51,0.51,0.51
2023-06-12,Rheinland-Pfalz,07,00+,19,26,26,26,26,4098391,0.46,0.63,0.63,0.63,0.63
2023-06-11,Rheinland-Pfalz,07,00+,19,25,25,25,25,4098391,0.46,0.61,0.61,0.61,0.61
2023-06-10,Rheinland-Pfalz,07,00+,19,24,24,24,24,4098391,0.46,0.59,0.59,0.59,0.59
2023-06-09,Rheinland-Pfalz,07,00+,16,21,21,21,21,4098391,0.39,0.51,0.51,0.51,0.51
2023-06-08,Rheinland-Pfalz,07,00+,28,35,35,35,35,4098391,0.68,0.85,0.85,0.85,0.85
2023-06-07,Rheinland-Pfalz,07,00+,31,41,41,41,41,4098391,0.76,1,1,1,1
2023-06-06,Rheinland-Pfalz,07,00+,39,55,55,55,55,4098391,0.95,1.34,1.34,1.34,1.34
2023-06-05,Rheinland-Pfalz,07,00+,29,43,43,43,43,4098391,0.71,1.05,1.05,1.05,1.05
2023-06-04,Rheinland-Pfalz,07,00+,31,45,45,45,45,4098391,0.76,1.1,1.1,1.1,1.1
2023-06-03,Rheinland-Pfalz,07,00+,32,46,46,46,46,4098391,0.78,1.12,1.12,1.12,1.12
2023-06-02,Rheinland-Pfalz,07,00+,23,47,47,47,47,4098391,0.56,1.15,1.15,1.15,1.15
2023-06-01,Rheinland-Pfalz,07,00+,20,38,38,38,38,4098391,0.49,0.93,0.93,0.93,0.93
2023-05-31,Rheinland-Pfalz,07,00+,18,39,39,39,39,4098391,0.44,0.95,0.95,0.95,0.95
2023-05-30,Rheinland-Pfalz,07,00+,34,42,42,42,42,4098391,0.83,1.02,1.02,1.02,1.02
2023-05-29,Rheinland-Pfalz,07,00+,44,54,54,54,54,4098391,1.07,1.32,1.32,1.32,1.32
2023-05-28,Rheinland-Pfalz,07,00+,44,53,53,53,53,4098391,1.07,1.29,1.29,1.29,1.29
2023-05-27,Rheinland-Pfalz,07,00+,44,53,53,53,53,4098391,1.07,1.29,1.29,1.29,1.29
2023-05-26,Rheinland-Pfalz,07,00+,51,61,61,61,61,4098391,1.24,1.49,1.49,1.49,1.49
2023-05-25,Rheinland-Pfalz,07,00+,45,56,56,56,56,4098391,1.1,1.37,1.37,1.37,1.37
2023-05-24,Rheinland-Pfalz,07,00+,45,60,60,60,60,4098391,1.1,1.46,1.46,1.46,1.46
2023-05-23,Rheinland-Pfalz,07,00+,40,58,58,58,58,4098391,0.98,1.42,1.42,1.42,1.42
2023-05-22,Rheinland-Pfalz,07,00+,57,67,67,67,67,4098391,1.39,1.63,1.63,1.63,1.63
2023-05-21,Rheinland-Pfalz,07,00+,57,66,66,66,66,4098391,1.39,1.61,1.61,1.61,1.61
2023-05-20,Rheinland-Pfalz,07,00+,57,65,65,65,65,4098391,1.39,1.59,1.59,1.59,1.59
2023-05-19,Rheinland-Pfalz,07,00+,47,56,56,56,56,4098391,1.15,1.37,1.37,1.37,1.37
2023-05-18,Rheinland-Pfalz,07,00+,64,74,74,74,74,4098391,1.56,1.81,1.81,1.81,1.81
2023-05-17,Rheinland-Pfalz,07,00+,50,76,76,76,76,4098391,1.22,1.85,1.85,1.85,1.85
2023-05-16,Rheinland-Pfalz,07,00+,53,76,76,76,76,4098391,1.29,1.85,1.85,1.85,1.85
2023-05-15,Rheinland-Pfalz,07,00+,83,102,102,102,102,4098391,2.03,2.49,2.49,2.49,2.49
2023-05-14,Rheinland-Pfalz,07,00+,83,102,102,102,102,4098391,2.03,2.49,2.49,2.49,2.49
2023-05-13,Rheinland-Pfalz,07,00+,83,102,102,102,102,4098391,2.03,2.49,2.49,2.49,2.49
2023-05-12,Rheinland-Pfalz,07,00+,90,113,113,113,113,4098391,2.2,2.76,2.76,2.76,2.76
2023-05-11,Rheinland-Pfalz,07,00+,94,112,112,112,112,4098391,2.29,2.73,2.73,2.73,2.73
2023-05-10,Rheinland-Pfalz,07,00+,107,133,133,133,133,4098391,2.61,3.25,3.25,3.25,3.25
2023-05-09,Rheinland-Pfalz,07,00+,130,181,181,181,181,4098391,3.17,4.42,4.42,4.42,4.42
2023-05-08,Rheinland-Pfalz,07,00+,107,136,136,136,136,4098391,2.61,3.32,3.32,3.32,3.32
2023-05-07,Rheinland-Pfalz,07,00+,107,138,138,138,138,4098391,2.61,3.37,3.37,3.37,3.37
2023-05-06,Rheinland-Pfalz,07,00+,107,138,138,138,138,4098391,2.61,3.37,3.37,3.37,3.37
2023-05-05,Rheinland-Pfalz,07,00+,104,144,144,144,144,4098391,2.54,3.51,3.51,3.51,3.51
2023-05-04,Rheinland-Pfalz,07,00+,96,144,144,144,144,4098391,2.34,3.51,3.51,3.51,3.51
2023-05-03,Rheinland-Pfalz,07,00+,74,130,130,130,130,4098391,1.81,3.17,3.17,3.17,3.17
2023-05-02,Rheinland-Pfalz,07,00+,69,89,89,89,89,4098391,1.68,2.17,2.17,2.17,2.17
2023-05-01,Rheinland-Pfalz,07,00+,106,123,123,123,123,4098391,2.59,3,3,3,3
2023-04-30,Rheinland-Pfalz,07,00+,106,121,121,121,121,4098391,2.59,2.95,2.95,2.95,2.95
2023-04-29,Rheinland-Pfalz,07,00+,106,121,121,121,121,4098391,2.59,2.95,2.95,2.95,2.95
2023-04-28,Rheinland-Pfalz,07,00+,86,111,111,111,111,4098391,2.1,2.71,2.71,2.71,2.71
2023-04-27,Rheinland-Pfalz,07,00+,103,116,116,116,116,4098391,2.51,2.83,2.83,2.83,2.83
2023-04-26,Rheinland-Pfalz,07,00+,88,114,114,114,114,4098391,2.15,2.78,2.78,2.78,2.78
2023-04-25,Rheinland-Pfalz,07,00+,82,129,129,129,129,4098391,2,3.15,3.15,3.15,3.15
2023-04-24,Rheinland-Pfalz,07,00+,96,131,131,131,131,4098391,2.34,3.2,3.2,3.2,3.2
2023-04-23,Rheinland-Pfalz,07,00+,99,134,134,134,134,4098391,2.42,3.27,3.27,3.27,3.27
2023-04-22,Rheinland-Pfalz,07,00+,101,136,136,136,136,4098391,2.46,3.32,3.32,3.32,3.32
2023-04-21,Rheinland-Pfalz,07,00+,97,136,136,136,136,4098391,2.37,3.32,3.32,3.32,3.32
2023-04-20,Rheinland-Pfalz,07,00+,103,151,151,151,151,4098391,2.51,3.68,3.68,3.68,3.68
2023-04-19,Rheinland-Pfalz,07,00+,108,156,156,156,156,4098391,2.64,3.81,3.81,3.81,3.81
2023-04-18,Rheinland-Pfalz,07,00+,136,187,187,187,187,4098391,3.32,4.56,4.56,4.56,4.56
2023-04-17,Rheinland-Pfalz,07,00+,101,155,155,155,155,4098391,2.46,3.78,3.78,3.78,3.78
2023-04-16,Rheinland-Pfalz,07,00+,108,162,162,162,162,4098391,2.64,3.95,3.95,3.95,3.95
2023-04-15,Rheinland-Pfalz,07,00+,111,164,164,164,164,4098391,2.71,4,4,4,4
2023-04-14,Rheinland-Pfalz,07,00+,97,157,157,157,157,4098391,2.37,3.83,3.83,3.83,3.83
2023-04-13,Rheinland-Pfalz,07,00+,98,148,148,148,148,4098391,2.39,3.61,3.61,3.61,3.61
2023-04-12,Rheinland-Pfalz,07,00+,68,153,153,153,153,4098391,1.66,3.73,3.73,3.73,3.73
2023-04-11,Rheinland-Pfalz,07,00+,46,110,110,110,110,4098391,1.12,2.68,2.68,2.68,2.68
2023-04-10,Rheinland-Pfalz,07,00+,109,180,180,180,180,4098391,2.66,4.39,4.39,4.39,4.39
2023-04-09,Rheinland-Pfalz,07,00+,114,175,175,175,175,4098391,2.78,4.27,4.27,4.27,4.27
2023-04-08,Rheinland-Pfalz,07,00+,117,174,174,174,174,4098391,2.85,4.25,4.25,4.25,4.25
2023-04-07,Rheinland-Pfalz,07,00+,139,193,193,193,193,4098391,3.39,4.71,4.71,4.71,4.71
2023-04-06,Rheinland-Pfalz,07,00+,139,211,211,211,211,4098391,3.39,5.15,5.15,5.15,5.15
2023-04-05,Rheinland-Pfalz,07,00+,159,234,234,234,234,4098391,3.88,5.71,5.71,5.71,5.71
2023-04-04,Rheinland-Pfalz,07,00+,192,271,271,271,271,4098391,4.68,6.61,6.61,6.61,6.61
2023-04-03,Rheinland-Pfalz,07,00+,217,291,291,291,291,4098391,5.29,7.1,7.1,7.1,7.1
2023-04-02,Rheinland-Pfalz,07,00+,220,289,289,289,289,4098391,5.37,7.05,7.05,7.05,7.05
2023-04-01,Rheinland-Pfalz,07,00+,225,293,293,293,293,4098391,5.49,7.15,7.15,7.15,7.15
2023-03-31,Rheinland-Pfalz,07,00+,225,308,308,308,308,4098391,5.49,7.52,7.52,7.52,7.52
2023-03-30,Rheinland-Pfalz,07,00+,228,303,303,303,303,4098391,5.56,7.39,7.39,7.39,7.39
2023-03-29,Rheinland-Pfalz,07,00+,223,323,323,323,323,4098391,5.44,7.88,7.88,7.88,7.88
2023-03-28,Rheinland-Pfalz,07,00+,229,328,328,328,328,4098391,5.59,8,8,8,8
2023-03-27,Rheinland-Pfalz,07,00+,233,341,341,341,341,4098391,5.69,8.32,8.32,8.32,8.32
2023-03-26,Rheinland-Pfalz,07,00+,239,346,346,346,346,4098391,5.83,8.44,8.44,8.44,8.44
2023-03-25,Rheinland-Pfalz,07,00+,253,358,358,358,358,4098391,6.17,8.74,8.74,8.74,8.74
2023-03-24,Rheinland-Pfalz,07,00+,264,376,376,376,376,4098391,6.44,9.17,9.17,9.17,9.17
2023-03-23,Rheinland-Pfalz,07,00+,279,415,415,415,415,4098391,6.81,10.13,10.13,10.13,10.13
2023-03-22,Rheinland-Pfalz,07,00+,310,433,433,433,433,4098391,7.56,10.57,10.57,10.57,10.57
2023-03-21,Rheinland-Pfalz,07,00+,335,483,483,483,483,4098391,8.17,11.79,11.79,11.79,11.79
2023-03-20,Rheinland-Pfalz,07,00+,331,496,496,496,496,4098391,8.08,12.1,12.1,12.1,12.1
2023-03-19,Rheinland-Pfalz,07,00+,340,498,498,498,498,4098391,8.3,12.15,12.15,12.15,12.15
2023-03-18,Rheinland-Pfalz,07,00+,355,496,496,496,496,4098391,8.66,12.1,12.1,12.1,12.1
2023-03-17,Rheinland-Pfalz,07,00+,385,518,518,518,518,4098391,9.39,12.64,12.64,12.64,12.64
2023-03-16,Rheinland-Pfalz,07,00+,348,533,533,533,533,4098391,8.49,13.01,13.01,13.01,13.01
2023-03-15,Rheinland-Pfalz,07,00+,352,548,548,548,548,4098391,8.59,13.37,13.37,13.37,13.37
2023-03-14,Rheinland-Pfalz,07,00+,304,535,535,535,535,4098391,7.42,13.05,13.05,13.05,13.05
2023-03-13,Rheinland-Pfalz,07,00+,367,549,549,549,549,4098391,8.95,13.4,13.4,13.4,13.4
2023-03-12,Rheinland-Pfalz,07,00+,381,553,553,553,553,4098391,9.3,13.49,13.49,13.49,13.49
2023-03-11,Rheinland-Pfalz,07,00+,388,543,543,543,543,4098391,9.47,13.25,13.25,13.25,13.25
2023-03-10,Rheinland-Pfalz,07,00+,371,531,531,531,531,4098391,9.05,12.96,12.96,12.96,12.96
2023-03-09,Rheinland-Pfalz,07,00+,360,512,512,512,512,4098391,8.78,12.49,12.49,12.49,12.49
2023-03-08,Rheinland-Pfalz,07,00+,312,506,506,506,506,4098391,7.61,12.35,12.35,12.35,12.35
2023-03-07,Rheinland-Pfalz,07,00+,330,506,506,506,506,4098391,8.05,12.35,12.35,12.35,12.35
2023-03-06,Rheinland-Pfalz,07,00+,411,566,566,566,566,4098391,10.03,13.81,13.81,13.81,13.81
2023-03-05,Rheinland-Pfalz,07,00+,422,564,564,564,564,4098391,10.3,13.76,13.76,13.76,13.76
2023-03-04,Rheinland-Pfalz,07,00+,430,565,565,565,565,4098391,10.49,13.79,13.79,13.79,13.79
2023-03-03,Rheinland-Pfalz,07,00+,457,591,591,591,591,4098391,11.15,14.42,14.42,14.42,14.42
2023-03-02,Rheinland-Pfalz,07,00+,489,622,622,622,622,4098391,11.93,15.18,15.18,15.18,15.18
2023-03-01,Rheinland-Pfalz,07,00+,503,657,657,657,657,4098391,12.27,16.03,16.03,16.03,16.03
2023-02-28,Rheinland-Pfalz,07,00+,505,706,706,706,706,4098391,12.32,17.23,17.23,17.23,17.23
2023-02-27,Rheinland-Pfalz,07,00+,453,639,639,639,639,4098391,11.05,15.59,15.59,15.59,15.59
2023-02-26,Rheinland-Pfalz,07,00+,468,649,649,649,649,4098391,11.42,15.84,15.84,15.84,15.84
2023-02-25,Rheinland-Pfalz,07,00+,477,652,652,652,652,4098391,11.64,15.91,15.91,15.91,15.91
2023-02-24,Rheinland-Pfalz,07,00+,440,633,633,633,633,4098391,10.74,15.45,15.45,15.45,15.45
2023-02-23,Rheinland-Pfalz,07,00+,420,622,622,622,622,4098391,10.25,15.18,15.18,15.18,15.18
2023-02-22,Rheinland-Pfalz,07,00+,371,568,568,568,568,4098391,9.05,13.86,13.86,13.86,13.86
2023-02-21,Rheinland-Pfalz,07,00+,258,500,500,500,500,4098391,6.3,12.2,12.2,12.2,12.2
2023-02-20,Rheinland-Pfalz,07,00+,347,512,512,512,512,4098391,8.47,12.49,12.49,12.49,12.49
2023-02-19,Rheinland-Pfalz,07,00+,355,502,502,502,502,4098391,8.66,12.25,12.25,12.25,12.25
2023-02-18,Rheinland-Pfalz,07,00+,358,499,499,499,499,4098391,8.74,12.18,12.18,12.18,12.18
2023-02-17,Rheinland-Pfalz,07,00+,331,480,480,480,480,4098391,8.08,11.71,11.71,11.71,11.71
2023-02-16,Rheinland-Pfalz,07,00+,319,448,448,448,448,4098391,7.78,10.93,10.93,10.93,10.93
2023-02-15,Rheinland-Pfalz,07,00+,275,434,434,434,434,4098391,6.71,10.59,10.59,10.59,10.59
2023-02-14,Rheinland-Pfalz,07,00+,299,438,438,438,438,4098391,7.3,10.69,10.69,10.69,10.69
2023-02-13,Rheinland-Pfalz,07,00+,313,433,433,433,433,4098391,7.64,10.57,10.57,10.57,10.57
2023-02-12,Rheinland-Pfalz,07,00+,320,431,431,431,431,4098391,7.81,10.52,10.52,10.52,10.52
2023-02-11,Rheinland-Pfalz,07,00+,330,434,434,434,434,4098391,8.05,10.59,10.59,10.59,10.59
2023-02-10,Rheinland-Pfalz,07,00+,345,436,436,436,436,4098391,8.42,10.64,10.64,10.64,10.64
2023-02-09,Rheinland-Pfalz,07,00+,299,416,416,416,416,4098391,7.3,10.15,10.15,10.15,10.15
2023-02-08,Rheinland-Pfalz,07,00+,261,395,395,395,395,4098391,6.37,9.64,9.64,9.64,9.64
2023-02-07,Rheinland-Pfalz,07,00+,246,364,364,364,364,4098391,6,8.88,8.88,8.88,8.88
2023-02-06,Rheinland-Pfalz,07,00+,201,305,305,305,305,4098391,4.9,7.44,7.44,7.44,7.44
2023-02-05,Rheinland-Pfalz,07,00+,205,299,299,299,299,4098391,5,7.3,7.3,7.3,7.3
2023-02-04,Rheinland-Pfalz,07,00+,211,296,296,296,296,4098391,5.15,7.22,7.22,7.22,7.22
2023-02-03,Rheinland-Pfalz,07,00+,199,280,280,280,280,4098391,4.86,6.83,6.83,6.83,6.83
2023-02-02,Rheinland-Pfalz,07,00+,195,273,273,273,273,4098391,4.76,6.66,6.66,6.66,6.66
2023-02-01,Rheinland-Pfalz,07,00+,196,280,280,280,280,4098391,4.78,6.83,6.83,6.83,6.83
2023-01-31,Rheinland-Pfalz,07,00+,199,300,300,300,300,4098391,4.86,7.32,7.32,7.32,7.32
2023-01-30,Rheinland-Pfalz,07,00+,226,310,310,310,310,4098391,5.51,7.56,7.56,7.56,7.56
2023-01-29,Rheinland-Pfalz,07,00+,236,321,321,321,321,4098391,5.76,7.83,7.83,7.83,7.83
2023-01-28,Rheinland-Pfalz,07,00+,249,329,329,329,329,4098391,6.08,8.03,8.03,8.03,8.03
2023-01-27,Rheinland-Pfalz,07,00+,239,316,316,316,316,4098391,5.83,7.71,7.71,7.71,7.71
2023-01-26,Rheinland-Pfalz,07,00+,234,318,318,318,318,4098391,5.71,7.76,7.76,7.76,7.76
2023-01-25,Rheinland-Pfalz,07,00+,212,316,316,316,316,4098391,5.17,7.71,7.71,7.71,7.71
2023-01-24,Rheinland-Pfalz,07,00+,183,281,281,281,281,4098391,4.47,6.86,6.86,6.86,6.86
2023-01-23,Rheinland-Pfalz,07,00+,201,295,295,295,295,4098391,4.9,7.2,7.2,7.2,7.2
2023-01-22,Rheinland-Pfalz,07,00+,208,288,288,288,288,4098391,5.08,7.03,7.03,7.03,7.03
2023-01-21,Rheinland-Pfalz,07,00+,213,278,278,278,278,4098391,5.2,6.78,6.78,6.78,6.78
2023-01-20,Rheinland-Pfalz,07,00+,208,291,291,291,291,4098391,5.08,7.1,7.1,7.1,7.1
2023-01-19,Rheinland-Pfalz,07,00+,185,296,296,296,296,4098391,4.51,7.22,7.22,7.22,7.22
2023-01-18,Rheinland-Pfalz,07,00+,192,298,298,298,298,4098391,4.68,7.27,7.27,7.27,7.27
2023-01-17,Rheinland-Pfalz,07,00+,176,313,313,313,313,4098391,4.29,7.64,7.64,7.64,7.64
2023-01-16,Rheinland-Pfalz,07,00+,211,325,325,325,325,4098391,5.15,7.93,7.93,7.93,7.93
2023-01-15,Rheinland-Pfalz,07,00+,216,323,323,323,323,4098391,5.27,7.88,7.88,7.88,7.88
2023-01-14,Rheinland-Pfalz,07,00+,224,328,328,328,328,4098391,5.47,8,8,8,8
2023-01-13,Rheinland-Pfalz,07,00+,210,341,341,341,341,4098391,5.12,8.32,8.32,8.32,8.32
2023-01-12,Rheinland-Pfalz,07,00+,265,410,410,410,410,4098391,6.47,10,10,10,10
2023-01-11,Rheinland-Pfalz,07,00+,304,474,474,474,474,4098391,7.42,11.57,11.57,11.57,11.57
2023-01-10,Rheinland-Pfalz,07,00+,319,554,554,554,554,4098391,7.78,13.52,13.52,13.52,13.52
2023-01-09,Rheinland-Pfalz,07,00+,435,647,647,647,647,4098391,10.61,15.79,15.79,15.79,15.79
2023-01-08,Rheinland-Pfalz,07,00+,450,661,661,661,661,4098391,10.98,16.13,16.13,16.13,16.13
2023-01-07,Rheinland-Pfalz,07,00+,456,0,0,0,0,4098391,11.13,0,0,0,0
2023-01-06,Rheinland-Pfalz,07,00+,419,0,0,0,0,4098391,10.22,0,0,0,0
2023-01-05,Rheinland-Pfalz,07,00+,383,0,0,0,0,4098391,9.35,0,0,0,0
2023-01-04,Rheinland-Pfalz,07,00+,351,0,0,0,0,4098391,8.56,0,0,0,0
2023-01-03,Rheinland-Pfalz,07,00+,303,0,0,0,0,4098391,7.39,0,0,0,0
2023-01-02,Rheinland-Pfalz,07,00+,199,0,0,0,0,4098391,4.86,0,0,0,0
2023-12-23,Baden-Württemberg,08,00+,442,442,NA,NA,NA,11103043,3.98,3.98,NA,NA,NA
2023-12-22,Baden-Württemberg,08,00+,436,527,NA,NA,NA,11103043,3.93,4.75,NA,NA,NA
2023-12-21,Baden-Württemberg,08,00+,439,574,NA,NA,NA,11103043,3.95,5.17,NA,NA,NA
2023-12-20,Baden-Württemberg,08,00+,435,586,670,660,684,11103043,3.92,5.28,6.04,5.95,6.16
2023-12-19,Baden-Württemberg,08,00+,388,593,661,652,673,11103043,3.49,5.34,5.96,5.88,6.07
2023-12-18,Baden-Württemberg,08,00+,453,625,677,669,690,11103043,4.08,5.63,6.1,6.03,6.22
2023-12-17,Baden-Württemberg,08,00+,459,615,666,657,678,11103043,4.13,5.54,6,5.93,6.11
2023-12-16,Baden-Württemberg,08,00+,466,612,662,653,674,11103043,4.2,5.51,5.96,5.89,6.08
2023-12-15,Baden-Württemberg,08,00+,395,623,666,658,679,11103043,3.56,5.61,6,5.93,6.12
2023-12-14,Baden-Württemberg,08,00+,399,600,636,629,648,11103043,3.59,5.4,5.73,5.67,5.84
2023-12-13,Baden-Württemberg,08,00+,385,589,620,613,631,11103043,3.47,5.3,5.59,5.53,5.69
2023-12-12,Baden-Württemberg,08,00+,372,600,627,620,637,11103043,3.35,5.4,5.65,5.59,5.74
2023-12-11,Baden-Württemberg,08,00+,341,526,543,539,552,11103043,3.07,4.74,4.9,4.85,4.97
2023-12-10,Baden-Württemberg,08,00+,346,524,541,536,550,11103043,3.12,4.72,4.88,4.83,4.95
2023-12-09,Baden-Württemberg,08,00+,356,525,542,537,550,11103043,3.21,4.73,4.89,4.84,4.96
2023-12-08,Baden-Württemberg,08,00+,346,483,497,492,504,11103043,3.12,4.35,4.48,4.44,4.55
2023-12-07,Baden-Württemberg,08,00+,343,492,505,500,512,11103043,3.09,4.43,4.55,4.51,4.61
2023-12-06,Baden-Württemberg,08,00+,309,483,494,490,501,11103043,2.78,4.35,4.45,4.42,4.51
2023-12-05,Baden-Württemberg,08,00+,256,436,444,441,450,11103043,2.31,3.93,4.01,3.98,4.06
2023-12-04,Baden-Württemberg,08,00+,296,445,452,449,457,11103043,2.67,4.01,4.07,4.05,4.12
2023-12-03,Baden-Württemberg,08,00+,302,446,453,450,458,11103043,2.72,4.02,4.08,4.06,4.13
2023-12-02,Baden-Württemberg,08,00+,320,455,462,459,467,11103043,2.88,4.1,4.16,4.14,4.21
2023-12-01,Baden-Württemberg,08,00+,284,451,457,454,462,11103043,2.56,4.06,4.12,4.1,4.17
2023-11-30,Baden-Württemberg,08,00+,286,418,423,421,427,11103043,2.58,3.76,3.82,3.79,3.85
2023-11-29,Baden-Württemberg,08,00+,283,413,417,415,421,11103043,2.55,3.72,3.76,3.75,3.8
2023-11-28,Baden-Württemberg,08,00+,254,417,421,419,424,11103043,2.29,3.76,3.79,3.78,3.83
2023-11-27,Baden-Württemberg,08,00+,278,416,419,417,421,11103043,2.5,3.75,3.78,3.76,3.79
2023-11-26,Baden-Württemberg,08,00+,290,422,425,423,427,11103043,2.61,3.8,3.83,3.82,3.85
2023-11-25,Baden-Württemberg,08,00+,293,405,407,406,409,11103043,2.64,3.65,3.67,3.66,3.69
2023-11-24,Baden-Württemberg,08,00+,294,401,403,402,405,11103043,2.65,3.61,3.63,3.63,3.65
2023-11-23,Baden-Württemberg,08,00+,293,428,430,429,431,11103043,2.64,3.85,3.88,3.87,3.89
2023-11-22,Baden-Württemberg,08,00+,286,424,425,425,426,11103043,2.58,3.82,3.84,3.83,3.84
2023-11-21,Baden-Württemberg,08,00+,306,434,435,434,435,11103043,2.76,3.91,3.92,3.92,3.93
2023-11-20,Baden-Württemberg,08,00+,317,437,437,437,437,11103043,2.86,3.94,3.94,3.94,3.94
2023-11-19,Baden-Württemberg,08,00+,325,435,435,435,435,11103043,2.93,3.92,3.92,3.92,3.93
2023-11-18,Baden-Württemberg,08,00+,335,442,442,442,442,11103043,3.02,3.98,3.99,3.98,3.99
2023-11-17,Baden-Württemberg,08,00+,334,450,450,450,450,11103043,3.01,4.05,4.06,4.06,4.06
2023-11-16,Baden-Württemberg,08,00+,327,461,461,461,461,11103043,2.95,4.15,4.15,4.15,4.16
2023-11-15,Baden-Württemberg,08,00+,332,492,492,492,492,11103043,2.99,4.43,4.43,4.43,4.43
2023-11-14,Baden-Württemberg,08,00+,299,472,472,472,472,11103043,2.69,4.25,4.25,4.25,4.25
2023-11-13,Baden-Württemberg,08,00+,342,497,497,497,497,11103043,3.08,4.48,4.48,4.48,4.48
2023-11-12,Baden-Württemberg,08,00+,351,496,496,496,496,11103043,3.16,4.47,4.47,4.47,4.47
2023-11-11,Baden-Württemberg,08,00+,359,495,495,495,495,11103043,3.23,4.46,4.46,4.46,4.46
2023-11-10,Baden-Württemberg,08,00+,351,516,516,516,516,11103043,3.16,4.65,4.65,4.65,4.65
2023-11-09,Baden-Württemberg,08,00+,402,558,558,558,558,11103043,3.62,5.03,5.03,5.03,5.03
2023-11-08,Baden-Württemberg,08,00+,294,460,460,460,460,11103043,2.65,4.14,4.14,4.14,4.14
2023-11-07,Baden-Württemberg,08,00+,340,531,531,531,531,11103043,3.06,4.78,4.78,4.78,4.78
2023-11-06,Baden-Württemberg,08,00+,364,552,552,552,552,11103043,3.28,4.97,4.97,4.97,4.97
2023-11-05,Baden-Württemberg,08,00+,369,549,549,549,549,11103043,3.32,4.94,4.94,4.94,4.94
2023-11-04,Baden-Württemberg,08,00+,375,547,547,547,547,11103043,3.38,4.93,4.93,4.93,4.93
2023-11-03,Baden-Württemberg,08,00+,307,529,529,529,529,11103043,2.77,4.76,4.76,4.76,4.76
2023-11-02,Baden-Württemberg,08,00+,284,487,487,487,487,11103043,2.56,4.39,4.39,4.39,4.39
2023-11-01,Baden-Württemberg,08,00+,376,585,585,585,585,11103043,3.39,5.27,5.27,5.27,5.27
2023-10-31,Baden-Württemberg,08,00+,333,577,577,577,577,11103043,3,5.2,5.2,5.2,5.2
2023-10-30,Baden-Württemberg,08,00+,420,597,597,597,597,11103043,3.78,5.38,5.38,5.38,5.38
2023-10-29,Baden-Württemberg,08,00+,434,605,605,605,605,11103043,3.91,5.45,5.45,5.45,5.45
2023-10-28,Baden-Württemberg,08,00+,442,606,606,606,606,11103043,3.98,5.46,5.46,5.46,5.46
2023-10-27,Baden-Württemberg,08,00+,437,623,623,623,623,11103043,3.94,5.61,5.61,5.61,5.61
2023-10-26,Baden-Württemberg,08,00+,401,617,617,617,617,11103043,3.61,5.56,5.56,5.56,5.56
2023-10-25,Baden-Württemberg,08,00+,385,580,580,580,580,11103043,3.47,5.22,5.22,5.22,5.22
2023-10-24,Baden-Württemberg,08,00+,343,526,526,526,526,11103043,3.09,4.74,4.74,4.74,4.74
2023-10-23,Baden-Württemberg,08,00+,299,461,461,461,461,11103043,2.69,4.15,4.15,4.15,4.15
2023-10-22,Baden-Württemberg,08,00+,306,454,454,454,454,11103043,2.76,4.09,4.09,4.09,4.09
2023-10-21,Baden-Württemberg,08,00+,316,457,457,457,457,11103043,2.85,4.12,4.12,4.12,4.12
2023-10-20,Baden-Württemberg,08,00+,289,426,426,426,426,11103043,2.6,3.84,3.84,3.84,3.84
2023-10-19,Baden-Württemberg,08,00+,256,397,397,397,397,11103043,2.31,3.58,3.58,3.58,3.58
2023-10-18,Baden-Württemberg,08,00+,211,395,395,395,395,11103043,1.9,3.56,3.56,3.56,3.56
2023-10-17,Baden-Württemberg,08,00+,194,390,390,390,390,11103043,1.75,3.51,3.51,3.51,3.51
2023-10-16,Baden-Württemberg,08,00+,254,375,375,375,375,11103043,2.29,3.38,3.38,3.38,3.38
2023-10-15,Baden-Württemberg,08,00+,259,374,374,374,374,11103043,2.33,3.37,3.37,3.37,3.37
2023-10-14,Baden-Württemberg,08,00+,263,369,369,369,369,11103043,2.37,3.32,3.32,3.32,3.32
2023-10-13,Baden-Württemberg,08,00+,247,368,368,368,368,11103043,2.22,3.31,3.31,3.31,3.31
2023-10-12,Baden-Württemberg,08,00+,229,375,375,375,375,11103043,2.06,3.38,3.38,3.38,3.38
2023-10-11,Baden-Württemberg,08,00+,253,403,403,403,403,11103043,2.28,3.63,3.63,3.63,3.63
2023-10-10,Baden-Württemberg,08,00+,198,339,339,339,339,11103043,1.78,3.05,3.05,3.05,3.05
2023-10-09,Baden-Württemberg,08,00+,193,295,295,295,295,11103043,1.74,2.66,2.66,2.66,2.66
2023-10-08,Baden-Württemberg,08,00+,197,293,293,293,293,11103043,1.77,2.64,2.64,2.64,2.64
2023-10-07,Baden-Württemberg,08,00+,201,291,291,291,291,11103043,1.81,2.62,2.62,2.62,2.62
2023-10-06,Baden-Württemberg,08,00+,184,273,273,273,273,11103043,1.66,2.46,2.46,2.46,2.46
2023-10-05,Baden-Württemberg,08,00+,159,259,259,259,259,11103043,1.43,2.33,2.33,2.33,2.33
2023-10-04,Baden-Württemberg,08,00+,93,196,196,196,196,11103043,0.84,1.77,1.77,1.77,1.77
2023-10-03,Baden-Württemberg,08,00+,123,222,222,222,222,11103043,1.11,2,2,2,2
2023-10-02,Baden-Württemberg,08,00+,158,221,221,221,221,11103043,1.42,1.99,1.99,1.99,1.99
2023-10-01,Baden-Württemberg,08,00+,164,224,224,224,224,11103043,1.48,2.02,2.02,2.02,2.02
2023-09-30,Baden-Württemberg,08,00+,167,223,223,223,223,11103043,1.5,2.01,2.01,2.01,2.01
2023-09-29,Baden-Württemberg,08,00+,149,211,211,211,211,11103043,1.34,1.9,1.9,1.9,1.9
2023-09-28,Baden-Württemberg,08,00+,150,193,193,193,193,11103043,1.35,1.74,1.74,1.74,1.74
2023-09-27,Baden-Württemberg,08,00+,126,184,184,184,184,11103043,1.13,1.66,1.66,1.66,1.66
2023-09-26,Baden-Württemberg,08,00+,90,180,180,180,180,11103043,0.81,1.62,1.62,1.62,1.62
2023-09-25,Baden-Württemberg,08,00+,89,149,149,149,149,11103043,0.8,1.34,1.34,1.34,1.34
2023-09-24,Baden-Württemberg,08,00+,89,142,142,142,142,11103043,0.8,1.28,1.28,1.28,1.28
2023-09-23,Baden-Württemberg,08,00+,92,142,142,142,142,11103043,0.83,1.28,1.28,1.28,1.28
2023-09-22,Baden-Württemberg,08,00+,102,150,150,150,150,11103043,0.92,1.35,1.35,1.35,1.35
2023-09-21,Baden-Württemberg,08,00+,91,135,135,135,135,11103043,0.82,1.22,1.22,1.22,1.22
2023-09-20,Baden-Württemberg,08,00+,81,137,137,137,137,11103043,0.73,1.23,1.23,1.23,1.23
2023-09-19,Baden-Württemberg,08,00+,85,136,136,136,136,11103043,0.77,1.22,1.22,1.22,1.22
2023-09-18,Baden-Württemberg,08,00+,109,140,140,140,140,11103043,0.98,1.26,1.26,1.26,1.26
2023-09-17,Baden-Württemberg,08,00+,110,141,141,141,141,11103043,0.99,1.27,1.27,1.27,1.27
2023-09-16,Baden-Württemberg,08,00+,110,140,140,140,140,11103043,0.99,1.26,1.26,1.26,1.26
2023-09-15,Baden-Württemberg,08,00+,105,147,147,147,147,11103043,0.95,1.32,1.32,1.32,1.32
2023-09-14,Baden-Württemberg,08,00+,108,152,152,152,152,11103043,0.97,1.37,1.37,1.37,1.37
2023-09-13,Baden-Württemberg,08,00+,103,146,146,146,146,11103043,0.93,1.31,1.31,1.31,1.31
2023-09-12,Baden-Württemberg,08,00+,108,156,156,156,156,11103043,0.97,1.41,1.41,1.41,1.41
2023-09-11,Baden-Württemberg,08,00+,106,144,144,144,144,11103043,0.95,1.3,1.3,1.3,1.3
2023-09-10,Baden-Württemberg,08,00+,110,146,146,146,146,11103043,0.99,1.31,1.31,1.31,1.31
2023-09-09,Baden-Württemberg,08,00+,110,144,144,144,144,11103043,0.99,1.3,1.3,1.3,1.3
2023-09-08,Baden-Württemberg,08,00+,79,114,114,114,114,11103043,0.71,1.03,1.03,1.03,1.03
2023-09-07,Baden-Württemberg,08,00+,74,109,109,109,109,11103043,0.67,0.98,0.98,0.98,0.98
2023-09-06,Baden-Württemberg,08,00+,61,107,107,107,107,11103043,0.55,0.96,0.96,0.96,0.96
2023-09-05,Baden-Württemberg,08,00+,33,80,80,80,80,11103043,0.3,0.72,0.72,0.72,0.72
2023-09-04,Baden-Württemberg,08,00+,58,84,84,84,84,11103043,0.52,0.76,0.76,0.76,0.76
2023-09-03,Baden-Württemberg,08,00+,58,81,81,81,81,11103043,0.52,0.73,0.73,0.73,0.73
2023-09-02,Baden-Württemberg,08,00+,58,81,81,81,81,11103043,0.52,0.73,0.73,0.73,0.73
2023-09-01,Baden-Württemberg,08,00+,64,92,92,92,92,11103043,0.58,0.83,0.83,0.83,0.83
2023-08-31,Baden-Württemberg,08,00+,67,101,101,101,101,11103043,0.6,0.91,0.91,0.91,0.91
2023-08-30,Baden-Württemberg,08,00+,84,110,110,110,110,11103043,0.76,0.99,0.99,0.99,0.99
2023-08-29,Baden-Württemberg,08,00+,79,118,118,118,118,11103043,0.71,1.06,1.06,1.06,1.06
2023-08-28,Baden-Württemberg,08,00+,0,129,129,129,129,11103043,0,1.16,1.16,1.16,1.16
2023-08-27,Baden-Württemberg,08,00+,0,130,130,130,130,11103043,0,1.17,1.17,1.17,1.17
2023-08-26,Baden-Württemberg,08,00+,0,132,132,132,132,11103043,0,1.19,1.19,1.19,1.19
2023-08-25,Baden-Württemberg,08,00+,0,131,131,131,131,11103043,0,1.18,1.18,1.18,1.18
2023-08-24,Baden-Württemberg,08,00+,91,130,130,130,130,11103043,0.82,1.17,1.17,1.17,1.17
2023-08-23,Baden-Württemberg,08,00+,86,128,128,128,128,11103043,0.77,1.15,1.15,1.15,1.15
2023-08-22,Baden-Württemberg,08,00+,70,131,131,131,131,11103043,0.63,1.18,1.18,1.18,1.18
2023-08-21,Baden-Württemberg,08,00+,69,108,108,108,108,11103043,0.62,0.97,0.97,0.97,0.97
2023-08-20,Baden-Württemberg,08,00+,71,110,110,110,110,11103043,0.64,0.99,0.99,0.99,0.99
2023-08-19,Baden-Württemberg,08,00+,72,109,109,109,109,11103043,0.65,0.98,0.98,0.98,0.98
2023-08-18,Baden-Württemberg,08,00+,65,101,101,101,101,11103043,0.59,0.91,0.91,0.91,0.91
2023-08-17,Baden-Württemberg,08,00+,62,91,91,91,91,11103043,0.56,0.82,0.82,0.82,0.82
2023-08-16,Baden-Württemberg,08,00+,50,78,78,78,78,11103043,0.45,0.7,0.7,0.7,0.7
2023-08-15,Baden-Württemberg,08,00+,39,64,64,64,64,11103043,0.35,0.58,0.58,0.58,0.58
2023-08-14,Baden-Württemberg,08,00+,42,56,56,56,56,11103043,0.38,0.5,0.5,0.5,0.5
2023-08-13,Baden-Württemberg,08,00+,42,53,53,53,53,11103043,0.38,0.48,0.48,0.48,0.48
2023-08-12,Baden-Württemberg,08,00+,42,52,52,52,52,11103043,0.38,0.47,0.47,0.47,0.47
2023-08-11,Baden-Württemberg,08,00+,35,50,50,50,50,11103043,0.32,0.45,0.45,0.45,0.45
2023-08-10,Baden-Württemberg,08,00+,27,41,41,41,41,11103043,0.24,0.37,0.37,0.37,0.37
2023-08-09,Baden-Württemberg,08,00+,31,46,46,46,46,11103043,0.28,0.41,0.41,0.41,0.41
2023-08-08,Baden-Württemberg,08,00+,26,46,46,46,46,11103043,0.23,0.41,0.41,0.41,0.41
2023-08-07,Baden-Württemberg,08,00+,40,45,45,45,45,11103043,0.36,0.41,0.41,0.41,0.41
2023-08-06,Baden-Württemberg,08,00+,40,45,45,45,45,11103043,0.36,0.41,0.41,0.41,0.41
2023-08-05,Baden-Württemberg,08,00+,40,45,45,45,45,11103043,0.36,0.41,0.41,0.41,0.41
2023-08-04,Baden-Württemberg,08,00+,29,44,44,44,44,11103043,0.26,0.4,0.4,0.4,0.4
2023-08-03,Baden-Württemberg,08,00+,23,47,47,47,47,11103043,0.21,0.42,0.42,0.42,0.42
2023-08-02,Baden-Württemberg,08,00+,27,49,49,49,49,11103043,0.24,0.44,0.44,0.44,0.44
2023-08-01,Baden-Württemberg,08,00+,27,51,51,51,51,11103043,0.24,0.46,0.46,0.46,0.46
2023-07-31,Baden-Württemberg,08,00+,26,39,39,39,39,11103043,0.23,0.35,0.35,0.35,0.35
2023-07-30,Baden-Württemberg,08,00+,26,39,39,39,39,11103043,0.23,0.35,0.35,0.35,0.35
2023-07-29,Baden-Württemberg,08,00+,26,39,39,39,39,11103043,0.23,0.35,0.35,0.35,0.35
2023-07-28,Baden-Württemberg,08,00+,25,38,38,38,38,11103043,0.23,0.34,0.34,0.34,0.34
2023-07-27,Baden-Württemberg,08,00+,21,35,35,35,35,11103043,0.19,0.32,0.32,0.32,0.32
2023-07-26,Baden-Württemberg,08,00+,9,21,21,21,21,11103043,0.08,0.19,0.19,0.19,0.19
2023-07-25,Baden-Württemberg,08,00+,11,17,17,17,17,11103043,0.1,0.15,0.15,0.15,0.15
2023-07-24,Baden-Württemberg,08,00+,17,21,21,21,21,11103043,0.15,0.19,0.19,0.19,0.19
2023-07-23,Baden-Württemberg,08,00+,17,21,21,21,21,11103043,0.15,0.19,0.19,0.19,0.19
2023-07-22,Baden-Württemberg,08,00+,18,22,22,22,22,11103043,0.16,0.2,0.2,0.2,0.2
2023-07-21,Baden-Württemberg,08,00+,19,23,23,23,23,11103043,0.17,0.21,0.21,0.21,0.21
2023-07-20,Baden-Württemberg,08,00+,18,24,24,24,24,11103043,0.16,0.22,0.22,0.22,0.22
2023-07-19,Baden-Württemberg,08,00+,17,28,28,28,28,11103043,0.15,0.25,0.25,0.25,0.25
2023-07-18,Baden-Württemberg,08,00+,19,29,29,29,29,11103043,0.17,0.26,0.26,0.26,0.26
2023-07-17,Baden-Württemberg,08,00+,18,25,25,25,25,11103043,0.16,0.23,0.23,0.23,0.23
2023-07-16,Baden-Württemberg,08,00+,18,25,25,25,25,11103043,0.16,0.23,0.23,0.23,0.23
2023-07-15,Baden-Württemberg,08,00+,19,25,25,25,25,11103043,0.17,0.23,0.23,0.23,0.23
2023-07-14,Baden-Württemberg,08,00+,20,26,26,26,26,11103043,0.18,0.23,0.23,0.23,0.23
2023-07-13,Baden-Württemberg,08,00+,17,24,24,24,24,11103043,0.15,0.22,0.22,0.22,0.22
2023-07-12,Baden-Württemberg,08,00+,12,23,23,23,23,11103043,0.11,0.21,0.21,0.21,0.21
2023-07-11,Baden-Württemberg,08,00+,8,18,18,18,18,11103043,0.07,0.16,0.16,0.16,0.16
2023-07-10,Baden-Württemberg,08,00+,9,15,15,15,15,11103043,0.08,0.14,0.14,0.14,0.14
2023-07-09,Baden-Württemberg,08,00+,11,17,17,17,17,11103043,0.1,0.15,0.15,0.15,0.15
2023-07-08,Baden-Württemberg,08,00+,12,17,17,17,17,11103043,0.11,0.15,0.15,0.15,0.15
2023-07-07,Baden-Württemberg,08,00+,11,15,15,15,15,11103043,0.1,0.14,0.14,0.14,0.14
2023-07-06,Baden-Württemberg,08,00+,9,15,15,15,15,11103043,0.08,0.14,0.14,0.14,0.14
2023-07-05,Baden-Württemberg,08,00+,9,15,15,15,15,11103043,0.08,0.14,0.14,0.14,0.14
2023-07-04,Baden-Württemberg,08,00+,15,20,20,20,20,11103043,0.14,0.18,0.18,0.18,0.18
2023-07-03,Baden-Württemberg,08,00+,17,29,29,29,29,11103043,0.15,0.26,0.26,0.26,0.26
2023-07-02,Baden-Württemberg,08,00+,17,27,27,27,27,11103043,0.15,0.24,0.24,0.24,0.24
2023-07-01,Baden-Württemberg,08,00+,17,26,26,26,26,11103043,0.15,0.23,0.23,0.23,0.23
2023-06-30,Baden-Württemberg,08,00+,19,28,28,28,28,11103043,0.17,0.25,0.25,0.25,0.25
2023-06-29,Baden-Württemberg,08,00+,22,31,31,31,31,11103043,0.2,0.28,0.28,0.28,0.28
2023-06-28,Baden-Württemberg,08,00+,27,40,40,40,40,11103043,0.24,0.36,0.36,0.36,0.36
2023-06-27,Baden-Württemberg,08,00+,26,35,35,35,35,11103043,0.23,0.32,0.32,0.32,0.32
2023-06-26,Baden-Württemberg,08,00+,20,29,29,29,29,11103043,0.18,0.26,0.26,0.26,0.26
2023-06-25,Baden-Württemberg,08,00+,20,29,29,29,29,11103043,0.18,0.26,0.26,0.26,0.26
2023-06-24,Baden-Württemberg,08,00+,20,29,29,29,29,11103043,0.18,0.26,0.26,0.26,0.26
2023-06-23,Baden-Württemberg,08,00+,15,26,26,26,26,11103043,0.14,0.23,0.23,0.23,0.23
2023-06-22,Baden-Württemberg,08,00+,15,30,30,30,30,11103043,0.14,0.27,0.27,0.27,0.27
2023-06-21,Baden-Württemberg,08,00+,12,22,22,22,22,11103043,0.11,0.2,0.2,0.2,0.2
2023-06-20,Baden-Württemberg,08,00+,16,24,24,24,24,11103043,0.14,0.22,0.22,0.22,0.22
2023-06-19,Baden-Württemberg,08,00+,13,22,22,22,22,11103043,0.12,0.2,0.2,0.2,0.2
2023-06-18,Baden-Württemberg,08,00+,15,24,24,24,24,11103043,0.14,0.22,0.22,0.22,0.22
2023-06-17,Baden-Württemberg,08,00+,17,26,26,26,26,11103043,0.15,0.23,0.23,0.23,0.23
2023-06-16,Baden-Württemberg,08,00+,24,36,36,36,36,11103043,0.22,0.32,0.32,0.32,0.32
2023-06-15,Baden-Württemberg,08,00+,19,27,27,27,27,11103043,0.17,0.24,0.24,0.24,0.24
2023-06-14,Baden-Württemberg,08,00+,19,28,28,28,28,11103043,0.17,0.25,0.25,0.25,0.25
2023-06-13,Baden-Württemberg,08,00+,19,28,28,28,28,11103043,0.17,0.25,0.25,0.25,0.25
2023-06-12,Baden-Württemberg,08,00+,23,38,38,38,38,11103043,0.21,0.34,0.34,0.34,0.34
2023-06-11,Baden-Württemberg,08,00+,24,37,37,37,37,11103043,0.22,0.33,0.33,0.33,0.33
2023-06-10,Baden-Württemberg,08,00+,24,35,35,35,35,11103043,0.22,0.32,0.32,0.32,0.32
2023-06-09,Baden-Württemberg,08,00+,22,32,32,32,32,11103043,0.2,0.29,0.29,0.29,0.29
2023-06-08,Baden-Württemberg,08,00+,29,40,40,40,40,11103043,0.26,0.36,0.36,0.36,0.36
2023-06-07,Baden-Württemberg,08,00+,37,48,48,48,48,11103043,0.33,0.43,0.43,0.43,0.43
2023-06-06,Baden-Württemberg,08,00+,53,66,66,66,66,11103043,0.48,0.59,0.59,0.59,0.59
2023-06-05,Baden-Württemberg,08,00+,43,52,52,52,52,11103043,0.39,0.47,0.47,0.47,0.47
2023-06-04,Baden-Württemberg,08,00+,44,52,52,52,52,11103043,0.4,0.47,0.47,0.47,0.47
2023-06-03,Baden-Württemberg,08,00+,44,52,52,52,52,11103043,0.4,0.47,0.47,0.47,0.47
2023-06-02,Baden-Württemberg,08,00+,38,48,48,48,48,11103043,0.34,0.43,0.43,0.43,0.43
2023-06-01,Baden-Württemberg,08,00+,34,48,48,48,48,11103043,0.31,0.43,0.43,0.43,0.43
2023-05-31,Baden-Württemberg,08,00+,34,48,48,48,48,11103043,0.31,0.43,0.43,0.43,0.43
2023-05-30,Baden-Württemberg,08,00+,31,43,43,43,43,11103043,0.28,0.39,0.39,0.39,0.39
2023-05-29,Baden-Württemberg,08,00+,62,78,78,78,78,11103043,0.56,0.7,0.7,0.7,0.7
2023-05-28,Baden-Württemberg,08,00+,62,78,78,78,78,11103043,0.56,0.7,0.7,0.7,0.7
2023-05-27,Baden-Württemberg,08,00+,65,81,81,81,81,11103043,0.59,0.73,0.73,0.73,0.73
2023-05-26,Baden-Württemberg,08,00+,76,103,103,103,103,11103043,0.68,0.93,0.93,0.93,0.93
2023-05-25,Baden-Württemberg,08,00+,68,97,97,97,97,11103043,0.61,0.87,0.87,0.87,0.87
2023-05-24,Baden-Württemberg,08,00+,70,103,103,103,103,11103043,0.63,0.93,0.93,0.93,0.93
2023-05-23,Baden-Württemberg,08,00+,61,100,100,100,100,11103043,0.55,0.9,0.9,0.9,0.9
2023-05-22,Baden-Württemberg,08,00+,62,95,95,95,95,11103043,0.56,0.86,0.86,0.86,0.86
2023-05-21,Baden-Württemberg,08,00+,63,96,96,96,96,11103043,0.57,0.86,0.86,0.86,0.86
2023-05-20,Baden-Württemberg,08,00+,64,94,94,94,94,11103043,0.58,0.85,0.85,0.85,0.85
2023-05-19,Baden-Württemberg,08,00+,53,83,83,83,83,11103043,0.48,0.75,0.75,0.75,0.75
2023-05-18,Baden-Württemberg,08,00+,67,99,99,99,99,11103043,0.6,0.89,0.89,0.89,0.89
2023-05-17,Baden-Württemberg,08,00+,58,101,101,101,101,11103043,0.52,0.91,0.91,0.91,0.91
2023-05-16,Baden-Württemberg,08,00+,57,98,98,98,98,11103043,0.51,0.88,0.88,0.88,0.88
2023-05-15,Baden-Württemberg,08,00+,75,109,109,109,109,11103043,0.68,0.98,0.98,0.98,0.98
2023-05-14,Baden-Württemberg,08,00+,79,112,112,112,112,11103043,0.71,1.01,1.01,1.01,1.01
2023-05-13,Baden-Württemberg,08,00+,81,113,113,113,113,11103043,0.73,1.02,1.02,1.02,1.02
2023-05-12,Baden-Württemberg,08,00+,78,117,117,117,117,11103043,0.7,1.05,1.05,1.05,1.05
2023-05-11,Baden-Württemberg,08,00+,84,118,118,118,118,11103043,0.76,1.06,1.06,1.06,1.06
2023-05-10,Baden-Württemberg,08,00+,105,144,144,144,144,11103043,0.95,1.3,1.3,1.3,1.3
2023-05-09,Baden-Württemberg,08,00+,135,184,184,184,184,11103043,1.22,1.66,1.66,1.66,1.66
2023-05-08,Baden-Württemberg,08,00+,105,148,148,148,148,11103043,0.95,1.33,1.33,1.33,1.33
2023-05-07,Baden-Württemberg,08,00+,106,144,144,144,144,11103043,0.95,1.3,1.3,1.3,1.3
2023-05-06,Baden-Württemberg,08,00+,111,148,148,148,148,11103043,1,1.33,1.33,1.33,1.33
2023-05-05,Baden-Württemberg,08,00+,99,150,150,150,150,11103043,0.89,1.35,1.35,1.35,1.35
2023-05-04,Baden-Württemberg,08,00+,85,165,165,165,165,11103043,0.77,1.49,1.49,1.49,1.49
2023-05-03,Baden-Württemberg,08,00+,90,150,150,150,150,11103043,0.81,1.35,1.35,1.35,1.35
2023-05-02,Baden-Württemberg,08,00+,82,133,133,133,133,11103043,0.74,1.2,1.2,1.2,1.2
2023-05-01,Baden-Württemberg,08,00+,142,196,196,196,196,11103043,1.28,1.77,1.77,1.77,1.77
2023-04-30,Baden-Württemberg,08,00+,146,203,203,203,203,11103043,1.31,1.83,1.83,1.83,1.83
2023-04-29,Baden-Württemberg,08,00+,147,199,199,199,199,11103043,1.32,1.79,1.79,1.79,1.79
2023-04-28,Baden-Württemberg,08,00+,136,210,210,210,210,11103043,1.22,1.89,1.89,1.89,1.89
2023-04-27,Baden-Württemberg,08,00+,131,216,216,216,216,11103043,1.18,1.95,1.95,1.95,1.95
2023-04-26,Baden-Württemberg,08,00+,120,210,210,210,210,11103043,1.08,1.89,1.89,1.89,1.89
2023-04-25,Baden-Württemberg,08,00+,114,214,214,214,214,11103043,1.03,1.93,1.93,1.93,1.93
2023-04-24,Baden-Württemberg,08,00+,130,226,226,226,226,11103043,1.17,2.04,2.04,2.04,2.04
2023-04-23,Baden-Württemberg,08,00+,137,229,229,229,229,11103043,1.23,2.06,2.06,2.06,2.06
2023-04-22,Baden-Württemberg,08,00+,142,232,232,232,232,11103043,1.28,2.09,2.09,2.09,2.09
2023-04-21,Baden-Württemberg,08,00+,142,229,229,229,229,11103043,1.28,2.06,2.06,2.06,2.06
2023-04-20,Baden-Württemberg,08,00+,161,239,239,239,239,11103043,1.45,2.15,2.15,2.15,2.15
2023-04-19,Baden-Württemberg,08,00+,167,261,261,261,261,11103043,1.5,2.35,2.35,2.35,2.35
2023-04-18,Baden-Württemberg,08,00+,211,327,327,327,327,11103043,1.9,2.95,2.95,2.95,2.95
2023-04-17,Baden-Württemberg,08,00+,166,261,261,261,261,11103043,1.5,2.35,2.35,2.35,2.35
2023-04-16,Baden-Württemberg,08,00+,177,262,262,262,262,11103043,1.59,2.36,2.36,2.36,2.36
2023-04-15,Baden-Württemberg,08,00+,181,264,264,264,264,11103043,1.63,2.38,2.38,2.38,2.38
2023-04-14,Baden-Württemberg,08,00+,144,241,241,241,241,11103043,1.3,2.17,2.17,2.17,2.17
2023-04-13,Baden-Württemberg,08,00+,110,228,228,228,228,11103043,0.99,2.05,2.05,2.05,2.05
2023-04-12,Baden-Württemberg,08,00+,94,218,218,218,218,11103043,0.85,1.96,1.96,1.96,1.96
2023-04-11,Baden-Württemberg,08,00+,57,164,164,164,164,11103043,0.51,1.48,1.48,1.48,1.48
2023-04-10,Baden-Württemberg,08,00+,125,244,244,244,244,11103043,1.13,2.2,2.2,2.2,2.2
2023-04-09,Baden-Württemberg,08,00+,131,241,241,241,241,11103043,1.18,2.17,2.17,2.17,2.17
2023-04-08,Baden-Württemberg,08,00+,133,236,236,236,236,11103043,1.2,2.13,2.13,2.13,2.13
2023-04-07,Baden-Württemberg,08,00+,164,266,266,266,266,11103043,1.48,2.4,2.4,2.4,2.4
2023-04-06,Baden-Württemberg,08,00+,171,272,272,272,272,11103043,1.54,2.45,2.45,2.45,2.45
2023-04-05,Baden-Württemberg,08,00+,177,281,281,281,281,11103043,1.59,2.53,2.53,2.53,2.53
2023-04-04,Baden-Württemberg,08,00+,191,300,300,300,300,11103043,1.72,2.7,2.7,2.7,2.7
2023-04-03,Baden-Württemberg,08,00+,208,317,317,317,317,11103043,1.87,2.86,2.86,2.86,2.86
2023-04-02,Baden-Württemberg,08,00+,216,317,317,317,317,11103043,1.95,2.86,2.86,2.86,2.86
2023-04-01,Baden-Württemberg,08,00+,225,326,326,326,326,11103043,2.03,2.94,2.94,2.94,2.94
2023-03-31,Baden-Württemberg,08,00+,217,335,335,335,335,11103043,1.95,3.02,3.02,3.02,3.02
2023-03-30,Baden-Württemberg,08,00+,237,356,356,356,356,11103043,2.13,3.21,3.21,3.21,3.21
2023-03-29,Baden-Württemberg,08,00+,241,382,382,382,382,11103043,2.17,3.44,3.44,3.44,3.44
2023-03-28,Baden-Württemberg,08,00+,236,386,386,386,386,11103043,2.13,3.48,3.48,3.48,3.48
2023-03-27,Baden-Württemberg,08,00+,279,417,417,417,417,11103043,2.51,3.76,3.76,3.76,3.76
2023-03-26,Baden-Württemberg,08,00+,290,419,419,419,419,11103043,2.61,3.77,3.77,3.77,3.77
2023-03-25,Baden-Württemberg,08,00+,306,426,426,426,426,11103043,2.76,3.84,3.84,3.84,3.84
2023-03-24,Baden-Württemberg,08,00+,309,443,443,443,443,11103043,2.78,3.99,3.99,3.99,3.99
2023-03-23,Baden-Württemberg,08,00+,326,465,465,465,465,11103043,2.94,4.19,4.19,4.19,4.19
2023-03-22,Baden-Württemberg,08,00+,339,484,484,484,484,11103043,3.05,4.36,4.36,4.36,4.36
2023-03-21,Baden-Württemberg,08,00+,337,507,507,507,507,11103043,3.04,4.57,4.57,4.57,4.57
2023-03-20,Baden-Württemberg,08,00+,394,577,577,577,577,11103043,3.55,5.2,5.2,5.2,5.2
2023-03-19,Baden-Württemberg,08,00+,421,593,593,593,593,11103043,3.79,5.34,5.34,5.34,5.34
2023-03-18,Baden-Württemberg,08,00+,433,590,590,590,590,11103043,3.9,5.31,5.31,5.31,5.31
2023-03-17,Baden-Württemberg,08,00+,423,611,611,611,611,11103043,3.81,5.5,5.5,5.5,5.5
2023-03-16,Baden-Württemberg,08,00+,398,619,619,619,619,11103043,3.58,5.58,5.58,5.58,5.58
2023-03-15,Baden-Württemberg,08,00+,407,641,641,641,641,11103043,3.67,5.77,5.77,5.77,5.77
2023-03-14,Baden-Württemberg,08,00+,383,673,673,673,673,11103043,3.45,6.06,6.06,6.06,6.06
2023-03-13,Baden-Württemberg,08,00+,424,663,663,663,663,11103043,3.82,5.97,5.97,5.97,5.97
2023-03-12,Baden-Württemberg,08,00+,449,666,666,666,666,11103043,4.04,6,6,6,6
2023-03-11,Baden-Württemberg,08,00+,465,671,671,671,671,11103043,4.19,6.04,6.04,6.04,6.04
2023-03-10,Baden-Württemberg,08,00+,427,672,672,672,672,11103043,3.85,6.05,6.05,6.05,6.05
2023-03-09,Baden-Württemberg,08,00+,406,675,675,675,675,11103043,3.66,6.08,6.08,6.08,6.08
2023-03-08,Baden-Württemberg,08,00+,419,693,693,693,693,11103043,3.77,6.24,6.24,6.24,6.24
2023-03-07,Baden-Württemberg,08,00+,458,728,728,728,728,11103043,4.12,6.56,6.56,6.56,6.56
2023-03-06,Baden-Württemberg,08,00+,492,786,786,786,786,11103043,4.43,7.08,7.08,7.08,7.08
2023-03-05,Baden-Württemberg,08,00+,520,790,790,790,790,11103043,4.68,7.12,7.12,7.12,7.12
2023-03-04,Baden-Württemberg,08,00+,543,794,794,794,794,11103043,4.89,7.15,7.15,7.15,7.15
2023-03-03,Baden-Württemberg,08,00+,556,840,840,840,840,11103043,5.01,7.57,7.57,7.57,7.57
2023-03-02,Baden-Württemberg,08,00+,580,893,893,893,893,11103043,5.22,8.04,8.04,8.04,8.04
2023-03-01,Baden-Württemberg,08,00+,598,920,920,920,920,11103043,5.39,8.29,8.29,8.29,8.29
2023-02-28,Baden-Württemberg,08,00+,546,915,915,915,915,11103043,4.92,8.24,8.24,8.24,8.24
2023-02-27,Baden-Württemberg,08,00+,586,923,923,923,923,11103043,5.28,8.31,8.31,8.31,8.31
2023-02-26,Baden-Württemberg,08,00+,614,918,918,918,918,11103043,5.53,8.27,8.27,8.27,8.27
2023-02-25,Baden-Württemberg,08,00+,623,908,908,908,908,11103043,5.61,8.18,8.18,8.18,8.18
2023-02-24,Baden-Württemberg,08,00+,611,925,925,925,925,11103043,5.5,8.33,8.33,8.33,8.33
2023-02-23,Baden-Württemberg,08,00+,565,902,902,902,902,11103043,5.09,8.12,8.12,8.12,8.12
2023-02-22,Baden-Württemberg,08,00+,509,905,905,905,905,11103043,4.58,8.15,8.15,8.15,8.15
2023-02-21,Baden-Württemberg,08,00+,469,891,891,891,891,11103043,4.22,8.02,8.02,8.02,8.02
2023-02-20,Baden-Württemberg,08,00+,439,816,816,816,816,11103043,3.95,7.35,7.35,7.35,7.35
2023-02-19,Baden-Württemberg,08,00+,447,798,798,798,798,11103043,4.03,7.19,7.19,7.19,7.19
2023-02-18,Baden-Württemberg,08,00+,462,802,802,802,802,11103043,4.16,7.22,7.22,7.22,7.22
2023-02-17,Baden-Württemberg,08,00+,448,735,735,735,735,11103043,4.03,6.62,6.62,6.62,6.62
2023-02-16,Baden-Württemberg,08,00+,394,702,702,702,702,11103043,3.55,6.32,6.32,6.32,6.32
2023-02-15,Baden-Württemberg,08,00+,364,646,646,646,646,11103043,3.28,5.82,5.82,5.82,5.82
2023-02-14,Baden-Württemberg,08,00+,325,604,604,604,604,11103043,2.93,5.44,5.44,5.44,5.44
2023-02-13,Baden-Württemberg,08,00+,336,589,589,589,589,11103043,3.03,5.3,5.3,5.3,5.3
2023-02-12,Baden-Württemberg,08,00+,354,601,601,601,601,11103043,3.19,5.41,5.41,5.41,5.41
2023-02-11,Baden-Württemberg,08,00+,368,600,600,600,600,11103043,3.31,5.4,5.4,5.4,5.4
2023-02-10,Baden-Württemberg,08,00+,351,578,578,578,578,11103043,3.16,5.21,5.21,5.21,5.21
2023-02-09,Baden-Württemberg,08,00+,326,562,562,562,562,11103043,2.94,5.06,5.06,5.06,5.06
2023-02-08,Baden-Württemberg,08,00+,301,517,517,517,517,11103043,2.71,4.66,4.66,4.66,4.66
2023-02-07,Baden-Württemberg,08,00+,284,500,500,500,500,11103043,2.56,4.5,4.5,4.5,4.5
2023-02-06,Baden-Württemberg,08,00+,271,450,450,450,450,11103043,2.44,4.05,4.05,4.05,4.05
2023-02-05,Baden-Württemberg,08,00+,282,441,441,441,441,11103043,2.54,3.97,3.97,3.97,3.97
2023-02-04,Baden-Württemberg,08,00+,288,431,431,431,431,11103043,2.59,3.88,3.88,3.88,3.88
2023-02-03,Baden-Württemberg,08,00+,285,431,431,431,431,11103043,2.57,3.88,3.88,3.88,3.88
2023-02-02,Baden-Württemberg,08,00+,310,455,455,455,455,11103043,2.79,4.1,4.1,4.1,4.1
2023-02-01,Baden-Württemberg,08,00+,261,449,449,449,449,11103043,2.35,4.04,4.04,4.04,4.04
2023-01-31,Baden-Württemberg,08,00+,223,423,423,423,423,11103043,2.01,3.81,3.81,3.81,3.81
2023-01-30,Baden-Württemberg,08,00+,233,388,388,388,388,11103043,2.1,3.49,3.49,3.49,3.49
2023-01-29,Baden-Württemberg,08,00+,238,380,380,380,380,11103043,2.14,3.42,3.42,3.42,3.42
2023-01-28,Baden-Württemberg,08,00+,247,383,383,383,383,11103043,2.22,3.45,3.45,3.45,3.45
2023-01-27,Baden-Württemberg,08,00+,235,375,375,375,375,11103043,2.12,3.38,3.38,3.38,3.38
2023-01-26,Baden-Württemberg,08,00+,245,324,324,324,324,11103043,2.21,2.92,2.92,2.92,2.92
2023-01-25,Baden-Württemberg,08,00+,225,319,319,319,319,11103043,2.03,2.87,2.87,2.87,2.87
2023-01-24,Baden-Württemberg,08,00+,219,332,332,332,332,11103043,1.97,2.99,2.99,2.99,2.99
2023-01-23,Baden-Württemberg,08,00+,259,369,369,369,369,11103043,2.33,3.32,3.32,3.32,3.32
2023-01-22,Baden-Württemberg,08,00+,267,370,370,370,370,11103043,2.4,3.33,3.33,3.33,3.33
2023-01-21,Baden-Württemberg,08,00+,271,366,366,366,366,11103043,2.44,3.3,3.3,3.3,3.3
2023-01-20,Baden-Württemberg,08,00+,264,384,384,384,384,11103043,2.38,3.46,3.46,3.46,3.46
2023-01-19,Baden-Württemberg,08,00+,252,388,388,388,388,11103043,2.27,3.49,3.49,3.49,3.49
2023-01-18,Baden-Württemberg,08,00+,242,408,408,408,408,11103043,2.18,3.67,3.67,3.67,3.67
2023-01-17,Baden-Württemberg,08,00+,267,447,447,447,447,11103043,2.4,4.03,4.03,4.03,4.03
2023-01-16,Baden-Württemberg,08,00+,349,540,540,540,540,11103043,3.14,4.86,4.86,4.86,4.86
2023-01-15,Baden-Württemberg,08,00+,358,544,544,544,544,11103043,3.22,4.9,4.9,4.9,4.9
2023-01-14,Baden-Württemberg,08,00+,369,551,551,551,551,11103043,3.32,4.96,4.96,4.96,4.96
2023-01-13,Baden-Württemberg,08,00+,323,508,508,508,508,11103043,2.91,4.58,4.58,4.58,4.58
2023-01-12,Baden-Württemberg,08,00+,330,538,538,538,538,11103043,2.97,4.85,4.85,4.85,4.85
2023-01-11,Baden-Württemberg,08,00+,326,567,567,567,567,11103043,2.94,5.11,5.11,5.11,5.11
2023-01-10,Baden-Württemberg,08,00+,293,567,567,567,567,11103043,2.64,5.11,5.11,5.11,5.11
2023-01-09,Baden-Württemberg,08,00+,322,570,570,570,570,11103043,2.9,5.13,5.13,5.13,5.13
2023-01-08,Baden-Württemberg,08,00+,352,594,594,594,594,11103043,3.17,5.35,5.35,5.35,5.35
2023-01-07,Baden-Württemberg,08,00+,376,0,0,0,0,11103043,3.39,0,0,0,0
2023-01-06,Baden-Württemberg,08,00+,460,0,0,0,0,11103043,4.14,0,0,0,0
2023-01-05,Baden-Württemberg,08,00+,486,0,0,0,0,11103043,4.38,0,0,0,0
2023-01-04,Baden-Württemberg,08,00+,537,0,0,0,0,11103043,4.84,0,0,0,0
2023-01-03,Baden-Württemberg,08,00+,562,0,0,0,0,11103043,5.06,0,0,0,0
2023-01-02,Baden-Württemberg,08,00+,415,0,0,0,0,11103043,3.74,0,0,0,0
2023-12-23,Bayern,09,00+,1090,1090,NA,NA,NA,13140183,8.3,8.3,NA,NA,NA
2023-12-22,Bayern,09,00+,1052,1198,NA,NA,NA,13140183,8.01,9.12,NA,NA,NA
2023-12-21,Bayern,09,00+,1066,1265,NA,NA,NA,13140183,8.11,9.63,NA,NA,NA
2023-12-20,Bayern,09,00+,1111,1323,1487,1463,1520,13140183,8.45,10.07,11.32,11.13,11.57
2023-12-19,Bayern,09,00+,1010,1341,1485,1462,1517,13140183,7.69,10.21,11.31,11.13,11.55
2023-12-18,Bayern,09,00+,1116,1397,1510,1488,1541,13140183,8.49,10.63,11.5,11.33,11.73
2023-12-17,Bayern,09,00+,1163,1421,1534,1512,1566,13140183,8.85,10.81,11.68,11.51,11.92
2023-12-16,Bayern,09,00+,1177,1419,1531,1509,1563,13140183,8.96,10.8,11.66,11.49,11.9
2023-12-15,Bayern,09,00+,1068,1394,1492,1472,1522,13140183,8.13,10.61,11.36,11.21,11.59
2023-12-14,Bayern,09,00+,1102,1401,1486,1467,1515,13140183,8.39,10.66,11.32,11.17,11.53
2023-12-13,Bayern,09,00+,1036,1382,1455,1438,1481,13140183,7.88,10.52,11.07,10.94,11.27
2023-12-12,Bayern,09,00+,985,1400,1464,1448,1489,13140183,7.5,10.65,11.14,11.02,11.33
2023-12-11,Bayern,09,00+,938,1269,1312,1300,1332,13140183,7.14,9.66,9.99,9.89,10.14
2023-12-10,Bayern,09,00+,959,1245,1286,1274,1305,13140183,7.3,9.47,9.79,9.7,9.94
2023-12-09,Bayern,09,00+,972,1248,1288,1277,1308,13140183,7.4,9.5,9.81,9.72,9.96
2023-12-08,Bayern,09,00+,926,1269,1306,1295,1325,13140183,7.05,9.66,9.94,9.86,10.09
2023-12-07,Bayern,09,00+,907,1221,1253,1242,1270,13140183,6.9,9.29,9.54,9.46,9.67
2023-12-06,Bayern,09,00+,881,1204,1232,1222,1249,13140183,6.7,9.16,9.38,9.3,9.51
2023-12-05,Bayern,09,00+,868,1198,1222,1213,1238,13140183,6.61,9.12,9.3,9.23,9.43
2023-12-04,Bayern,09,00+,914,1188,1207,1199,1222,13140183,6.96,9.04,9.19,9.13,9.31
2023-12-03,Bayern,09,00+,929,1180,1199,1191,1214,13140183,7.07,8.98,9.13,9.07,9.24
2023-12-02,Bayern,09,00+,951,1188,1207,1199,1222,13140183,7.24,9.04,9.19,9.13,9.3
2023-12-01,Bayern,09,00+,843,1159,1176,1168,1189,13140183,6.42,8.82,8.95,8.89,9.05
2023-11-30,Bayern,09,00+,810,1132,1147,1140,1159,13140183,6.16,8.61,8.73,8.68,8.82
2023-11-29,Bayern,09,00+,735,1110,1123,1117,1133,13140183,5.59,8.45,8.55,8.51,8.63
2023-11-28,Bayern,09,00+,775,1090,1101,1096,1110,13140183,5.9,8.3,8.38,8.34,8.45
2023-11-27,Bayern,09,00+,791,1091,1099,1096,1105,13140183,6.02,8.3,8.37,8.34,8.41
2023-11-26,Bayern,09,00+,807,1094,1102,1099,1107,13140183,6.14,8.33,8.39,8.36,8.43
2023-11-25,Bayern,09,00+,824,1088,1096,1092,1101,13140183,6.27,8.28,8.34,8.32,8.38
2023-11-24,Bayern,09,00+,734,1067,1073,1071,1078,13140183,5.59,8.12,8.17,8.15,8.21
2023-11-23,Bayern,09,00+,786,1072,1077,1075,1081,13140183,5.98,8.16,8.2,8.19,8.23
2023-11-22,Bayern,09,00+,787,1097,1101,1100,1104,13140183,5.99,8.35,8.38,8.37,8.4
2023-11-21,Bayern,09,00+,750,1043,1046,1045,1047,13140183,5.71,7.94,7.96,7.95,7.97
2023-11-20,Bayern,09,00+,775,1055,1056,1056,1057,13140183,5.9,8.03,8.04,8.04,8.05
2023-11-19,Bayern,09,00+,800,1065,1066,1066,1067,13140183,6.09,8.1,8.12,8.11,8.12
2023-11-18,Bayern,09,00+,845,1092,1093,1093,1094,13140183,6.43,8.31,8.32,8.32,8.33
2023-11-17,Bayern,09,00+,771,1099,1100,1099,1100,13140183,5.87,8.36,8.37,8.37,8.38
2023-11-16,Bayern,09,00+,795,1107,1107,1107,1108,13140183,6.05,8.42,8.43,8.43,8.43
2023-11-15,Bayern,09,00+,814,1125,1125,1125,1125,13140183,6.19,8.56,8.56,8.56,8.57
2023-11-14,Bayern,09,00+,716,1130,1130,1130,1130,13140183,5.45,8.6,8.6,8.6,8.6
2023-11-13,Bayern,09,00+,822,1176,1176,1176,1176,13140183,6.26,8.95,8.95,8.95,8.95
2023-11-12,Bayern,09,00+,843,1169,1169,1169,1169,13140183,6.42,8.9,8.9,8.9,8.9
2023-11-11,Bayern,09,00+,860,1144,1144,1144,1144,13140183,6.54,8.71,8.71,8.71,8.71
2023-11-10,Bayern,09,00+,827,1169,1169,1169,1169,13140183,6.29,8.9,8.9,8.9,8.9
2023-11-09,Bayern,09,00+,883,1260,1260,1260,1260,13140183,6.72,9.59,9.59,9.59,9.59
2023-11-08,Bayern,09,00+,774,1059,1059,1059,1059,13140183,5.89,8.06,8.06,8.06,8.06
2023-11-07,Bayern,09,00+,790,1095,1095,1095,1095,13140183,6.01,8.33,8.33,8.33,8.33
2023-11-06,Bayern,09,00+,721,1077,1077,1077,1077,13140183,5.49,8.2,8.2,8.2,8.2
2023-11-05,Bayern,09,00+,744,1084,1084,1084,1084,13140183,5.66,8.25,8.25,8.25,8.25
2023-11-04,Bayern,09,00+,765,1088,1088,1088,1088,13140183,5.82,8.28,8.28,8.28,8.28
2023-11-03,Bayern,09,00+,734,1107,1107,1107,1107,13140183,5.59,8.42,8.42,8.42,8.42
2023-11-02,Bayern,09,00+,675,1020,1020,1020,1020,13140183,5.14,7.76,7.76,7.76,7.76
2023-11-01,Bayern,09,00+,881,1229,1229,1229,1229,13140183,6.7,9.35,9.35,9.35,9.35
2023-10-31,Bayern,09,00+,862,1260,1260,1260,1260,13140183,6.56,9.59,9.59,9.59,9.59
2023-10-30,Bayern,09,00+,885,1287,1287,1287,1287,13140183,6.74,9.79,9.79,9.79,9.79
2023-10-29,Bayern,09,00+,915,1292,1292,1292,1292,13140183,6.96,9.83,9.83,9.83,9.83
2023-10-28,Bayern,09,00+,928,1283,1283,1283,1283,13140183,7.06,9.76,9.76,9.76,9.76
2023-10-27,Bayern,09,00+,857,1248,1248,1248,1248,13140183,6.52,9.5,9.5,9.5,9.5
2023-10-26,Bayern,09,00+,805,1196,1196,1196,1196,13140183,6.13,9.1,9.1,9.1,9.1
2023-10-25,Bayern,09,00+,764,1102,1102,1102,1102,13140183,5.81,8.39,8.39,8.39,8.39
2023-10-24,Bayern,09,00+,631,1005,1005,1005,1005,13140183,4.8,7.65,7.65,7.65,7.65
2023-10-23,Bayern,09,00+,638,899,899,899,899,13140183,4.86,6.84,6.84,6.84,6.84
2023-10-22,Bayern,09,00+,649,878,878,878,878,13140183,4.94,6.68,6.68,6.68,6.68
2023-10-21,Bayern,09,00+,673,889,889,889,889,13140183,5.12,6.77,6.77,6.77,6.77
2023-10-20,Bayern,09,00+,670,882,882,882,882,13140183,5.1,6.71,6.71,6.71,6.71
2023-10-19,Bayern,09,00+,651,925,925,925,925,13140183,4.95,7.04,7.04,7.04,7.04
2023-10-18,Bayern,09,00+,617,928,928,928,928,13140183,4.7,7.06,7.06,7.06,7.06
2023-10-17,Bayern,09,00+,640,994,994,994,994,13140183,4.87,7.56,7.56,7.56,7.56
2023-10-16,Bayern,09,00+,635,951,951,951,951,13140183,4.83,7.24,7.24,7.24,7.24
2023-10-15,Bayern,09,00+,653,961,961,961,961,13140183,4.97,7.31,7.31,7.31,7.31
2023-10-14,Bayern,09,00+,673,957,957,957,957,13140183,5.12,7.28,7.28,7.28,7.28
2023-10-13,Bayern,09,00+,600,913,913,913,913,13140183,4.57,6.95,6.95,6.95,6.95
2023-10-12,Bayern,09,00+,635,906,906,906,906,13140183,4.83,6.89,6.89,6.89,6.89
2023-10-11,Bayern,09,00+,649,958,958,958,958,13140183,4.94,7.29,7.29,7.29,7.29
2023-10-10,Bayern,09,00+,501,791,791,791,791,13140183,3.81,6.02,6.02,6.02,6.02
2023-10-09,Bayern,09,00+,467,748,748,748,748,13140183,3.55,5.69,5.69,5.69,5.69
2023-10-08,Bayern,09,00+,483,745,745,745,745,13140183,3.68,5.67,5.67,5.67,5.67
2023-10-07,Bayern,09,00+,498,740,740,740,740,13140183,3.79,5.63,5.63,5.63,5.63
2023-10-06,Bayern,09,00+,444,717,717,717,717,13140183,3.38,5.46,5.46,5.46,5.46
2023-10-05,Bayern,09,00+,367,644,644,644,644,13140183,2.79,4.9,4.9,4.9,4.9
2023-10-04,Bayern,09,00+,250,530,530,530,530,13140183,1.9,4.03,4.03,4.03,4.03
2023-10-03,Bayern,09,00+,329,596,596,596,596,13140183,2.5,4.54,4.54,4.54,4.54
2023-10-02,Bayern,09,00+,320,513,513,513,513,13140183,2.44,3.9,3.9,3.9,3.9
2023-10-01,Bayern,09,00+,331,506,506,506,506,13140183,2.52,3.85,3.85,3.85,3.85
2023-09-30,Bayern,09,00+,338,498,498,498,498,13140183,2.57,3.79,3.79,3.79,3.79
2023-09-29,Bayern,09,00+,308,474,474,474,474,13140183,2.34,3.61,3.61,3.61,3.61
2023-09-28,Bayern,09,00+,311,474,474,474,474,13140183,2.37,3.61,3.61,3.61,3.61
2023-09-27,Bayern,09,00+,285,451,451,451,451,13140183,2.17,3.43,3.43,3.43,3.43
2023-09-26,Bayern,09,00+,281,442,442,442,442,13140183,2.14,3.36,3.36,3.36,3.36
2023-09-25,Bayern,09,00+,306,429,429,429,429,13140183,2.33,3.26,3.26,3.26,3.26
2023-09-24,Bayern,09,00+,316,428,428,428,428,13140183,2.4,3.26,3.26,3.26,3.26
2023-09-23,Bayern,09,00+,326,429,429,429,429,13140183,2.48,3.26,3.26,3.26,3.26
2023-09-22,Bayern,09,00+,301,419,419,419,419,13140183,2.29,3.19,3.19,3.19,3.19
2023-09-21,Bayern,09,00+,302,399,399,399,399,13140183,2.3,3.04,3.04,3.04,3.04
2023-09-20,Bayern,09,00+,269,387,387,387,387,13140183,2.05,2.95,2.95,2.95,2.95
2023-09-19,Bayern,09,00+,232,379,379,379,379,13140183,1.77,2.88,2.88,2.88,2.88
2023-09-18,Bayern,09,00+,259,379,379,379,379,13140183,1.97,2.88,2.88,2.88,2.88
2023-09-17,Bayern,09,00+,267,376,376,376,376,13140183,2.03,2.86,2.86,2.86,2.86
2023-09-16,Bayern,09,00+,272,374,374,374,374,13140183,2.07,2.85,2.85,2.85,2.85
2023-09-15,Bayern,09,00+,263,372,372,372,372,13140183,2,2.83,2.83,2.83,2.83
2023-09-14,Bayern,09,00+,244,354,354,354,354,13140183,1.86,2.69,2.69,2.69,2.69
2023-09-13,Bayern,09,00+,222,346,346,346,346,13140183,1.69,2.63,2.63,2.63,2.63
2023-09-12,Bayern,09,00+,176,302,302,302,302,13140183,1.34,2.3,2.3,2.3,2.3
2023-09-11,Bayern,09,00+,168,259,259,259,259,13140183,1.28,1.97,1.97,1.97,1.97
2023-09-10,Bayern,09,00+,174,257,257,257,257,13140183,1.32,1.96,1.96,1.96,1.96
2023-09-09,Bayern,09,00+,180,255,255,255,255,13140183,1.37,1.94,1.94,1.94,1.94
2023-09-08,Bayern,09,00+,138,229,229,229,229,13140183,1.05,1.74,1.74,1.74,1.74
2023-09-07,Bayern,09,00+,135,207,207,207,207,13140183,1.03,1.58,1.58,1.58,1.58
2023-09-06,Bayern,09,00+,135,198,198,198,198,13140183,1.03,1.51,1.51,1.51,1.51
2023-09-05,Bayern,09,00+,123,191,191,191,191,13140183,0.94,1.45,1.45,1.45,1.45
2023-09-04,Bayern,09,00+,129,185,185,185,185,13140183,0.98,1.41,1.41,1.41,1.41
2023-09-03,Bayern,09,00+,133,182,182,182,182,13140183,1.01,1.39,1.39,1.39,1.39
2023-09-02,Bayern,09,00+,138,181,181,181,181,13140183,1.05,1.38,1.38,1.38,1.38
2023-09-01,Bayern,09,00+,134,187,187,187,187,13140183,1.02,1.42,1.42,1.42,1.42
2023-08-31,Bayern,09,00+,134,186,186,186,186,13140183,1.02,1.42,1.42,1.42,1.42
2023-08-30,Bayern,09,00+,132,188,188,188,188,13140183,1,1.43,1.43,1.43,1.43
2023-08-29,Bayern,09,00+,132,200,200,200,200,13140183,1,1.52,1.52,1.52,1.52
2023-08-28,Bayern,09,00+,0,192,192,192,192,13140183,0,1.46,1.46,1.46,1.46
2023-08-27,Bayern,09,00+,0,200,200,200,200,13140183,0,1.52,1.52,1.52,1.52
2023-08-26,Bayern,09,00+,0,200,200,200,200,13140183,0,1.52,1.52,1.52,1.52
2023-08-25,Bayern,09,00+,0,207,207,207,207,13140183,0,1.58,1.58,1.58,1.58
2023-08-24,Bayern,09,00+,112,219,219,219,219,13140183,0.85,1.67,1.67,1.67,1.67
2023-08-23,Bayern,09,00+,154,236,236,236,236,13140183,1.17,1.8,1.8,1.8,1.8
2023-08-22,Bayern,09,00+,116,202,202,202,202,13140183,0.88,1.54,1.54,1.54,1.54
2023-08-21,Bayern,09,00+,119,216,216,216,216,13140183,0.91,1.64,1.64,1.64,1.64
2023-08-20,Bayern,09,00+,123,208,208,208,208,13140183,0.94,1.58,1.58,1.58,1.58
2023-08-19,Bayern,09,00+,125,206,206,206,206,13140183,0.95,1.57,1.57,1.57,1.57
2023-08-18,Bayern,09,00+,95,185,185,185,185,13140183,0.72,1.41,1.41,1.41,1.41
2023-08-17,Bayern,09,00+,77,155,155,155,155,13140183,0.59,1.18,1.18,1.18,1.18
2023-08-16,Bayern,09,00+,61,128,128,128,128,13140183,0.46,0.97,0.97,0.97,0.97
2023-08-15,Bayern,09,00+,77,141,141,141,141,13140183,0.59,1.07,1.07,1.07,1.07
2023-08-14,Bayern,09,00+,69,102,102,102,102,13140183,0.53,0.78,0.78,0.78,0.78
2023-08-13,Bayern,09,00+,74,104,104,104,104,13140183,0.56,0.79,0.79,0.79,0.79
2023-08-12,Bayern,09,00+,77,105,105,105,105,13140183,0.59,0.8,0.8,0.8,0.8
2023-08-11,Bayern,09,00+,73,107,107,107,107,13140183,0.56,0.81,0.81,0.81,0.81
2023-08-10,Bayern,09,00+,70,104,104,104,104,13140183,0.53,0.79,0.79,0.79,0.79
2023-08-09,Bayern,09,00+,58,97,97,97,97,13140183,0.44,0.74,0.74,0.74,0.74
2023-08-08,Bayern,09,00+,48,90,90,90,90,13140183,0.37,0.68,0.68,0.68,0.68
2023-08-07,Bayern,09,00+,56,90,90,90,90,13140183,0.43,0.68,0.68,0.68,0.68
2023-08-06,Bayern,09,00+,57,85,85,85,85,13140183,0.43,0.65,0.65,0.65,0.65
2023-08-05,Bayern,09,00+,62,86,86,86,86,13140183,0.47,0.65,0.65,0.65,0.65
2023-08-04,Bayern,09,00+,49,75,75,75,75,13140183,0.37,0.57,0.57,0.57,0.57
2023-08-03,Bayern,09,00+,51,80,80,80,80,13140183,0.39,0.61,0.61,0.61,0.61
2023-08-02,Bayern,09,00+,49,74,74,74,74,13140183,0.37,0.56,0.56,0.56,0.56
2023-08-01,Bayern,09,00+,46,70,70,70,70,13140183,0.35,0.53,0.53,0.53,0.53
2023-07-31,Bayern,09,00+,53,69,69,69,69,13140183,0.4,0.53,0.53,0.53,0.53
2023-07-30,Bayern,09,00+,54,69,69,69,69,13140183,0.41,0.53,0.53,0.53,0.53
2023-07-29,Bayern,09,00+,56,66,66,66,66,13140183,0.43,0.5,0.5,0.5,0.5
2023-07-28,Bayern,09,00+,51,67,67,67,67,13140183,0.39,0.51,0.51,0.51,0.51
2023-07-27,Bayern,09,00+,42,60,60,60,60,13140183,0.32,0.46,0.46,0.46,0.46
2023-07-26,Bayern,09,00+,34,63,63,63,63,13140183,0.26,0.48,0.48,0.48,0.48
2023-07-25,Bayern,09,00+,31,55,55,55,55,13140183,0.24,0.42,0.42,0.42,0.42
2023-07-24,Bayern,09,00+,30,44,44,44,44,13140183,0.23,0.33,0.33,0.33,0.33
2023-07-23,Bayern,09,00+,30,43,43,43,43,13140183,0.23,0.33,0.33,0.33,0.33
2023-07-22,Bayern,09,00+,30,41,41,41,41,13140183,0.23,0.31,0.31,0.31,0.31
2023-07-21,Bayern,09,00+,31,39,39,39,39,13140183,0.24,0.3,0.3,0.3,0.3
2023-07-20,Bayern,09,00+,31,42,42,42,42,13140183,0.24,0.32,0.32,0.32,0.32
2023-07-19,Bayern,09,00+,29,37,37,37,37,13140183,0.22,0.28,0.28,0.28,0.28
2023-07-18,Bayern,09,00+,27,44,44,44,44,13140183,0.21,0.33,0.33,0.33,0.33
2023-07-17,Bayern,09,00+,31,43,43,43,43,13140183,0.24,0.33,0.33,0.33,0.33
2023-07-16,Bayern,09,00+,32,44,44,44,44,13140183,0.24,0.33,0.33,0.33,0.33
2023-07-15,Bayern,09,00+,33,45,45,45,45,13140183,0.25,0.34,0.34,0.34,0.34
2023-07-14,Bayern,09,00+,38,53,53,53,53,13140183,0.29,0.4,0.4,0.4,0.4
2023-07-13,Bayern,09,00+,40,53,53,53,53,13140183,0.3,0.4,0.4,0.4,0.4
2023-07-12,Bayern,09,00+,30,50,50,50,50,13140183,0.23,0.38,0.38,0.38,0.38
2023-07-11,Bayern,09,00+,35,52,52,52,52,13140183,0.27,0.4,0.4,0.4,0.4
2023-07-10,Bayern,09,00+,30,48,48,48,48,13140183,0.23,0.37,0.37,0.37,0.37
2023-07-09,Bayern,09,00+,32,49,49,49,49,13140183,0.24,0.37,0.37,0.37,0.37
2023-07-08,Bayern,09,00+,33,50,50,50,50,13140183,0.25,0.38,0.38,0.38,0.38
2023-07-07,Bayern,09,00+,37,48,48,48,48,13140183,0.28,0.37,0.37,0.37,0.37
2023-07-06,Bayern,09,00+,37,48,48,48,48,13140183,0.28,0.37,0.37,0.37,0.37
2023-07-05,Bayern,09,00+,37,53,53,53,53,13140183,0.28,0.4,0.4,0.4,0.4
2023-07-04,Bayern,09,00+,30,46,46,46,46,13140183,0.23,0.35,0.35,0.35,0.35
2023-07-03,Bayern,09,00+,24,46,46,46,46,13140183,0.18,0.35,0.35,0.35,0.35
2023-07-02,Bayern,09,00+,25,45,45,45,45,13140183,0.19,0.34,0.34,0.34,0.34
2023-07-01,Bayern,09,00+,26,44,44,44,44,13140183,0.2,0.33,0.33,0.33,0.33
2023-06-30,Bayern,09,00+,24,37,37,37,37,13140183,0.18,0.28,0.28,0.28,0.28
2023-06-29,Bayern,09,00+,24,34,34,34,34,13140183,0.18,0.26,0.26,0.26,0.26
2023-06-28,Bayern,09,00+,27,37,37,37,37,13140183,0.21,0.28,0.28,0.28,0.28
2023-06-27,Bayern,09,00+,30,38,38,38,38,13140183,0.23,0.29,0.29,0.29,0.29
2023-06-26,Bayern,09,00+,39,49,49,49,49,13140183,0.3,0.37,0.37,0.37,0.37
2023-06-25,Bayern,09,00+,41,50,50,50,50,13140183,0.31,0.38,0.38,0.38,0.38
2023-06-24,Bayern,09,00+,41,49,49,49,49,13140183,0.31,0.37,0.37,0.37,0.37
2023-06-23,Bayern,09,00+,51,63,63,63,63,13140183,0.39,0.48,0.48,0.48,0.48
2023-06-22,Bayern,09,00+,55,68,68,68,68,13140183,0.42,0.52,0.52,0.52,0.52
2023-06-21,Bayern,09,00+,62,73,73,73,73,13140183,0.47,0.56,0.56,0.56,0.56
2023-06-20,Bayern,09,00+,64,92,92,92,92,13140183,0.49,0.7,0.7,0.7,0.7
2023-06-19,Bayern,09,00+,71,102,102,102,102,13140183,0.54,0.78,0.78,0.78,0.78
2023-06-18,Bayern,09,00+,72,103,103,103,103,13140183,0.55,0.78,0.78,0.78,0.78
2023-06-17,Bayern,09,00+,74,105,105,105,105,13140183,0.56,0.8,0.8,0.8,0.8
2023-06-16,Bayern,09,00+,78,103,103,103,103,13140183,0.59,0.78,0.78,0.78,0.78
2023-06-15,Bayern,09,00+,72,98,98,98,98,13140183,0.55,0.75,0.75,0.75,0.75
2023-06-14,Bayern,09,00+,65,97,97,97,97,13140183,0.49,0.74,0.74,0.74,0.74
2023-06-13,Bayern,09,00+,64,89,89,89,89,13140183,0.49,0.68,0.68,0.68,0.68
2023-06-12,Bayern,09,00+,62,90,90,90,90,13140183,0.47,0.68,0.68,0.68,0.68
2023-06-11,Bayern,09,00+,65,90,90,90,90,13140183,0.49,0.68,0.68,0.68,0.68
2023-06-10,Bayern,09,00+,66,90,90,90,90,13140183,0.5,0.68,0.68,0.68,0.68
2023-06-09,Bayern,09,00+,69,96,96,96,96,13140183,0.53,0.73,0.73,0.73,0.73
2023-06-08,Bayern,09,00+,86,109,109,109,109,13140183,0.65,0.83,0.83,0.83,0.83
2023-06-07,Bayern,09,00+,96,123,123,123,123,13140183,0.73,0.94,0.94,0.94,0.94
2023-06-06,Bayern,09,00+,125,158,158,158,158,13140183,0.95,1.2,1.2,1.2,1.2
2023-06-05,Bayern,09,00+,102,134,134,134,134,13140183,0.78,1.02,1.02,1.02,1.02
2023-06-04,Bayern,09,00+,102,132,132,132,132,13140183,0.78,1,1,1,1
2023-06-03,Bayern,09,00+,106,134,134,134,134,13140183,0.81,1.02,1.02,1.02,1.02
2023-06-02,Bayern,09,00+,109,136,136,136,136,13140183,0.83,1.03,1.03,1.03,1.03
2023-06-01,Bayern,09,00+,113,149,149,149,149,13140183,0.86,1.13,1.13,1.13,1.13
2023-05-31,Bayern,09,00+,106,147,147,147,147,13140183,0.81,1.12,1.12,1.12,1.12
2023-05-30,Bayern,09,00+,95,143,143,143,143,13140183,0.72,1.09,1.09,1.09,1.09
2023-05-29,Bayern,09,00+,155,204,204,204,204,13140183,1.18,1.55,1.55,1.55,1.55
2023-05-28,Bayern,09,00+,162,211,211,211,211,13140183,1.23,1.61,1.61,1.61,1.61
2023-05-27,Bayern,09,00+,167,212,212,212,212,13140183,1.27,1.61,1.61,1.61,1.61
2023-05-26,Bayern,09,00+,184,232,232,232,232,13140183,1.4,1.77,1.77,1.77,1.77
2023-05-25,Bayern,09,00+,163,207,207,207,207,13140183,1.24,1.58,1.58,1.58,1.58
2023-05-24,Bayern,09,00+,176,232,232,232,232,13140183,1.34,1.77,1.77,1.77,1.77
2023-05-23,Bayern,09,00+,131,217,217,217,217,13140183,1,1.65,1.65,1.65,1.65
2023-05-22,Bayern,09,00+,134,223,223,223,223,13140183,1.02,1.7,1.7,1.7,1.7
2023-05-21,Bayern,09,00+,137,218,218,218,218,13140183,1.04,1.66,1.66,1.66,1.66
2023-05-20,Bayern,09,00+,144,220,220,220,220,13140183,1.1,1.67,1.67,1.67,1.67
2023-05-19,Bayern,09,00+,137,208,208,208,208,13140183,1.04,1.58,1.58,1.58,1.58
2023-05-18,Bayern,09,00+,160,227,227,227,227,13140183,1.22,1.73,1.73,1.73,1.73
2023-05-17,Bayern,09,00+,153,205,205,205,205,13140183,1.16,1.56,1.56,1.56,1.56
2023-05-16,Bayern,09,00+,147,219,219,219,219,13140183,1.12,1.67,1.67,1.67,1.67
2023-05-15,Bayern,09,00+,196,242,242,242,242,13140183,1.49,1.84,1.84,1.84,1.84
2023-05-14,Bayern,09,00+,199,242,242,242,242,13140183,1.51,1.84,1.84,1.84,1.84
2023-05-13,Bayern,09,00+,205,242,242,242,242,13140183,1.56,1.84,1.84,1.84,1.84
2023-05-12,Bayern,09,00+,222,257,257,257,257,13140183,1.69,1.96,1.96,1.96,1.96
2023-05-11,Bayern,09,00+,216,288,288,288,288,13140183,1.64,2.19,2.19,2.19,2.19
2023-05-10,Bayern,09,00+,232,321,321,321,321,13140183,1.77,2.44,2.44,2.44,2.44
2023-05-09,Bayern,09,00+,300,398,398,398,398,13140183,2.28,3.03,3.03,3.03,3.03
2023-05-08,Bayern,09,00+,225,312,312,312,312,13140183,1.71,2.37,2.37,2.37,2.37
2023-05-07,Bayern,09,00+,232,317,317,317,317,13140183,1.77,2.41,2.41,2.41,2.41
2023-05-06,Bayern,09,00+,251,329,329,329,329,13140183,1.91,2.5,2.5,2.5,2.5
2023-05-05,Bayern,09,00+,259,332,332,332,332,13140183,1.97,2.53,2.53,2.53,2.53
2023-05-04,Bayern,09,00+,255,330,330,330,330,13140183,1.94,2.51,2.51,2.51,2.51
2023-05-03,Bayern,09,00+,228,329,329,329,329,13140183,1.74,2.5,2.5,2.5,2.5
2023-05-02,Bayern,09,00+,168,265,265,265,265,13140183,1.28,2.02,2.02,2.02,2.02
2023-05-01,Bayern,09,00+,293,397,397,397,397,13140183,2.23,3.02,3.02,3.02,3.02
2023-04-30,Bayern,09,00+,299,396,396,396,396,13140183,2.28,3.01,3.01,3.01,3.01
2023-04-29,Bayern,09,00+,309,389,389,389,389,13140183,2.35,2.96,2.96,2.96,2.96
2023-04-28,Bayern,09,00+,302,388,388,388,388,13140183,2.3,2.95,2.95,2.95,2.95
2023-04-27,Bayern,09,00+,320,403,403,403,403,13140183,2.44,3.07,3.07,3.07,3.07
2023-04-26,Bayern,09,00+,348,436,436,436,436,13140183,2.65,3.32,3.32,3.32,3.32
2023-04-25,Bayern,09,00+,336,455,455,455,455,13140183,2.56,3.46,3.46,3.46,3.46
2023-04-24,Bayern,09,00+,363,477,477,477,477,13140183,2.76,3.63,3.63,3.63,3.63
2023-04-23,Bayern,09,00+,375,482,482,482,482,13140183,2.85,3.67,3.67,3.67,3.67
2023-04-22,Bayern,09,00+,386,481,481,481,481,13140183,2.94,3.66,3.66,3.66,3.66
2023-04-21,Bayern,09,00+,416,518,518,518,518,13140183,3.17,3.94,3.94,3.94,3.94
2023-04-20,Bayern,09,00+,434,552,552,552,552,13140183,3.3,4.2,4.2,4.2,4.2
2023-04-19,Bayern,09,00+,432,545,545,545,545,13140183,3.29,4.15,4.15,4.15,4.15
2023-04-18,Bayern,09,00+,550,720,720,720,720,13140183,4.19,5.48,5.48,5.48,5.48
2023-04-17,Bayern,09,00+,407,567,567,567,567,13140183,3.1,4.32,4.32,4.32,4.32
2023-04-16,Bayern,09,00+,430,580,580,580,580,13140183,3.27,4.41,4.41,4.41,4.41
2023-04-15,Bayern,09,00+,449,590,590,590,590,13140183,3.42,4.49,4.49,4.49,4.49
2023-04-14,Bayern,09,00+,380,520,520,520,520,13140183,2.89,3.96,3.96,3.96,3.96
2023-04-13,Bayern,09,00+,370,510,510,510,510,13140183,2.82,3.88,3.88,3.88,3.88
2023-04-12,Bayern,09,00+,353,525,525,525,525,13140183,2.69,4,4,4,4
2023-04-11,Bayern,09,00+,273,443,443,443,443,13140183,2.08,3.37,3.37,3.37,3.37
2023-04-10,Bayern,09,00+,508,696,696,696,696,13140183,3.87,5.3,5.3,5.3,5.3
2023-04-09,Bayern,09,00+,527,690,690,690,690,13140183,4.01,5.25,5.25,5.25,5.25
2023-04-08,Bayern,09,00+,548,692,692,692,692,13140183,4.17,5.27,5.27,5.27,5.27
2023-04-07,Bayern,09,00+,650,797,797,797,797,13140183,4.95,6.07,6.07,6.07,6.07
2023-04-06,Bayern,09,00+,633,810,810,810,810,13140183,4.82,6.16,6.16,6.16,6.16
2023-04-05,Bayern,09,00+,639,852,852,852,852,13140183,4.86,6.48,6.48,6.48,6.48
2023-04-04,Bayern,09,00+,604,879,879,879,879,13140183,4.6,6.69,6.69,6.69,6.69
2023-04-03,Bayern,09,00+,725,956,956,956,956,13140183,5.52,7.28,7.28,7.28,7.28
2023-04-02,Bayern,09,00+,757,969,969,969,969,13140183,5.76,7.37,7.37,7.37,7.37
2023-04-01,Bayern,09,00+,779,972,972,972,972,13140183,5.93,7.4,7.4,7.4,7.4
2023-03-31,Bayern,09,00+,807,1003,1003,1003,1003,13140183,6.14,7.63,7.63,7.63,7.63
2023-03-30,Bayern,09,00+,861,1092,1092,1092,1092,13140183,6.55,8.31,8.31,8.31,8.31
2023-03-29,Bayern,09,00+,875,1166,1166,1166,1166,13140183,6.66,8.87,8.87,8.87,8.87
2023-03-28,Bayern,09,00+,832,1207,1207,1207,1207,13140183,6.33,9.19,9.19,9.19,9.19
2023-03-27,Bayern,09,00+,950,1291,1291,1291,1291,13140183,7.23,9.82,9.82,9.82,9.82
2023-03-26,Bayern,09,00+,987,1297,1297,1297,1297,13140183,7.51,9.87,9.87,9.87,9.87
2023-03-25,Bayern,09,00+,1012,1299,1299,1299,1299,13140183,7.7,9.89,9.89,9.89,9.89
2023-03-24,Bayern,09,00+,1049,1369,1369,1369,1369,13140183,7.98,10.42,10.42,10.42,10.42
2023-03-23,Bayern,09,00+,1057,1418,1418,1418,1418,13140183,8.04,10.79,10.79,10.79,10.79
2023-03-22,Bayern,09,00+,1058,1437,1437,1437,1437,13140183,8.05,10.94,10.94,10.94,10.94
2023-03-21,Bayern,09,00+,1063,1496,1496,1496,1496,13140183,8.09,11.38,11.38,11.38,11.38
2023-03-20,Bayern,09,00+,1107,1555,1555,1555,1555,13140183,8.42,11.83,11.83,11.83,11.83
2023-03-19,Bayern,09,00+,1155,1568,1568,1568,1568,13140183,8.79,11.93,11.93,11.93,11.93
2023-03-18,Bayern,09,00+,1187,1574,1574,1574,1574,13140183,9.03,11.98,11.98,11.98,11.98
2023-03-17,Bayern,09,00+,1208,1607,1607,1607,1607,13140183,9.19,12.23,12.23,12.23,12.23
2023-03-16,Bayern,09,00+,1265,1622,1622,1622,1622,13140183,9.63,12.34,12.34,12.34,12.34
2023-03-15,Bayern,09,00+,1248,1654,1654,1654,1654,13140183,9.5,12.59,12.59,12.59,12.59
2023-03-14,Bayern,09,00+,1252,1686,1686,1686,1686,13140183,9.53,12.83,12.83,12.83,12.83
2023-03-13,Bayern,09,00+,1256,1747,1747,1747,1747,13140183,9.56,13.3,13.3,13.3,13.3
2023-03-12,Bayern,09,00+,1302,1742,1742,1742,1742,13140183,9.91,13.26,13.26,13.26,13.26
2023-03-11,Bayern,09,00+,1333,1744,1744,1744,1744,13140183,10.14,13.27,13.27,13.27,13.27
2023-03-10,Bayern,09,00+,1305,1727,1727,1727,1727,13140183,9.93,13.14,13.14,13.14,13.14
2023-03-09,Bayern,09,00+,1312,1795,1795,1795,1795,13140183,9.98,13.66,13.66,13.66,13.66
2023-03-08,Bayern,09,00+,1313,1835,1835,1835,1835,13140183,9.99,13.96,13.96,13.96,13.96
2023-03-07,Bayern,09,00+,1355,1932,1932,1932,1932,13140183,10.31,14.7,14.7,14.7,14.7
2023-03-06,Bayern,09,00+,1473,2073,2073,2073,2073,13140183,11.21,15.78,15.78,15.78,15.78
2023-03-05,Bayern,09,00+,1539,2097,2097,2097,2097,13140183,11.71,15.96,15.96,15.96,15.96
2023-03-04,Bayern,09,00+,1585,2112,2112,2112,2112,13140183,12.06,16.07,16.07,16.07,16.07
2023-03-03,Bayern,09,00+,1635,2217,2217,2217,2217,13140183,12.44,16.87,16.87,16.87,16.87
2023-03-02,Bayern,09,00+,1669,2295,2295,2295,2295,13140183,12.7,17.47,17.47,17.47,17.47
2023-03-01,Bayern,09,00+,1873,2551,2551,2551,2551,13140183,14.25,19.41,19.41,19.41,19.41
2023-02-28,Bayern,09,00+,1712,2485,2485,2485,2485,13140183,13.03,18.91,18.91,18.91,18.91
2023-02-27,Bayern,09,00+,1759,2532,2532,2532,2532,13140183,13.39,19.27,19.27,19.27,19.27
2023-02-26,Bayern,09,00+,1824,2535,2535,2535,2535,13140183,13.88,19.29,19.29,19.29,19.29
2023-02-25,Bayern,09,00+,1876,2540,2540,2540,2540,13140183,14.28,19.33,19.33,19.33,19.33
2023-02-24,Bayern,09,00+,1856,2547,2547,2547,2547,13140183,14.12,19.38,19.38,19.38,19.38
2023-02-23,Bayern,09,00+,1759,2516,2516,2516,2516,13140183,13.39,19.15,19.15,19.15,19.15
2023-02-22,Bayern,09,00+,1540,2344,2344,2344,2344,13140183,11.72,17.84,17.84,17.84,17.84
2023-02-21,Bayern,09,00+,1617,2405,2405,2405,2405,13140183,12.31,18.3,18.3,18.3,18.3
2023-02-20,Bayern,09,00+,1618,2327,2327,2327,2327,13140183,12.31,17.71,17.71,17.71,17.71
2023-02-19,Bayern,09,00+,1679,2320,2320,2320,2320,13140183,12.78,17.66,17.66,17.66,17.66
2023-02-18,Bayern,09,00+,1731,2323,2323,2323,2323,13140183,13.17,17.68,17.68,17.68,17.68
2023-02-17,Bayern,09,00+,1661,2250,2250,2250,2250,13140183,12.64,17.12,17.12,17.12,17.12
2023-02-16,Bayern,09,00+,1638,2197,2197,2197,2197,13140183,12.47,16.72,16.72,16.72,16.72
2023-02-15,Bayern,09,00+,1499,2123,2123,2123,2123,13140183,11.41,16.16,16.16,16.16,16.16
2023-02-14,Bayern,09,00+,1437,2087,2087,2087,2087,13140183,10.94,15.88,15.88,15.88,15.88
2023-02-13,Bayern,09,00+,1408,1961,1961,1961,1961,13140183,10.72,14.92,14.92,14.92,14.92
2023-02-12,Bayern,09,00+,1448,1937,1937,1937,1937,13140183,11.02,14.74,14.74,14.74,14.74
2023-02-11,Bayern,09,00+,1484,1915,1915,1915,1915,13140183,11.29,14.57,14.57,14.57,14.57
2023-02-10,Bayern,09,00+,1444,1894,1894,1894,1894,13140183,10.99,14.41,14.41,14.41,14.41
2023-02-09,Bayern,09,00+,1340,1802,1802,1802,1802,13140183,10.2,13.71,13.71,13.71,13.71
2023-02-08,Bayern,09,00+,1293,1770,1770,1770,1770,13140183,9.84,13.47,13.47,13.47,13.47
2023-02-07,Bayern,09,00+,1185,1679,1679,1679,1679,13140183,9.02,12.78,12.78,12.78,12.78
2023-02-06,Bayern,09,00+,1096,1544,1544,1544,1544,13140183,8.34,11.75,11.75,11.75,11.75
2023-02-05,Bayern,09,00+,1135,1547,1547,1547,1547,13140183,8.64,11.77,11.77,11.77,11.77
2023-02-04,Bayern,09,00+,1167,1549,1549,1549,1549,13140183,8.88,11.79,11.79,11.79,11.79
2023-02-03,Bayern,09,00+,1144,1520,1520,1520,1520,13140183,8.71,11.57,11.57,11.57,11.57
2023-02-02,Bayern,09,00+,1143,1511,1511,1511,1511,13140183,8.7,11.5,11.5,11.5,11.5
2023-02-01,Bayern,09,00+,1056,1405,1405,1405,1405,13140183,8.04,10.69,10.69,10.69,10.69
2023-01-31,Bayern,09,00+,964,1374,1374,1374,1374,13140183,7.34,10.46,10.46,10.46,10.46
2023-01-30,Bayern,09,00+,950,1329,1329,1329,1329,13140183,7.23,10.11,10.11,10.11,10.11
2023-01-29,Bayern,09,00+,983,1318,1318,1318,1318,13140183,7.48,10.03,10.03,10.03,10.03
2023-01-28,Bayern,09,00+,1014,1311,1311,1311,1311,13140183,7.72,9.98,9.98,9.98,9.98
2023-01-27,Bayern,09,00+,959,1234,1234,1234,1234,13140183,7.3,9.39,9.39,9.39,9.39
2023-01-26,Bayern,09,00+,940,1206,1206,1206,1206,13140183,7.15,9.18,9.18,9.18,9.18
2023-01-25,Bayern,09,00+,899,1186,1186,1186,1186,13140183,6.84,9.03,9.03,9.03,9.03
2023-01-24,Bayern,09,00+,810,1110,1110,1110,1110,13140183,6.16,8.45,8.45,8.45,8.45
2023-01-23,Bayern,09,00+,827,1124,1124,1124,1124,13140183,6.29,8.55,8.55,8.55,8.55
2023-01-22,Bayern,09,00+,848,1114,1114,1114,1114,13140183,6.45,8.48,8.48,8.48,8.48
2023-01-21,Bayern,09,00+,869,1106,1106,1106,1106,13140183,6.61,8.42,8.42,8.42,8.42
2023-01-20,Bayern,09,00+,867,1144,1144,1144,1144,13140183,6.6,8.71,8.71,8.71,8.71
2023-01-19,Bayern,09,00+,834,1123,1123,1123,1123,13140183,6.35,8.55,8.55,8.55,8.55
2023-01-18,Bayern,09,00+,885,1200,1200,1200,1200,13140183,6.74,9.13,9.13,9.13,9.13
2023-01-17,Bayern,09,00+,773,1271,1271,1271,1271,13140183,5.88,9.67,9.67,9.67,9.67
2023-01-16,Bayern,09,00+,1067,1434,1434,1434,1434,13140183,8.12,10.91,10.91,10.91,10.91
2023-01-15,Bayern,09,00+,1109,1453,1453,1453,1453,13140183,8.44,11.06,11.06,11.06,11.06
2023-01-14,Bayern,09,00+,1149,1469,1469,1469,1469,13140183,8.74,11.18,11.18,11.18,11.18
2023-01-13,Bayern,09,00+,1040,1324,1324,1324,1324,13140183,7.91,10.08,10.08,10.08,10.08
2023-01-12,Bayern,09,00+,1094,1412,1412,1412,1412,13140183,8.33,10.75,10.75,10.75,10.75
2023-01-11,Bayern,09,00+,1070,1434,1434,1434,1434,13140183,8.14,10.91,10.91,10.91,10.91
2023-01-10,Bayern,09,00+,973,1461,1461,1461,1461,13140183,7.4,11.12,11.12,11.12,11.12
2023-01-09,Bayern,09,00+,826,1357,1357,1357,1357,13140183,6.29,10.33,10.33,10.33,10.33
2023-01-08,Bayern,09,00+,863,1352,1352,1352,1352,13140183,6.57,10.29,10.29,10.29,10.29
2023-01-07,Bayern,09,00+,898,0,0,0,0,13140183,6.83,0,0,0,0
2023-01-06,Bayern,09,00+,1087,0,0,0,0,13140183,8.27,0,0,0,0
2023-01-05,Bayern,09,00+,1163,0,0,0,0,13140183,8.85,0,0,0,0
2023-01-04,Bayern,09,00+,1270,0,0,0,0,13140183,9.67,0,0,0,0
2023-01-03,Bayern,09,00+,1452,0,0,0,0,13140183,11.05,0,0,0,0
2023-01-02,Bayern,09,00+,1109,0,0,0,0,13140183,8.44,0,0,0,0
2023-12-23,Saarland,10,00+,31,31,NA,NA,NA,983991,3.15,3.15,NA,NA,NA
2023-12-22,Saarland,10,00+,30,30,NA,NA,NA,983991,3.05,3.05,NA,NA,NA
2023-12-21,Saarland,10,00+,35,42,NA,NA,NA,983991,3.56,4.27,NA,NA,NA
2023-12-20,Saarland,10,00+,36,41,47,46,49,983991,3.66,4.17,4.81,4.7,5.05
2023-12-19,Saarland,10,00+,37,43,47,46,49,983991,3.76,4.37,4.86,4.76,5.02
2023-12-18,Saarland,10,00+,47,51,55,54,56,983991,4.78,5.18,5.63,5.5,5.78
2023-12-17,Saarland,10,00+,47,51,55,54,56,983991,4.78,5.18,5.63,5.5,5.78
2023-12-16,Saarland,10,00+,47,51,55,54,56,983991,4.78,5.18,5.63,5.5,5.78
2023-12-15,Saarland,10,00+,45,56,60,59,62,983991,4.57,5.69,6.15,6.01,6.31
2023-12-14,Saarland,10,00+,31,43,45,45,46,983991,3.15,4.37,4.66,4.58,4.75
2023-12-13,Saarland,10,00+,35,47,49,48,50,983991,3.56,4.78,5.04,4.97,5.14
2023-12-12,Saarland,10,00+,55,68,70,69,72,983991,5.59,6.91,7.2,7.1,7.32
2023-12-11,Saarland,10,00+,49,63,65,64,66,983991,4.98,6.4,6.61,6.54,6.71
2023-12-10,Saarland,10,00+,49,63,65,64,66,983991,4.98,6.4,6.61,6.54,6.71
2023-12-09,Saarland,10,00+,49,63,65,64,66,983991,4.98,6.4,6.61,6.54,6.71
2023-12-08,Saarland,10,00+,54,69,71,70,72,983991,5.49,7.01,7.22,7.14,7.33
2023-12-07,Saarland,10,00+,54,72,74,73,75,983991,5.49,7.32,7.52,7.44,7.64
2023-12-06,Saarland,10,00+,53,66,67,67,68,983991,5.39,6.71,6.89,6.81,6.99
2023-12-05,Saarland,10,00+,35,42,42,42,43,983991,3.56,4.27,4.36,4.32,4.41
2023-12-04,Saarland,10,00+,42,51,51,51,52,983991,4.27,5.18,5.27,5.23,5.34
2023-12-03,Saarland,10,00+,42,51,51,51,52,983991,4.27,5.18,5.27,5.23,5.34
2023-12-02,Saarland,10,00+,42,51,51,51,52,983991,4.27,5.18,5.27,5.23,5.34
2023-12-01,Saarland,10,00+,40,45,45,45,46,983991,4.07,4.57,4.64,4.61,4.7
2023-11-30,Saarland,10,00+,37,50,50,50,51,983991,3.76,5.08,5.15,5.12,5.2
2023-11-29,Saarland,10,00+,39,52,52,52,53,983991,3.96,5.28,5.35,5.32,5.4
2023-11-28,Saarland,10,00+,30,55,55,55,56,983991,3.05,5.59,5.65,5.62,5.7
2023-11-27,Saarland,10,00+,36,47,47,47,47,983991,3.66,4.78,4.81,4.8,4.84
2023-11-26,Saarland,10,00+,36,47,47,47,47,983991,3.66,4.78,4.81,4.8,4.84
2023-11-25,Saarland,10,00+,37,48,48,48,48,983991,3.76,4.88,4.92,4.9,4.94
2023-11-24,Saarland,10,00+,36,45,45,45,45,983991,3.66,4.57,4.61,4.59,4.63
2023-11-23,Saarland,10,00+,26,38,38,38,38,983991,2.64,3.86,3.88,3.88,3.9
2023-11-22,Saarland,10,00+,32,40,40,40,40,983991,3.25,4.07,4.08,4.08,4.09
2023-11-21,Saarland,10,00+,29,35,35,35,35,983991,2.95,3.56,3.57,3.56,3.57
2023-11-20,Saarland,10,00+,38,45,45,45,45,983991,3.86,4.57,4.58,4.58,4.58
2023-11-19,Saarland,10,00+,38,45,45,45,45,983991,3.86,4.57,4.58,4.58,4.58
2023-11-18,Saarland,10,00+,38,44,44,44,44,983991,3.86,4.47,4.48,4.48,4.48
2023-11-17,Saarland,10,00+,44,50,50,50,50,983991,4.47,5.08,5.09,5.08,5.09
2023-11-16,Saarland,10,00+,45,53,53,53,53,983991,4.57,5.39,5.39,5.39,5.39
2023-11-15,Saarland,10,00+,44,51,51,51,51,983991,4.47,5.18,5.18,5.18,5.19
2023-11-14,Saarland,10,00+,37,51,51,51,51,983991,3.76,5.18,5.18,5.18,5.18
2023-11-13,Saarland,10,00+,40,54,54,54,54,983991,4.07,5.49,5.49,5.49,5.49
2023-11-12,Saarland,10,00+,42,56,56,56,56,983991,4.27,5.69,5.69,5.69,5.69
2023-11-11,Saarland,10,00+,42,56,56,56,56,983991,4.27,5.69,5.69,5.69,5.69
2023-11-10,Saarland,10,00+,45,61,61,61,61,983991,4.57,6.2,6.2,6.2,6.2
2023-11-09,Saarland,10,00+,53,69,69,69,69,983991,5.39,7.01,7.01,7.01,7.01
2023-11-08,Saarland,10,00+,44,62,62,62,62,983991,4.47,6.3,6.3,6.3,6.3
2023-11-07,Saarland,10,00+,54,70,70,70,70,983991,5.49,7.11,7.11,7.11,7.11
2023-11-06,Saarland,10,00+,66,87,87,87,87,983991,6.71,8.84,8.84,8.84,8.84
2023-11-05,Saarland,10,00+,66,85,85,85,85,983991,6.71,8.64,8.64,8.64,8.64
2023-11-04,Saarland,10,00+,66,85,85,85,85,983991,6.71,8.64,8.64,8.64,8.64
2023-11-03,Saarland,10,00+,61,82,82,82,82,983991,6.2,8.33,8.33,8.33,8.33
2023-11-02,Saarland,10,00+,74,88,88,88,88,983991,7.52,8.94,8.94,8.94,8.94
2023-11-01,Saarland,10,00+,84,98,98,98,98,983991,8.54,9.96,9.96,9.96,9.96
2023-10-31,Saarland,10,00+,88,111,111,111,111,983991,8.94,11.28,11.28,11.28,11.28
2023-10-30,Saarland,10,00+,97,110,110,110,110,983991,9.86,11.18,11.18,11.18,11.18
2023-10-29,Saarland,10,00+,97,110,110,110,110,983991,9.86,11.18,11.18,11.18,11.18
2023-10-28,Saarland,10,00+,97,110,110,110,110,983991,9.86,11.18,11.18,11.18,11.18
2023-10-27,Saarland,10,00+,104,115,115,115,115,983991,10.57,11.69,11.69,11.69,11.69
2023-10-26,Saarland,10,00+,104,111,111,111,111,983991,10.57,11.28,11.28,11.28,11.28
2023-10-25,Saarland,10,00+,102,116,116,116,116,983991,10.37,11.79,11.79,11.79,11.79
2023-10-24,Saarland,10,00+,111,128,128,128,128,983991,11.28,13.01,13.01,13.01,13.01
2023-10-23,Saarland,10,00+,95,117,117,117,117,983991,9.65,11.89,11.89,11.89,11.89
2023-10-22,Saarland,10,00+,97,119,119,119,119,983991,9.86,12.09,12.09,12.09,12.09
2023-10-21,Saarland,10,00+,97,119,119,119,119,983991,9.86,12.09,12.09,12.09,12.09
2023-10-20,Saarland,10,00+,98,120,120,120,120,983991,9.96,12.2,12.2,12.2,12.2
2023-10-19,Saarland,10,00+,100,118,118,118,118,983991,10.16,11.99,11.99,11.99,11.99
2023-10-18,Saarland,10,00+,96,116,116,116,116,983991,9.76,11.79,11.79,11.79,11.79
2023-10-17,Saarland,10,00+,65,87,87,87,87,983991,6.61,8.84,8.84,8.84,8.84
2023-10-16,Saarland,10,00+,77,91,91,91,91,983991,7.83,9.25,9.25,9.25,9.25
2023-10-15,Saarland,10,00+,77,89,89,89,89,983991,7.83,9.04,9.04,9.04,9.04
2023-10-14,Saarland,10,00+,77,89,89,89,89,983991,7.83,9.04,9.04,9.04,9.04
2023-10-13,Saarland,10,00+,76,85,85,85,85,983991,7.72,8.64,8.64,8.64,8.64
2023-10-12,Saarland,10,00+,65,83,83,83,83,983991,6.61,8.44,8.44,8.44,8.44
2023-10-11,Saarland,10,00+,72,83,83,83,83,983991,7.32,8.44,8.44,8.44,8.44
2023-10-10,Saarland,10,00+,51,73,73,73,73,983991,5.18,7.42,7.42,7.42,7.42
2023-10-09,Saarland,10,00+,35,52,52,52,52,983991,3.56,5.28,5.28,5.28,5.28
2023-10-08,Saarland,10,00+,35,52,52,52,52,983991,3.56,5.28,5.28,5.28,5.28
2023-10-07,Saarland,10,00+,35,52,52,52,52,983991,3.56,5.28,5.28,5.28,5.28
2023-10-06,Saarland,10,00+,34,46,46,46,46,983991,3.46,4.67,4.67,4.67,4.67
2023-10-05,Saarland,10,00+,26,38,38,38,38,983991,2.64,3.86,3.86,3.86,3.86
2023-10-04,Saarland,10,00+,19,31,31,31,31,983991,1.93,3.15,3.15,3.15,3.15
2023-10-03,Saarland,10,00+,23,37,37,37,37,983991,2.34,3.76,3.76,3.76,3.76
2023-10-02,Saarland,10,00+,19,29,29,29,29,983991,1.93,2.95,2.95,2.95,2.95
2023-10-01,Saarland,10,00+,19,29,29,29,29,983991,1.93,2.95,2.95,2.95,2.95
2023-09-30,Saarland,10,00+,19,29,29,29,29,983991,1.93,2.95,2.95,2.95,2.95
2023-09-29,Saarland,10,00+,12,23,23,23,23,983991,1.22,2.34,2.34,2.34,2.34
2023-09-28,Saarland,10,00+,12,22,22,22,22,983991,1.22,2.24,2.24,2.24,2.24
2023-09-27,Saarland,10,00+,14,21,21,21,21,983991,1.42,2.13,2.13,2.13,2.13
2023-09-26,Saarland,10,00+,21,26,26,26,26,983991,2.13,2.64,2.64,2.64,2.64
2023-09-25,Saarland,10,00+,24,27,27,27,27,983991,2.44,2.74,2.74,2.74,2.74
2023-09-24,Saarland,10,00+,24,27,27,27,27,983991,2.44,2.74,2.74,2.74,2.74
2023-09-23,Saarland,10,00+,24,27,27,27,27,983991,2.44,2.74,2.74,2.74,2.74
2023-09-22,Saarland,10,00+,23,28,28,28,28,983991,2.34,2.85,2.85,2.85,2.85
2023-09-21,Saarland,10,00+,24,28,28,28,28,983991,2.44,2.85,2.85,2.85,2.85
2023-09-20,Saarland,10,00+,25,29,29,29,29,983991,2.54,2.95,2.95,2.95,2.95
2023-09-19,Saarland,10,00+,20,25,25,25,25,983991,2.03,2.54,2.54,2.54,2.54
2023-09-18,Saarland,10,00+,25,32,32,32,32,983991,2.54,3.25,3.25,3.25,3.25
2023-09-17,Saarland,10,00+,25,32,32,32,32,983991,2.54,3.25,3.25,3.25,3.25
2023-09-16,Saarland,10,00+,25,32,32,32,32,983991,2.54,3.25,3.25,3.25,3.25
2023-09-15,Saarland,10,00+,25,32,32,32,32,983991,2.54,3.25,3.25,3.25,3.25
2023-09-14,Saarland,10,00+,24,30,30,30,30,983991,2.44,3.05,3.05,3.05,3.05
2023-09-13,Saarland,10,00+,23,28,28,28,28,983991,2.34,2.85,2.85,2.85,2.85
2023-09-12,Saarland,10,00+,14,24,24,24,24,983991,1.42,2.44,2.44,2.44,2.44
2023-09-11,Saarland,10,00+,10,13,13,13,13,983991,1.02,1.32,1.32,1.32,1.32
2023-09-10,Saarland,10,00+,10,13,13,13,13,983991,1.02,1.32,1.32,1.32,1.32
2023-09-09,Saarland,10,00+,10,13,13,13,13,983991,1.02,1.32,1.32,1.32,1.32
2023-09-08,Saarland,10,00+,8,12,12,12,12,983991,0.81,1.22,1.22,1.22,1.22
2023-09-07,Saarland,10,00+,4,12,12,12,12,983991,0.41,1.22,1.22,1.22,1.22
2023-09-06,Saarland,10,00+,5,10,10,10,10,983991,0.51,1.02,1.02,1.02,1.02
2023-09-05,Saarland,10,00+,7,11,11,11,11,983991,0.71,1.12,1.12,1.12,1.12
2023-09-04,Saarland,10,00+,8,12,12,12,12,983991,0.81,1.22,1.22,1.22,1.22
2023-09-03,Saarland,10,00+,8,12,12,12,12,983991,0.81,1.22,1.22,1.22,1.22
2023-09-02,Saarland,10,00+,8,12,12,12,12,983991,0.81,1.22,1.22,1.22,1.22
2023-09-01,Saarland,10,00+,10,13,13,13,13,983991,1.02,1.32,1.32,1.32,1.32
2023-08-31,Saarland,10,00+,7,11,11,11,11,983991,0.71,1.12,1.12,1.12,1.12
2023-08-30,Saarland,10,00+,6,10,10,10,10,983991,0.61,1.02,1.02,1.02,1.02
2023-08-29,Saarland,10,00+,7,9,9,9,9,983991,0.71,0.91,0.91,0.91,0.91
2023-08-28,Saarland,10,00+,0,7,7,7,7,983991,0,0.71,0.71,0.71,0.71
2023-08-27,Saarland,10,00+,0,7,7,7,7,983991,0,0.71,0.71,0.71,0.71
2023-08-26,Saarland,10,00+,0,7,7,7,7,983991,0,0.71,0.71,0.71,0.71
2023-08-25,Saarland,10,00+,0,6,6,6,6,983991,0,0.61,0.61,0.61,0.61
2023-08-24,Saarland,10,00+,5,6,6,6,6,983991,0.51,0.61,0.61,0.61,0.61
2023-08-23,Saarland,10,00+,4,6,6,6,6,983991,0.41,0.61,0.61,0.61,0.61
2023-08-22,Saarland,10,00+,3,3,3,3,3,983991,0.3,0.3,0.3,0.3,0.3
2023-08-21,Saarland,10,00+,4,5,5,5,5,983991,0.41,0.51,0.51,0.51,0.51
2023-08-20,Saarland,10,00+,4,5,5,5,5,983991,0.41,0.51,0.51,0.51,0.51
2023-08-19,Saarland,10,00+,4,5,5,5,5,983991,0.41,0.51,0.51,0.51,0.51
2023-08-18,Saarland,10,00+,5,6,6,6,6,983991,0.51,0.61,0.61,0.61,0.61
2023-08-17,Saarland,10,00+,5,6,6,6,6,983991,0.51,0.61,0.61,0.61,0.61
2023-08-16,Saarland,10,00+,5,6,6,6,6,983991,0.51,0.61,0.61,0.61,0.61
2023-08-15,Saarland,10,00+,6,7,7,7,7,983991,0.61,0.71,0.71,0.71,0.71
2023-08-14,Saarland,10,00+,4,4,4,4,4,983991,0.41,0.41,0.41,0.41,0.41
2023-08-13,Saarland,10,00+,4,4,4,4,4,983991,0.41,0.41,0.41,0.41,0.41
2023-08-12,Saarland,10,00+,4,4,4,4,4,983991,0.41,0.41,0.41,0.41,0.41
2023-08-11,Saarland,10,00+,2,3,3,3,3,983991,0.2,0.3,0.3,0.3,0.3
2023-08-10,Saarland,10,00+,1,3,3,3,3,983991,0.1,0.3,0.3,0.3,0.3
2023-08-09,Saarland,10,00+,0,2,2,2,2,983991,0,0.2,0.2,0.2,0.2
2023-08-08,Saarland,10,00+,3,4,4,4,4,983991,0.3,0.41,0.41,0.41,0.41
2023-08-07,Saarland,10,00+,4,5,5,5,5,983991,0.41,0.51,0.51,0.51,0.51
2023-08-06,Saarland,10,00+,4,5,5,5,5,983991,0.41,0.51,0.51,0.51,0.51
2023-08-05,Saarland,10,00+,4,5,5,5,5,983991,0.41,0.51,0.51,0.51,0.51
2023-08-04,Saarland,10,00+,4,5,5,5,5,983991,0.41,0.51,0.51,0.51,0.51
2023-08-03,Saarland,10,00+,5,6,6,6,6,983991,0.51,0.61,0.61,0.61,0.61
2023-08-02,Saarland,10,00+,4,7,7,7,7,983991,0.41,0.71,0.71,0.71,0.71
2023-08-01,Saarland,10,00+,2,4,4,4,4,983991,0.2,0.41,0.41,0.41,0.41
2023-07-31,Saarland,10,00+,4,6,6,6,6,983991,0.41,0.61,0.61,0.61,0.61
2023-07-30,Saarland,10,00+,4,6,6,6,6,983991,0.41,0.61,0.61,0.61,0.61
2023-07-29,Saarland,10,00+,4,6,6,6,6,983991,0.41,0.61,0.61,0.61,0.61
2023-07-28,Saarland,10,00+,5,7,7,7,7,983991,0.51,0.71,0.71,0.71,0.71
2023-07-27,Saarland,10,00+,5,7,7,7,7,983991,0.51,0.71,0.71,0.71,0.71
2023-07-26,Saarland,10,00+,5,6,6,6,6,983991,0.51,0.61,0.61,0.61,0.61
2023-07-25,Saarland,10,00+,4,7,7,7,7,983991,0.41,0.71,0.71,0.71,0.71
2023-07-24,Saarland,10,00+,5,6,6,6,6,983991,0.51,0.61,0.61,0.61,0.61
2023-07-23,Saarland,10,00+,5,6,6,6,6,983991,0.51,0.61,0.61,0.61,0.61
2023-07-22,Saarland,10,00+,5,6,6,6,6,983991,0.51,0.61,0.61,0.61,0.61
2023-07-21,Saarland,10,00+,4,4,4,4,4,983991,0.41,0.41,0.41,0.41,0.41
2023-07-20,Saarland,10,00+,3,3,3,3,3,983991,0.3,0.3,0.3,0.3,0.3
2023-07-19,Saarland,10,00+,3,3,3,3,3,983991,0.3,0.3,0.3,0.3,0.3
2023-07-18,Saarland,10,00+,0,2,2,2,2,983991,0,0.2,0.2,0.2,0.2
2023-07-17,Saarland,10,00+,0,1,1,1,1,983991,0,0.1,0.1,0.1,0.1
2023-07-16,Saarland,10,00+,0,1,1,1,1,983991,0,0.1,0.1,0.1,0.1
2023-07-15,Saarland,10,00+,0,1,1,1,1,983991,0,0.1,0.1,0.1,0.1
2023-07-14,Saarland,10,00+,0,1,1,1,1,983991,0,0.1,0.1,0.1,0.1
2023-07-13,Saarland,10,00+,0,1,1,1,1,983991,0,0.1,0.1,0.1,0.1
2023-07-12,Saarland,10,00+,0,1,1,1,1,983991,0,0.1,0.1,0.1,0.1
2023-07-11,Saarland,10,00+,0,1,1,1,1,983991,0,0.1,0.1,0.1,0.1
2023-07-10,Saarland,10,00+,0,0,0,0,0,983991,0,0,0,0,0
2023-07-09,Saarland,10,00+,0,0,0,0,0,983991,0,0,0,0,0
2023-07-08,Saarland,10,00+,0,0,0,0,0,983991,0,0,0,0,0
2023-07-07,Saarland,10,00+,1,1,1,1,1,983991,0.1,0.1,0.1,0.1,0.1
2023-07-06,Saarland,10,00+,1,1,1,1,1,983991,0.1,0.1,0.1,0.1,0.1
2023-07-05,Saarland,10,00+,3,3,3,3,3,983991,0.3,0.3,0.3,0.3,0.3
2023-07-04,Saarland,10,00+,5,5,5,5,5,983991,0.51,0.51,0.51,0.51,0.51
2023-07-03,Saarland,10,00+,4,5,5,5,5,983991,0.41,0.51,0.51,0.51,0.51
2023-07-02,Saarland,10,00+,4,5,5,5,5,983991,0.41,0.51,0.51,0.51,0.51
2023-07-01,Saarland,10,00+,4,5,5,5,5,983991,0.41,0.51,0.51,0.51,0.51
2023-06-30,Saarland,10,00+,4,4,4,4,4,983991,0.41,0.41,0.41,0.41,0.41
2023-06-29,Saarland,10,00+,3,5,5,5,5,983991,0.3,0.51,0.51,0.51,0.51
2023-06-28,Saarland,10,00+,1,3,3,3,3,983991,0.1,0.3,0.3,0.3,0.3
2023-06-27,Saarland,10,00+,2,2,2,2,2,983991,0.2,0.2,0.2,0.2,0.2
2023-06-26,Saarland,10,00+,3,3,3,3,3,983991,0.3,0.3,0.3,0.3,0.3
2023-06-25,Saarland,10,00+,3,3,3,3,3,983991,0.3,0.3,0.3,0.3,0.3
2023-06-24,Saarland,10,00+,3,3,3,3,3,983991,0.3,0.3,0.3,0.3,0.3
2023-06-23,Saarland,10,00+,3,3,3,3,3,983991,0.3,0.3,0.3,0.3,0.3
2023-06-22,Saarland,10,00+,3,3,3,3,3,983991,0.3,0.3,0.3,0.3,0.3
2023-06-21,Saarland,10,00+,2,4,4,4,4,983991,0.2,0.41,0.41,0.41,0.41
2023-06-20,Saarland,10,00+,11,12,12,12,12,983991,1.12,1.22,1.22,1.22,1.22
2023-06-19,Saarland,10,00+,13,13,13,13,13,983991,1.32,1.32,1.32,1.32,1.32
2023-06-18,Saarland,10,00+,13,13,13,13,13,983991,1.32,1.32,1.32,1.32,1.32
2023-06-17,Saarland,10,00+,13,13,13,13,13,983991,1.32,1.32,1.32,1.32,1.32
2023-06-16,Saarland,10,00+,14,14,14,14,14,983991,1.42,1.42,1.42,1.42,1.42
2023-06-15,Saarland,10,00+,13,13,13,13,13,983991,1.32,1.32,1.32,1.32,1.32
2023-06-14,Saarland,10,00+,12,13,13,13,13,983991,1.22,1.32,1.32,1.32,1.32
2023-06-13,Saarland,10,00+,4,5,5,5,5,983991,0.41,0.51,0.51,0.51,0.51
2023-06-12,Saarland,10,00+,4,5,5,5,5,983991,0.41,0.51,0.51,0.51,0.51
2023-06-11,Saarland,10,00+,4,5,5,5,5,983991,0.41,0.51,0.51,0.51,0.51
2023-06-10,Saarland,10,00+,4,5,5,5,5,983991,0.41,0.51,0.51,0.51,0.51
2023-06-09,Saarland,10,00+,6,6,6,6,6,983991,0.61,0.61,0.61,0.61,0.61
2023-06-08,Saarland,10,00+,7,7,7,7,7,983991,0.71,0.71,0.71,0.71,0.71
2023-06-07,Saarland,10,00+,7,9,9,9,9,983991,0.71,0.91,0.91,0.91,0.91
2023-06-06,Saarland,10,00+,11,14,14,14,14,983991,1.12,1.42,1.42,1.42,1.42
2023-06-05,Saarland,10,00+,7,12,12,12,12,983991,0.71,1.22,1.22,1.22,1.22
2023-06-04,Saarland,10,00+,8,13,13,13,13,983991,0.81,1.32,1.32,1.32,1.32
2023-06-03,Saarland,10,00+,8,13,13,13,13,983991,0.81,1.32,1.32,1.32,1.32
2023-06-02,Saarland,10,00+,7,13,13,13,13,983991,0.71,1.32,1.32,1.32,1.32
2023-06-01,Saarland,10,00+,8,13,13,13,13,983991,0.81,1.32,1.32,1.32,1.32
2023-05-31,Saarland,10,00+,7,11,11,11,11,983991,0.71,1.12,1.12,1.12,1.12
2023-05-30,Saarland,10,00+,5,6,6,6,6,983991,0.51,0.61,0.61,0.61,0.61
2023-05-29,Saarland,10,00+,16,17,17,17,17,983991,1.63,1.73,1.73,1.73,1.73
2023-05-28,Saarland,10,00+,16,16,16,16,16,983991,1.63,1.63,1.63,1.63,1.63
2023-05-27,Saarland,10,00+,16,16,16,16,16,983991,1.63,1.63,1.63,1.63,1.63
2023-05-26,Saarland,10,00+,15,15,15,15,15,983991,1.52,1.52,1.52,1.52,1.52
2023-05-25,Saarland,10,00+,13,14,14,14,14,983991,1.32,1.42,1.42,1.42,1.42
2023-05-24,Saarland,10,00+,11,16,16,16,16,983991,1.12,1.63,1.63,1.63,1.63
2023-05-23,Saarland,10,00+,10,17,17,17,17,983991,1.02,1.73,1.73,1.73,1.73
2023-05-22,Saarland,10,00+,6,8,8,8,8,983991,0.61,0.81,0.81,0.81,0.81
2023-05-21,Saarland,10,00+,6,8,8,8,8,983991,0.61,0.81,0.81,0.81,0.81
2023-05-20,Saarland,10,00+,6,8,8,8,8,983991,0.61,0.81,0.81,0.81,0.81
2023-05-19,Saarland,10,00+,4,7,7,7,7,983991,0.41,0.71,0.71,0.71,0.71
2023-05-18,Saarland,10,00+,6,10,10,10,10,983991,0.61,1.02,1.02,1.02,1.02
2023-05-17,Saarland,10,00+,10,13,13,13,13,983991,1.02,1.32,1.32,1.32,1.32
2023-05-16,Saarland,10,00+,11,15,15,15,15,983991,1.12,1.52,1.52,1.52,1.52
2023-05-15,Saarland,10,00+,17,19,19,19,19,983991,1.73,1.93,1.93,1.93,1.93
2023-05-14,Saarland,10,00+,17,19,19,19,19,983991,1.73,1.93,1.93,1.93,1.93
2023-05-13,Saarland,10,00+,17,19,19,19,19,983991,1.73,1.93,1.93,1.93,1.93
2023-05-12,Saarland,10,00+,18,20,20,20,20,983991,1.83,2.03,2.03,2.03,2.03
2023-05-11,Saarland,10,00+,16,19,19,19,19,983991,1.63,1.93,1.93,1.93,1.93
2023-05-10,Saarland,10,00+,14,20,20,20,20,983991,1.42,2.03,2.03,2.03,2.03
2023-05-09,Saarland,10,00+,19,25,25,25,25,983991,1.93,2.54,2.54,2.54,2.54
2023-05-08,Saarland,10,00+,9,19,19,19,19,983991,0.91,1.93,1.93,1.93,1.93
2023-05-07,Saarland,10,00+,9,19,19,19,19,983991,0.91,1.93,1.93,1.93,1.93
2023-05-06,Saarland,10,00+,9,19,19,19,19,983991,0.91,1.93,1.93,1.93,1.93
2023-05-05,Saarland,10,00+,12,21,21,21,21,983991,1.22,2.13,2.13,2.13,2.13
2023-05-04,Saarland,10,00+,10,21,21,21,21,983991,1.02,2.13,2.13,2.13,2.13
2023-05-03,Saarland,10,00+,12,21,21,21,21,983991,1.22,2.13,2.13,2.13,2.13
2023-05-02,Saarland,10,00+,11,18,18,18,18,983991,1.12,1.83,1.83,1.83,1.83
2023-05-01,Saarland,10,00+,24,32,32,32,32,983991,2.44,3.25,3.25,3.25,3.25
2023-04-30,Saarland,10,00+,24,32,32,32,32,983991,2.44,3.25,3.25,3.25,3.25
2023-04-29,Saarland,10,00+,24,32,32,32,32,983991,2.44,3.25,3.25,3.25,3.25
2023-04-28,Saarland,10,00+,23,34,34,34,34,983991,2.34,3.46,3.46,3.46,3.46
2023-04-27,Saarland,10,00+,28,40,40,40,40,983991,2.85,4.07,4.07,4.07,4.07
2023-04-26,Saarland,10,00+,37,43,43,43,43,983991,3.76,4.37,4.37,4.37,4.37
2023-04-25,Saarland,10,00+,32,44,44,44,44,983991,3.25,4.47,4.47,4.47,4.47
2023-04-24,Saarland,10,00+,24,37,37,37,37,983991,2.44,3.76,3.76,3.76,3.76
2023-04-23,Saarland,10,00+,24,37,37,37,37,983991,2.44,3.76,3.76,3.76,3.76
2023-04-22,Saarland,10,00+,24,37,37,37,37,983991,2.44,3.76,3.76,3.76,3.76
2023-04-21,Saarland,10,00+,20,34,34,34,34,983991,2.03,3.46,3.46,3.46,3.46
2023-04-20,Saarland,10,00+,21,31,31,31,31,983991,2.13,3.15,3.15,3.15,3.15
2023-04-19,Saarland,10,00+,18,27,27,27,27,983991,1.83,2.74,2.74,2.74,2.74
2023-04-18,Saarland,10,00+,27,36,36,36,36,983991,2.74,3.66,3.66,3.66,3.66
2023-04-17,Saarland,10,00+,22,29,29,29,29,983991,2.24,2.95,2.95,2.95,2.95
2023-04-16,Saarland,10,00+,22,29,29,29,29,983991,2.24,2.95,2.95,2.95,2.95
2023-04-15,Saarland,10,00+,22,29,29,29,29,983991,2.24,2.95,2.95,2.95,2.95
2023-04-14,Saarland,10,00+,18,27,27,27,27,983991,1.83,2.74,2.74,2.74,2.74
2023-04-13,Saarland,10,00+,18,27,27,27,27,983991,1.83,2.74,2.74,2.74,2.74
2023-04-12,Saarland,10,00+,20,27,27,27,27,983991,2.03,2.74,2.74,2.74,2.74
2023-04-11,Saarland,10,00+,12,19,19,19,19,983991,1.22,1.93,1.93,1.93,1.93
2023-04-10,Saarland,10,00+,32,41,41,41,41,983991,3.25,4.17,4.17,4.17,4.17
2023-04-09,Saarland,10,00+,32,41,41,41,41,983991,3.25,4.17,4.17,4.17,4.17
2023-04-08,Saarland,10,00+,32,41,41,41,41,983991,3.25,4.17,4.17,4.17,4.17
2023-04-07,Saarland,10,00+,38,47,47,47,47,983991,3.86,4.78,4.78,4.78,4.78
2023-04-06,Saarland,10,00+,39,46,46,46,46,983991,3.96,4.67,4.67,4.67,4.67
2023-04-05,Saarland,10,00+,42,49,49,49,49,983991,4.27,4.98,4.98,4.98,4.98
2023-04-04,Saarland,10,00+,35,44,44,44,44,983991,3.56,4.47,4.47,4.47,4.47
2023-04-03,Saarland,10,00+,29,31,31,31,31,983991,2.95,3.15,3.15,3.15,3.15
2023-04-02,Saarland,10,00+,29,31,31,31,31,983991,2.95,3.15,3.15,3.15,3.15
2023-04-01,Saarland,10,00+,29,31,31,31,31,983991,2.95,3.15,3.15,3.15,3.15
2023-03-31,Saarland,10,00+,32,37,37,37,37,983991,3.25,3.76,3.76,3.76,3.76
2023-03-30,Saarland,10,00+,43,48,48,48,48,983991,4.37,4.88,4.88,4.88,4.88
2023-03-29,Saarland,10,00+,49,51,51,51,51,983991,4.98,5.18,5.18,5.18,5.18
2023-03-28,Saarland,10,00+,66,71,71,71,71,983991,6.71,7.22,7.22,7.22,7.22
2023-03-27,Saarland,10,00+,83,92,92,92,92,983991,8.44,9.35,9.35,9.35,9.35
2023-03-26,Saarland,10,00+,83,92,92,92,92,983991,8.44,9.35,9.35,9.35,9.35
2023-03-25,Saarland,10,00+,83,92,92,92,92,983991,8.44,9.35,9.35,9.35,9.35
2023-03-24,Saarland,10,00+,90,98,98,98,98,983991,9.15,9.96,9.96,9.96,9.96
2023-03-23,Saarland,10,00+,91,102,102,102,102,983991,9.25,10.37,10.37,10.37,10.37
2023-03-22,Saarland,10,00+,105,116,116,116,116,983991,10.67,11.79,11.79,11.79,11.79
2023-03-21,Saarland,10,00+,112,122,122,122,122,983991,11.38,12.4,12.4,12.4,12.4
2023-03-20,Saarland,10,00+,117,134,134,134,134,983991,11.89,13.62,13.62,13.62,13.62
2023-03-19,Saarland,10,00+,117,134,134,134,134,983991,11.89,13.62,13.62,13.62,13.62
2023-03-18,Saarland,10,00+,117,134,134,134,134,983991,11.89,13.62,13.62,13.62,13.62
2023-03-17,Saarland,10,00+,137,150,150,150,150,983991,13.92,15.24,15.24,15.24,15.24
2023-03-16,Saarland,10,00+,161,174,174,174,174,983991,16.36,17.68,17.68,17.68,17.68
2023-03-15,Saarland,10,00+,158,175,175,175,175,983991,16.06,17.78,17.78,17.78,17.78
2023-03-14,Saarland,10,00+,155,184,184,184,184,983991,15.75,18.7,18.7,18.7,18.7
2023-03-13,Saarland,10,00+,176,194,194,194,194,983991,17.89,19.72,19.72,19.72,19.72
2023-03-12,Saarland,10,00+,176,194,194,194,194,983991,17.89,19.72,19.72,19.72,19.72
2023-03-11,Saarland,10,00+,176,194,194,194,194,983991,17.89,19.72,19.72,19.72,19.72
2023-03-10,Saarland,10,00+,155,181,181,181,181,983991,15.75,18.39,18.39,18.39,18.39
2023-03-09,Saarland,10,00+,129,154,154,154,154,983991,13.11,15.65,15.65,15.65,15.65
2023-03-08,Saarland,10,00+,131,148,148,148,148,983991,13.31,15.04,15.04,15.04,15.04
2023-03-07,Saarland,10,00+,106,135,135,135,135,983991,10.77,13.72,13.72,13.72,13.72
2023-03-06,Saarland,10,00+,87,120,120,120,120,983991,8.84,12.2,12.2,12.2,12.2
2023-03-05,Saarland,10,00+,87,120,120,120,120,983991,8.84,12.2,12.2,12.2,12.2
2023-03-04,Saarland,10,00+,87,120,120,120,120,983991,8.84,12.2,12.2,12.2,12.2
2023-03-03,Saarland,10,00+,72,114,114,114,114,983991,7.32,11.59,11.59,11.59,11.59
2023-03-02,Saarland,10,00+,82,123,123,123,123,983991,8.33,12.5,12.5,12.5,12.5
2023-03-01,Saarland,10,00+,88,127,127,127,127,983991,8.94,12.91,12.91,12.91,12.91
2023-02-28,Saarland,10,00+,119,157,157,157,157,983991,12.09,15.96,15.96,15.96,15.96
2023-02-27,Saarland,10,00+,85,120,120,120,120,983991,8.64,12.2,12.2,12.2,12.2
2023-02-26,Saarland,10,00+,85,120,120,120,120,983991,8.64,12.2,12.2,12.2,12.2
2023-02-25,Saarland,10,00+,85,120,120,120,120,983991,8.64,12.2,12.2,12.2,12.2
2023-02-24,Saarland,10,00+,84,112,112,112,112,983991,8.54,11.38,11.38,11.38,11.38
2023-02-23,Saarland,10,00+,84,102,102,102,102,983991,8.54,10.37,10.37,10.37,10.37
2023-02-22,Saarland,10,00+,62,89,89,89,89,983991,6.3,9.04,9.04,9.04,9.04
2023-02-21,Saarland,10,00+,45,56,56,56,56,983991,4.57,5.69,5.69,5.69,5.69
2023-02-20,Saarland,10,00+,70,84,84,84,84,983991,7.11,8.54,8.54,8.54,8.54
2023-02-19,Saarland,10,00+,70,84,84,84,84,983991,7.11,8.54,8.54,8.54,8.54
2023-02-18,Saarland,10,00+,70,84,84,84,84,983991,7.11,8.54,8.54,8.54,8.54
2023-02-17,Saarland,10,00+,74,91,91,91,91,983991,7.52,9.25,9.25,9.25,9.25
2023-02-16,Saarland,10,00+,77,96,96,96,96,983991,7.83,9.76,9.76,9.76,9.76
2023-02-15,Saarland,10,00+,79,104,104,104,104,983991,8.03,10.57,10.57,10.57,10.57
2023-02-14,Saarland,10,00+,84,101,101,101,101,983991,8.54,10.26,10.26,10.26,10.26
2023-02-13,Saarland,10,00+,103,122,122,122,122,983991,10.47,12.4,12.4,12.4,12.4
2023-02-12,Saarland,10,00+,103,122,122,122,122,983991,10.47,12.4,12.4,12.4,12.4
2023-02-11,Saarland,10,00+,103,122,122,122,122,983991,10.47,12.4,12.4,12.4,12.4
2023-02-10,Saarland,10,00+,108,122,122,122,122,983991,10.98,12.4,12.4,12.4,12.4
2023-02-09,Saarland,10,00+,92,108,108,108,108,983991,9.35,10.98,10.98,10.98,10.98
2023-02-08,Saarland,10,00+,82,97,97,97,97,983991,8.33,9.86,9.86,9.86,9.86
2023-02-07,Saarland,10,00+,92,102,102,102,102,983991,9.35,10.37,10.37,10.37,10.37
2023-02-06,Saarland,10,00+,69,84,84,84,84,983991,7.01,8.54,8.54,8.54,8.54
2023-02-05,Saarland,10,00+,69,84,84,84,84,983991,7.01,8.54,8.54,8.54,8.54
2023-02-04,Saarland,10,00+,69,84,84,84,84,983991,7.01,8.54,8.54,8.54,8.54
2023-02-03,Saarland,10,00+,65,74,74,74,74,983991,6.61,7.52,7.52,7.52,7.52
2023-02-02,Saarland,10,00+,71,79,79,79,79,983991,7.22,8.03,8.03,8.03,8.03
2023-02-01,Saarland,10,00+,69,79,79,79,79,983991,7.01,8.03,8.03,8.03,8.03
2023-01-31,Saarland,10,00+,40,60,60,60,60,983991,4.07,6.1,6.1,6.1,6.1
2023-01-30,Saarland,10,00+,37,43,43,43,43,983991,3.76,4.37,4.37,4.37,4.37
2023-01-29,Saarland,10,00+,37,43,43,43,43,983991,3.76,4.37,4.37,4.37,4.37
2023-01-28,Saarland,10,00+,37,43,43,43,43,983991,3.76,4.37,4.37,4.37,4.37
2023-01-27,Saarland,10,00+,37,46,46,46,46,983991,3.76,4.67,4.67,4.67,4.67
2023-01-26,Saarland,10,00+,40,54,54,54,54,983991,4.07,5.49,5.49,5.49,5.49
2023-01-25,Saarland,10,00+,44,55,55,55,55,983991,4.47,5.59,5.59,5.59,5.59
2023-01-24,Saarland,10,00+,57,69,69,69,69,983991,5.79,7.01,7.01,7.01,7.01
2023-01-23,Saarland,10,00+,67,83,83,83,83,983991,6.81,8.44,8.44,8.44,8.44
2023-01-22,Saarland,10,00+,67,83,83,83,83,983991,6.81,8.44,8.44,8.44,8.44
2023-01-21,Saarland,10,00+,67,83,83,83,83,983991,6.81,8.44,8.44,8.44,8.44
2023-01-20,Saarland,10,00+,62,89,89,89,89,983991,6.3,9.04,9.04,9.04,9.04
2023-01-19,Saarland,10,00+,69,84,84,84,84,983991,7.01,8.54,8.54,8.54,8.54
2023-01-18,Saarland,10,00+,75,94,94,94,94,983991,7.62,9.55,9.55,9.55,9.55
2023-01-17,Saarland,10,00+,88,99,99,99,99,983991,8.94,10.06,10.06,10.06,10.06
2023-01-16,Saarland,10,00+,74,90,90,90,90,983991,7.52,9.15,9.15,9.15,9.15
2023-01-15,Saarland,10,00+,74,90,90,90,90,983991,7.52,9.15,9.15,9.15,9.15
2023-01-14,Saarland,10,00+,74,90,90,90,90,983991,7.52,9.15,9.15,9.15,9.15
2023-01-13,Saarland,10,00+,72,94,94,94,94,983991,7.32,9.55,9.55,9.55,9.55
2023-01-12,Saarland,10,00+,76,101,101,101,101,983991,7.72,10.26,10.26,10.26,10.26
2023-01-11,Saarland,10,00+,81,100,100,100,100,983991,8.23,10.16,10.16,10.16,10.16
2023-01-10,Saarland,10,00+,86,108,108,108,108,983991,8.74,10.98,10.98,10.98,10.98
2023-01-09,Saarland,10,00+,117,135,135,135,135,983991,11.89,13.72,13.72,13.72,13.72
2023-01-08,Saarland,10,00+,117,135,135,135,135,983991,11.89,13.72,13.72,13.72,13.72
2023-01-07,Saarland,10,00+,117,0,0,0,0,983991,11.89,0,0,0,0
2023-01-06,Saarland,10,00+,110,0,0,0,0,983991,11.18,0,0,0,0
2023-01-05,Saarland,10,00+,95,0,0,0,0,983991,9.65,0,0,0,0
2023-01-04,Saarland,10,00+,62,0,0,0,0,983991,6.3,0,0,0,0
2023-01-03,Saarland,10,00+,70,0,0,0,0,983991,7.11,0,0,0,0
2023-01-02,Saarland,10,00+,42,0,0,0,0,983991,4.27,0,0,0,0
2023-12-23,Berlin,11,00+,502,502,NA,NA,NA,3664088,13.7,13.7,NA,NA,NA
2023-12-22,Berlin,11,00+,513,548,NA,NA,NA,3664088,14,14.96,NA,NA,NA
2023-12-21,Berlin,11,00+,547,647,NA,NA,NA,3664088,14.93,17.66,NA,NA,NA
2023-12-20,Berlin,11,00+,539,676,766,752,786,3664088,14.71,18.45,20.92,20.55,21.47
2023-12-19,Berlin,11,00+,488,671,742,730,758,3664088,13.32,18.31,20.27,19.95,20.7
2023-12-18,Berlin,11,00+,485,634,683,672,696,3664088,13.24,17.3,18.64,18.34,19
2023-12-17,Berlin,11,00+,485,634,683,672,696,3664088,13.24,17.3,18.64,18.34,19
2023-12-16,Berlin,11,00+,485,634,683,672,696,3664088,13.24,17.3,18.64,18.34,19
2023-12-15,Berlin,11,00+,480,682,726,715,739,3664088,13.1,18.61,19.82,19.53,20.18
2023-12-14,Berlin,11,00+,477,648,687,677,699,3664088,13.02,17.69,18.75,18.5,19.1
2023-12-13,Berlin,11,00+,471,703,738,729,751,3664088,12.85,19.19,20.15,19.91,20.51
2023-12-12,Berlin,11,00+,495,743,773,765,786,3664088,13.51,20.28,21.12,20.89,21.47
2023-12-11,Berlin,11,00+,449,718,742,735,753,3664088,12.25,19.6,20.26,20.06,20.57
2023-12-10,Berlin,11,00+,449,718,742,735,753,3664088,12.25,19.6,20.26,20.06,20.57
2023-12-09,Berlin,11,00+,449,718,742,735,753,3664088,12.25,19.6,20.26,20.06,20.57
2023-12-08,Berlin,11,00+,420,648,667,661,677,3664088,11.46,17.69,18.22,18.06,18.5
2023-12-07,Berlin,11,00+,392,615,632,626,641,3664088,10.7,16.78,17.25,17.1,17.5
2023-12-06,Berlin,11,00+,299,533,546,541,553,3664088,8.16,14.55,14.9,14.78,15.11
2023-12-05,Berlin,11,00+,321,468,477,473,483,3664088,8.76,12.77,13.03,12.93,13.2
2023-12-04,Berlin,11,00+,384,463,470,467,476,3664088,10.48,12.64,12.84,12.75,13
2023-12-03,Berlin,11,00+,384,463,470,467,476,3664088,10.48,12.64,12.84,12.75,13
2023-12-02,Berlin,11,00+,384,463,470,467,476,3664088,10.48,12.64,12.84,12.75,13
2023-12-01,Berlin,11,00+,392,482,489,485,494,3664088,10.7,13.15,13.35,13.26,13.5
2023-11-30,Berlin,11,00+,375,471,477,474,482,3664088,10.23,12.85,13.03,12.95,13.16
2023-11-29,Berlin,11,00+,369,476,481,479,486,3664088,10.07,12.99,13.15,13.08,13.27
2023-11-28,Berlin,11,00+,409,516,521,518,525,3664088,11.16,14.08,14.22,14.16,14.33
2023-11-27,Berlin,11,00+,421,504,507,506,510,3664088,11.49,13.76,13.86,13.82,13.93
2023-11-26,Berlin,11,00+,421,504,507,506,510,3664088,11.49,13.76,13.86,13.82,13.93
2023-11-25,Berlin,11,00+,421,504,507,506,510,3664088,11.49,13.76,13.86,13.82,13.93
2023-11-24,Berlin,11,00+,388,474,477,475,479,3664088,10.59,12.94,13.02,12.99,13.08
2023-11-23,Berlin,11,00+,352,486,488,487,490,3664088,9.61,13.26,13.34,13.31,13.39
2023-11-22,Berlin,11,00+,343,465,467,466,468,3664088,9.36,12.69,12.75,12.73,12.79
2023-11-21,Berlin,11,00+,313,415,416,415,416,3664088,8.54,11.33,11.36,11.35,11.37
2023-11-20,Berlin,11,00+,358,430,430,430,430,3664088,9.77,11.74,11.75,11.75,11.76
2023-11-19,Berlin,11,00+,358,430,430,430,430,3664088,9.77,11.74,11.75,11.75,11.76
2023-11-18,Berlin,11,00+,362,434,434,434,434,3664088,9.88,11.84,11.86,11.86,11.87
2023-11-17,Berlin,11,00+,336,437,437,437,437,3664088,9.17,11.93,11.94,11.94,11.94
2023-11-16,Berlin,11,00+,327,427,427,427,427,3664088,8.92,11.65,11.66,11.66,11.66
2023-11-15,Berlin,11,00+,358,443,443,443,443,3664088,9.77,12.09,12.09,12.09,12.1
2023-11-14,Berlin,11,00+,312,433,433,433,433,3664088,8.52,11.82,11.82,11.82,11.82
2023-11-13,Berlin,11,00+,337,396,396,396,396,3664088,9.2,10.81,10.81,10.81,10.81
2023-11-12,Berlin,11,00+,337,396,396,396,396,3664088,9.2,10.81,10.81,10.81,10.81
2023-11-11,Berlin,11,00+,337,392,392,392,392,3664088,9.2,10.7,10.7,10.7,10.7
2023-11-10,Berlin,11,00+,326,387,387,387,387,3664088,8.9,10.56,10.56,10.56,10.56
2023-11-09,Berlin,11,00+,290,381,381,381,381,3664088,7.91,10.4,10.4,10.4,10.4
2023-11-08,Berlin,11,00+,302,359,359,359,359,3664088,8.24,9.8,9.8,9.8,9.8
2023-11-07,Berlin,11,00+,315,379,379,379,379,3664088,8.6,10.34,10.34,10.34,10.34
2023-11-06,Berlin,11,00+,357,427,427,427,427,3664088,9.74,11.65,11.65,11.65,11.65
2023-11-05,Berlin,11,00+,360,430,430,430,430,3664088,9.83,11.74,11.74,11.74,11.74
2023-11-04,Berlin,11,00+,360,430,430,430,430,3664088,9.83,11.74,11.74,11.74,11.74
2023-11-03,Berlin,11,00+,354,434,434,434,434,3664088,9.66,11.84,11.84,11.84,11.84
2023-11-02,Berlin,11,00+,348,434,434,434,434,3664088,9.5,11.84,11.84,11.84,11.84
2023-11-01,Berlin,11,00+,320,435,435,435,435,3664088,8.73,11.87,11.87,11.87,11.87
2023-10-31,Berlin,11,00+,290,385,385,385,385,3664088,7.91,10.51,10.51,10.51,10.51
2023-10-30,Berlin,11,00+,261,308,308,308,308,3664088,7.12,8.41,8.41,8.41,8.41
2023-10-29,Berlin,11,00+,261,305,305,305,305,3664088,7.12,8.32,8.32,8.32,8.32
2023-10-28,Berlin,11,00+,261,305,305,305,305,3664088,7.12,8.32,8.32,8.32,8.32
2023-10-27,Berlin,11,00+,206,285,285,285,285,3664088,5.62,7.78,7.78,7.78,7.78
2023-10-26,Berlin,11,00+,190,253,253,253,253,3664088,5.19,6.9,6.9,6.9,6.9
2023-10-25,Berlin,11,00+,153,215,215,215,215,3664088,4.18,5.87,5.87,5.87,5.87
2023-10-24,Berlin,11,00+,125,187,187,187,187,3664088,3.41,5.1,5.1,5.1,5.1
2023-10-23,Berlin,11,00+,116,151,151,151,151,3664088,3.17,4.12,4.12,4.12,4.12
2023-10-22,Berlin,11,00+,116,151,151,151,151,3664088,3.17,4.12,4.12,4.12,4.12
2023-10-21,Berlin,11,00+,116,151,151,151,151,3664088,3.17,4.12,4.12,4.12,4.12
2023-10-20,Berlin,11,00+,99,143,143,143,143,3664088,2.7,3.9,3.9,3.9,3.9
2023-10-19,Berlin,11,00+,99,136,136,136,136,3664088,2.7,3.71,3.71,3.71,3.71
2023-10-18,Berlin,11,00+,110,148,148,148,148,3664088,3,4.04,4.04,4.04,4.04
2023-10-17,Berlin,11,00+,113,157,157,157,157,3664088,3.08,4.28,4.28,4.28,4.28
2023-10-16,Berlin,11,00+,102,150,150,150,150,3664088,2.78,4.09,4.09,4.09,4.09
2023-10-15,Berlin,11,00+,102,150,150,150,150,3664088,2.78,4.09,4.09,4.09,4.09
2023-10-14,Berlin,11,00+,102,150,150,150,150,3664088,2.78,4.09,4.09,4.09,4.09
2023-10-13,Berlin,11,00+,93,149,149,149,149,3664088,2.54,4.07,4.07,4.07,4.07
2023-10-12,Berlin,11,00+,105,155,155,155,155,3664088,2.87,4.23,4.23,4.23,4.23
2023-10-11,Berlin,11,00+,104,145,145,145,145,3664088,2.84,3.96,3.96,3.96,3.96
2023-10-10,Berlin,11,00+,81,108,108,108,108,3664088,2.21,2.95,2.95,2.95,2.95
2023-10-09,Berlin,11,00+,88,130,130,130,130,3664088,2.4,3.55,3.55,3.55,3.55
2023-10-08,Berlin,11,00+,88,130,130,130,130,3664088,2.4,3.55,3.55,3.55,3.55
2023-10-07,Berlin,11,00+,88,130,130,130,130,3664088,2.4,3.55,3.55,3.55,3.55
2023-10-06,Berlin,11,00+,77,118,118,118,118,3664088,2.1,3.22,3.22,3.22,3.22
2023-10-05,Berlin,11,00+,53,101,101,101,101,3664088,1.45,2.76,2.76,2.76,2.76
2023-10-04,Berlin,11,00+,41,89,89,89,89,3664088,1.12,2.43,2.43,2.43,2.43
2023-10-03,Berlin,11,00+,60,108,108,108,108,3664088,1.64,2.95,2.95,2.95,2.95
2023-10-02,Berlin,11,00+,45,70,70,70,70,3664088,1.23,1.91,1.91,1.91,1.91
2023-10-01,Berlin,11,00+,45,70,70,70,70,3664088,1.23,1.91,1.91,1.91,1.91
2023-09-30,Berlin,11,00+,45,70,70,70,70,3664088,1.23,1.91,1.91,1.91,1.91
2023-09-29,Berlin,11,00+,36,61,61,61,61,3664088,0.98,1.66,1.66,1.66,1.66
2023-09-28,Berlin,11,00+,48,67,67,67,67,3664088,1.31,1.83,1.83,1.83,1.83
2023-09-27,Berlin,11,00+,59,78,78,78,78,3664088,1.61,2.13,2.13,2.13,2.13
2023-09-26,Berlin,11,00+,62,78,78,78,78,3664088,1.69,2.13,2.13,2.13,2.13
2023-09-25,Berlin,11,00+,85,102,102,102,102,3664088,2.32,2.78,2.78,2.78,2.78
2023-09-24,Berlin,11,00+,85,102,102,102,102,3664088,2.32,2.78,2.78,2.78,2.78
2023-09-23,Berlin,11,00+,85,102,102,102,102,3664088,2.32,2.78,2.78,2.78,2.78
2023-09-22,Berlin,11,00+,81,105,105,105,105,3664088,2.21,2.87,2.87,2.87,2.87
2023-09-21,Berlin,11,00+,63,100,100,100,100,3664088,1.72,2.73,2.73,2.73,2.73
2023-09-20,Berlin,11,00+,69,97,97,97,97,3664088,1.88,2.65,2.65,2.65,2.65
2023-09-19,Berlin,11,00+,76,96,96,96,96,3664088,2.07,2.62,2.62,2.62,2.62
2023-09-18,Berlin,11,00+,76,96,96,96,96,3664088,2.07,2.62,2.62,2.62,2.62
2023-09-17,Berlin,11,00+,76,96,96,96,96,3664088,2.07,2.62,2.62,2.62,2.62
2023-09-16,Berlin,11,00+,76,96,96,96,96,3664088,2.07,2.62,2.62,2.62,2.62
2023-09-15,Berlin,11,00+,85,108,108,108,108,3664088,2.32,2.95,2.95,2.95,2.95
2023-09-14,Berlin,11,00+,94,116,116,116,116,3664088,2.57,3.17,3.17,3.17,3.17
2023-09-13,Berlin,11,00+,88,106,106,106,106,3664088,2.4,2.89,2.89,2.89,2.89
2023-09-12,Berlin,11,00+,100,126,126,126,126,3664088,2.73,3.44,3.44,3.44,3.44
2023-09-11,Berlin,11,00+,96,110,110,110,110,3664088,2.62,3,3,3,3
2023-09-10,Berlin,11,00+,96,110,110,110,110,3664088,2.62,3,3,3,3
2023-09-09,Berlin,11,00+,96,110,110,110,110,3664088,2.62,3,3,3,3
2023-09-08,Berlin,11,00+,74,92,92,92,92,3664088,2.02,2.51,2.51,2.51,2.51
2023-09-07,Berlin,11,00+,64,79,79,79,79,3664088,1.75,2.16,2.16,2.16,2.16
2023-09-06,Berlin,11,00+,46,74,74,74,74,3664088,1.26,2.02,2.02,2.02,2.02
2023-09-05,Berlin,11,00+,41,57,57,57,57,3664088,1.12,1.56,1.56,1.56,1.56
2023-09-04,Berlin,11,00+,46,56,56,56,56,3664088,1.26,1.53,1.53,1.53,1.53
2023-09-03,Berlin,11,00+,46,56,56,56,56,3664088,1.26,1.53,1.53,1.53,1.53
2023-09-02,Berlin,11,00+,46,56,56,56,56,3664088,1.26,1.53,1.53,1.53,1.53
2023-09-01,Berlin,11,00+,49,62,62,62,62,3664088,1.34,1.69,1.69,1.69,1.69
2023-08-31,Berlin,11,00+,44,60,60,60,60,3664088,1.2,1.64,1.64,1.64,1.64
2023-08-30,Berlin,11,00+,39,62,62,62,62,3664088,1.06,1.69,1.69,1.69,1.69
2023-08-29,Berlin,11,00+,31,48,48,48,48,3664088,0.85,1.31,1.31,1.31,1.31
2023-08-28,Berlin,11,00+,0,48,48,48,48,3664088,0,1.31,1.31,1.31,1.31
2023-08-27,Berlin,11,00+,0,48,48,48,48,3664088,0,1.31,1.31,1.31,1.31
2023-08-26,Berlin,11,00+,0,48,48,48,48,3664088,0,1.31,1.31,1.31,1.31
2023-08-25,Berlin,11,00+,0,47,47,47,47,3664088,0,1.28,1.28,1.28,1.28
2023-08-24,Berlin,11,00+,46,52,52,52,52,3664088,1.26,1.42,1.42,1.42,1.42
2023-08-23,Berlin,11,00+,51,61,61,61,61,3664088,1.39,1.66,1.66,1.66,1.66
2023-08-22,Berlin,11,00+,54,64,64,64,64,3664088,1.47,1.75,1.75,1.75,1.75
2023-08-21,Berlin,11,00+,55,67,67,67,67,3664088,1.5,1.83,1.83,1.83,1.83
2023-08-20,Berlin,11,00+,55,67,67,67,67,3664088,1.5,1.83,1.83,1.83,1.83
2023-08-19,Berlin,11,00+,55,67,67,67,67,3664088,1.5,1.83,1.83,1.83,1.83
2023-08-18,Berlin,11,00+,42,58,58,58,58,3664088,1.15,1.58,1.58,1.58,1.58
2023-08-17,Berlin,11,00+,39,51,51,51,51,3664088,1.06,1.39,1.39,1.39,1.39
2023-08-16,Berlin,11,00+,27,37,37,37,37,3664088,0.74,1.01,1.01,1.01,1.01
2023-08-15,Berlin,11,00+,21,35,35,35,35,3664088,0.57,0.96,0.96,0.96,0.96
2023-08-14,Berlin,11,00+,14,20,20,20,20,3664088,0.38,0.55,0.55,0.55,0.55
2023-08-13,Berlin,11,00+,14,20,20,20,20,3664088,0.38,0.55,0.55,0.55,0.55
2023-08-12,Berlin,11,00+,14,20,20,20,20,3664088,0.38,0.55,0.55,0.55,0.55
2023-08-11,Berlin,11,00+,20,26,26,26,26,3664088,0.55,0.71,0.71,0.71,0.71
2023-08-10,Berlin,11,00+,26,32,32,32,32,3664088,0.71,0.87,0.87,0.87,0.87
2023-08-09,Berlin,11,00+,28,38,38,38,38,3664088,0.76,1.04,1.04,1.04,1.04
2023-08-08,Berlin,11,00+,31,40,40,40,40,3664088,0.85,1.09,1.09,1.09,1.09
2023-08-07,Berlin,11,00+,26,40,40,40,40,3664088,0.71,1.09,1.09,1.09,1.09
2023-08-06,Berlin,11,00+,26,40,40,40,40,3664088,0.71,1.09,1.09,1.09,1.09
2023-08-05,Berlin,11,00+,26,40,40,40,40,3664088,0.71,1.09,1.09,1.09,1.09
2023-08-04,Berlin,11,00+,21,40,40,40,40,3664088,0.57,1.09,1.09,1.09,1.09
2023-08-03,Berlin,11,00+,23,36,36,36,36,3664088,0.63,0.98,0.98,0.98,0.98
2023-08-02,Berlin,11,00+,27,36,36,36,36,3664088,0.74,0.98,0.98,0.98,0.98
2023-08-01,Berlin,11,00+,28,36,36,36,36,3664088,0.76,0.98,0.98,0.98,0.98
2023-07-31,Berlin,11,00+,36,45,45,45,45,3664088,0.98,1.23,1.23,1.23,1.23
2023-07-30,Berlin,11,00+,36,45,45,45,45,3664088,0.98,1.23,1.23,1.23,1.23
2023-07-29,Berlin,11,00+,36,45,45,45,45,3664088,0.98,1.23,1.23,1.23,1.23
2023-07-28,Berlin,11,00+,34,41,41,41,41,3664088,0.93,1.12,1.12,1.12,1.12
2023-07-27,Berlin,11,00+,43,48,48,48,48,3664088,1.17,1.31,1.31,1.31,1.31
2023-07-26,Berlin,11,00+,38,46,46,46,46,3664088,1.04,1.26,1.26,1.26,1.26
2023-07-25,Berlin,11,00+,29,41,41,41,41,3664088,0.79,1.12,1.12,1.12,1.12
2023-07-24,Berlin,11,00+,26,34,34,34,34,3664088,0.71,0.93,0.93,0.93,0.93
2023-07-23,Berlin,11,00+,26,34,34,34,34,3664088,0.71,0.93,0.93,0.93,0.93
2023-07-22,Berlin,11,00+,26,34,34,34,34,3664088,0.71,0.93,0.93,0.93,0.93
2023-07-21,Berlin,11,00+,20,36,36,36,36,3664088,0.55,0.98,0.98,0.98,0.98
2023-07-20,Berlin,11,00+,11,24,24,24,24,3664088,0.3,0.66,0.66,0.66,0.66
2023-07-19,Berlin,11,00+,10,20,20,20,20,3664088,0.27,0.55,0.55,0.55,0.55
2023-07-18,Berlin,11,00+,8,17,17,17,17,3664088,0.22,0.46,0.46,0.46,0.46
2023-07-17,Berlin,11,00+,11,14,14,14,14,3664088,0.3,0.38,0.38,0.38,0.38
2023-07-16,Berlin,11,00+,11,14,14,14,14,3664088,0.3,0.38,0.38,0.38,0.38
2023-07-15,Berlin,11,00+,11,14,14,14,14,3664088,0.3,0.38,0.38,0.38,0.38
2023-07-14,Berlin,11,00+,6,9,9,9,9,3664088,0.16,0.25,0.25,0.25,0.25
2023-07-13,Berlin,11,00+,6,12,12,12,12,3664088,0.16,0.33,0.33,0.33,0.33
2023-07-12,Berlin,11,00+,7,12,12,12,12,3664088,0.19,0.33,0.33,0.33,0.33
2023-07-11,Berlin,11,00+,9,13,13,13,13,3664088,0.25,0.35,0.35,0.35,0.35
2023-07-10,Berlin,11,00+,10,13,13,13,13,3664088,0.27,0.35,0.35,0.35,0.35
2023-07-09,Berlin,11,00+,10,13,13,13,13,3664088,0.27,0.35,0.35,0.35,0.35
2023-07-08,Berlin,11,00+,10,13,13,13,13,3664088,0.27,0.35,0.35,0.35,0.35
2023-07-07,Berlin,11,00+,10,13,13,13,13,3664088,0.27,0.35,0.35,0.35,0.35
2023-07-06,Berlin,11,00+,5,10,10,10,10,3664088,0.14,0.27,0.27,0.27,0.27
2023-07-05,Berlin,11,00+,10,15,15,15,15,3664088,0.27,0.41,0.41,0.41,0.41
2023-07-04,Berlin,11,00+,11,14,14,14,14,3664088,0.3,0.38,0.38,0.38,0.38
2023-07-03,Berlin,11,00+,16,18,18,18,18,3664088,0.44,0.49,0.49,0.49,0.49
2023-07-02,Berlin,11,00+,16,18,18,18,18,3664088,0.44,0.49,0.49,0.49,0.49
2023-07-01,Berlin,11,00+,16,18,18,18,18,3664088,0.44,0.49,0.49,0.49,0.49
2023-06-30,Berlin,11,00+,22,25,25,25,25,3664088,0.6,0.68,0.68,0.68,0.68
2023-06-29,Berlin,11,00+,14,27,27,27,27,3664088,0.38,0.74,0.74,0.74,0.74
2023-06-28,Berlin,11,00+,12,22,22,22,22,3664088,0.33,0.6,0.6,0.6,0.6
2023-06-27,Berlin,11,00+,17,28,28,28,28,3664088,0.46,0.76,0.76,0.76,0.76
2023-06-26,Berlin,11,00+,34,44,44,44,44,3664088,0.93,1.2,1.2,1.2,1.2
2023-06-25,Berlin,11,00+,34,44,44,44,44,3664088,0.93,1.2,1.2,1.2,1.2
2023-06-24,Berlin,11,00+,34,44,44,44,44,3664088,0.93,1.2,1.2,1.2,1.2
2023-06-23,Berlin,11,00+,52,60,60,60,60,3664088,1.42,1.64,1.64,1.64,1.64
2023-06-22,Berlin,11,00+,67,74,74,74,74,3664088,1.83,2.02,2.02,2.02,2.02
2023-06-21,Berlin,11,00+,68,80,80,80,80,3664088,1.86,2.18,2.18,2.18,2.18
2023-06-20,Berlin,11,00+,62,77,77,77,77,3664088,1.69,2.1,2.1,2.1,2.1
2023-06-19,Berlin,11,00+,50,69,69,69,69,3664088,1.36,1.88,1.88,1.88,1.88
2023-06-18,Berlin,11,00+,50,69,69,69,69,3664088,1.36,1.88,1.88,1.88,1.88
2023-06-17,Berlin,11,00+,50,69,69,69,69,3664088,1.36,1.88,1.88,1.88,1.88
2023-06-16,Berlin,11,00+,33,57,57,57,57,3664088,0.9,1.56,1.56,1.56,1.56
2023-06-15,Berlin,11,00+,38,53,53,53,53,3664088,1.04,1.45,1.45,1.45,1.45
2023-06-14,Berlin,11,00+,33,52,52,52,52,3664088,0.9,1.42,1.42,1.42,1.42
2023-06-13,Berlin,11,00+,23,49,49,49,49,3664088,0.63,1.34,1.34,1.34,1.34
2023-06-12,Berlin,11,00+,35,48,48,48,48,3664088,0.96,1.31,1.31,1.31,1.31
2023-06-11,Berlin,11,00+,35,48,48,48,48,3664088,0.96,1.31,1.31,1.31,1.31
2023-06-10,Berlin,11,00+,35,48,48,48,48,3664088,0.96,1.31,1.31,1.31,1.31
2023-06-09,Berlin,11,00+,28,38,38,38,38,3664088,0.76,1.04,1.04,1.04,1.04
2023-06-08,Berlin,11,00+,27,36,36,36,36,3664088,0.74,0.98,0.98,0.98,0.98
2023-06-07,Berlin,11,00+,29,40,40,40,40,3664088,0.79,1.09,1.09,1.09,1.09
2023-06-06,Berlin,11,00+,43,59,59,59,59,3664088,1.17,1.61,1.61,1.61,1.61
2023-06-05,Berlin,11,00+,34,44,44,44,44,3664088,0.93,1.2,1.2,1.2,1.2
2023-06-04,Berlin,11,00+,34,44,44,44,44,3664088,0.93,1.2,1.2,1.2,1.2
2023-06-03,Berlin,11,00+,34,44,44,44,44,3664088,0.93,1.2,1.2,1.2,1.2
2023-06-02,Berlin,11,00+,40,56,56,56,56,3664088,1.09,1.53,1.53,1.53,1.53
2023-06-01,Berlin,11,00+,39,54,54,54,54,3664088,1.06,1.47,1.47,1.47,1.47
2023-05-31,Berlin,11,00+,35,58,58,58,58,3664088,0.96,1.58,1.58,1.58,1.58
2023-05-30,Berlin,11,00+,32,53,53,53,53,3664088,0.87,1.45,1.45,1.45,1.45
2023-05-29,Berlin,11,00+,72,96,96,96,96,3664088,1.97,2.62,2.62,2.62,2.62
2023-05-28,Berlin,11,00+,72,96,96,96,96,3664088,1.97,2.62,2.62,2.62,2.62
2023-05-27,Berlin,11,00+,72,96,96,96,96,3664088,1.97,2.62,2.62,2.62,2.62
2023-05-26,Berlin,11,00+,73,92,92,92,92,3664088,1.99,2.51,2.51,2.51,2.51
2023-05-25,Berlin,11,00+,64,83,83,83,83,3664088,1.75,2.27,2.27,2.27,2.27
2023-05-24,Berlin,11,00+,66,89,89,89,89,3664088,1.8,2.43,2.43,2.43,2.43
2023-05-23,Berlin,11,00+,58,93,93,93,93,3664088,1.58,2.54,2.54,2.54,2.54
2023-05-22,Berlin,11,00+,67,85,85,85,85,3664088,1.83,2.32,2.32,2.32,2.32
2023-05-21,Berlin,11,00+,67,85,85,85,85,3664088,1.83,2.32,2.32,2.32,2.32
2023-05-20,Berlin,11,00+,67,85,85,85,85,3664088,1.83,2.32,2.32,2.32,2.32
2023-05-19,Berlin,11,00+,69,99,99,99,99,3664088,1.88,2.7,2.7,2.7,2.7
2023-05-18,Berlin,11,00+,75,105,105,105,105,3664088,2.05,2.87,2.87,2.87,2.87
2023-05-17,Berlin,11,00+,81,105,105,105,105,3664088,2.21,2.87,2.87,2.87,2.87
2023-05-16,Berlin,11,00+,98,119,119,119,119,3664088,2.67,3.25,3.25,3.25,3.25
2023-05-15,Berlin,11,00+,104,125,125,125,125,3664088,2.84,3.41,3.41,3.41,3.41
2023-05-14,Berlin,11,00+,104,125,125,125,125,3664088,2.84,3.41,3.41,3.41,3.41
2023-05-13,Berlin,11,00+,104,125,125,125,125,3664088,2.84,3.41,3.41,3.41,3.41
2023-05-12,Berlin,11,00+,117,129,129,129,129,3664088,3.19,3.52,3.52,3.52,3.52
2023-05-11,Berlin,11,00+,139,159,159,159,159,3664088,3.79,4.34,4.34,4.34,4.34
2023-05-10,Berlin,11,00+,120,156,156,156,156,3664088,3.28,4.26,4.26,4.26,4.26
2023-05-09,Berlin,11,00+,128,169,169,169,169,3664088,3.49,4.61,4.61,4.61,4.61
2023-05-08,Berlin,11,00+,106,129,129,129,129,3664088,2.89,3.52,3.52,3.52,3.52
2023-05-07,Berlin,11,00+,106,129,129,129,129,3664088,2.89,3.52,3.52,3.52,3.52
2023-05-06,Berlin,11,00+,106,129,129,129,129,3664088,2.89,3.52,3.52,3.52,3.52
2023-05-05,Berlin,11,00+,92,119,119,119,119,3664088,2.51,3.25,3.25,3.25,3.25
2023-05-04,Berlin,11,00+,72,104,104,104,104,3664088,1.97,2.84,2.84,2.84,2.84
2023-05-03,Berlin,11,00+,78,116,116,116,116,3664088,2.13,3.17,3.17,3.17,3.17
2023-05-02,Berlin,11,00+,88,114,114,114,114,3664088,2.4,3.11,3.11,3.11,3.11
2023-05-01,Berlin,11,00+,131,158,158,158,158,3664088,3.58,4.31,4.31,4.31,4.31
2023-04-30,Berlin,11,00+,134,161,161,161,161,3664088,3.66,4.39,4.39,4.39,4.39
2023-04-29,Berlin,11,00+,134,161,161,161,161,3664088,3.66,4.39,4.39,4.39,4.39
2023-04-28,Berlin,11,00+,128,174,174,174,174,3664088,3.49,4.75,4.75,4.75,4.75
2023-04-27,Berlin,11,00+,138,183,183,183,183,3664088,3.77,4.99,4.99,4.99,4.99
2023-04-26,Berlin,11,00+,140,195,195,195,195,3664088,3.82,5.32,5.32,5.32,5.32
2023-04-25,Berlin,11,00+,184,221,221,221,221,3664088,5.02,6.03,6.03,6.03,6.03
2023-04-24,Berlin,11,00+,204,249,249,249,249,3664088,5.57,6.8,6.8,6.8,6.8
2023-04-23,Berlin,11,00+,204,246,246,246,246,3664088,5.57,6.71,6.71,6.71,6.71
2023-04-22,Berlin,11,00+,204,246,246,246,246,3664088,5.57,6.71,6.71,6.71,6.71
2023-04-21,Berlin,11,00+,207,249,249,249,249,3664088,5.65,6.8,6.8,6.8,6.8
2023-04-20,Berlin,11,00+,221,267,267,267,267,3664088,6.03,7.29,7.29,7.29,7.29
2023-04-19,Berlin,11,00+,236,289,289,289,289,3664088,6.44,7.89,7.89,7.89,7.89
2023-04-18,Berlin,11,00+,276,363,363,363,363,3664088,7.53,9.91,9.91,9.91,9.91
2023-04-17,Berlin,11,00+,213,291,291,291,291,3664088,5.81,7.94,7.94,7.94,7.94
2023-04-16,Berlin,11,00+,213,291,291,291,291,3664088,5.81,7.94,7.94,7.94,7.94
2023-04-15,Berlin,11,00+,213,291,291,291,291,3664088,5.81,7.94,7.94,7.94,7.94
2023-04-14,Berlin,11,00+,196,260,260,260,260,3664088,5.35,7.1,7.1,7.1,7.1
2023-04-13,Berlin,11,00+,172,268,268,268,268,3664088,4.69,7.31,7.31,7.31,7.31
2023-04-12,Berlin,11,00+,135,261,261,261,261,3664088,3.68,7.12,7.12,7.12,7.12
2023-04-11,Berlin,11,00+,114,180,180,180,180,3664088,3.11,4.91,4.91,4.91,4.91
2023-04-10,Berlin,11,00+,216,294,294,294,294,3664088,5.9,8.02,8.02,8.02,8.02
2023-04-09,Berlin,11,00+,216,294,294,294,294,3664088,5.9,8.02,8.02,8.02,8.02
2023-04-08,Berlin,11,00+,216,294,294,294,294,3664088,5.9,8.02,8.02,8.02,8.02
2023-04-07,Berlin,11,00+,252,330,330,330,330,3664088,6.88,9.01,9.01,9.01,9.01
2023-04-06,Berlin,11,00+,250,323,323,323,323,3664088,6.82,8.82,8.82,8.82,8.82
2023-04-05,Berlin,11,00+,278,351,351,351,351,3664088,7.59,9.58,9.58,9.58,9.58
2023-04-04,Berlin,11,00+,252,353,353,353,353,3664088,6.88,9.63,9.63,9.63,9.63
2023-04-03,Berlin,11,00+,322,371,371,371,371,3664088,8.79,10.13,10.13,10.13,10.13
2023-04-02,Berlin,11,00+,324,375,375,375,375,3664088,8.84,10.23,10.23,10.23,10.23
2023-04-01,Berlin,11,00+,325,376,376,376,376,3664088,8.87,10.26,10.26,10.26,10.26
2023-03-31,Berlin,11,00+,318,404,404,404,404,3664088,8.68,11.03,11.03,11.03,11.03
2023-03-30,Berlin,11,00+,320,434,434,434,434,3664088,8.73,11.84,11.84,11.84,11.84
2023-03-29,Berlin,11,00+,307,445,445,445,445,3664088,8.38,12.14,12.14,12.14,12.14
2023-03-28,Berlin,11,00+,328,538,538,538,538,3664088,8.95,14.68,14.68,14.68,14.68
2023-03-27,Berlin,11,00+,396,596,596,596,596,3664088,10.81,16.27,16.27,16.27,16.27
2023-03-26,Berlin,11,00+,396,592,592,592,592,3664088,10.81,16.16,16.16,16.16,16.16
2023-03-25,Berlin,11,00+,396,591,591,591,591,3664088,10.81,16.13,16.13,16.13,16.13
2023-03-24,Berlin,11,00+,412,622,622,622,622,3664088,11.24,16.98,16.98,16.98,16.98
2023-03-23,Berlin,11,00+,409,636,636,636,636,3664088,11.16,17.36,17.36,17.36,17.36
2023-03-22,Berlin,11,00+,359,613,613,613,613,3664088,9.8,16.73,16.73,16.73,16.73
2023-03-21,Berlin,11,00+,317,558,558,558,558,3664088,8.65,15.23,15.23,15.23,15.23
2023-03-20,Berlin,11,00+,370,531,531,531,531,3664088,10.1,14.49,14.49,14.49,14.49
2023-03-19,Berlin,11,00+,372,537,537,537,537,3664088,10.15,14.66,14.66,14.66,14.66
2023-03-18,Berlin,11,00+,380,545,545,545,545,3664088,10.37,14.87,14.87,14.87,14.87
2023-03-17,Berlin,11,00+,373,535,535,535,535,3664088,10.18,14.6,14.6,14.6,14.6
2023-03-16,Berlin,11,00+,330,590,590,590,590,3664088,9.01,16.1,16.1,16.1,16.1
2023-03-15,Berlin,11,00+,330,517,517,517,517,3664088,9.01,14.11,14.11,14.11,14.11
2023-03-14,Berlin,11,00+,267,480,480,480,480,3664088,7.29,13.1,13.1,13.1,13.1
2023-03-13,Berlin,11,00+,261,421,421,421,421,3664088,7.12,11.49,11.49,11.49,11.49
2023-03-12,Berlin,11,00+,263,419,419,419,419,3664088,7.18,11.44,11.44,11.44,11.44
2023-03-11,Berlin,11,00+,266,418,418,418,418,3664088,7.26,11.41,11.41,11.41,11.41
2023-03-10,Berlin,11,00+,198,371,371,371,371,3664088,5.4,10.13,10.13,10.13,10.13
2023-03-09,Berlin,11,00+,155,275,275,275,275,3664088,4.23,7.51,7.51,7.51,7.51
2023-03-08,Berlin,11,00+,222,347,347,347,347,3664088,6.06,9.47,9.47,9.47,9.47
2023-03-07,Berlin,11,00+,212,351,351,351,351,3664088,5.79,9.58,9.58,9.58,9.58
2023-03-06,Berlin,11,00+,234,350,350,350,350,3664088,6.39,9.55,9.55,9.55,9.55
2023-03-05,Berlin,11,00+,235,347,347,347,347,3664088,6.41,9.47,9.47,9.47,9.47
2023-03-04,Berlin,11,00+,237,344,344,344,344,3664088,6.47,9.39,9.39,9.39,9.39
2023-03-03,Berlin,11,00+,236,353,353,353,353,3664088,6.44,9.63,9.63,9.63,9.63
2023-03-02,Berlin,11,00+,256,386,386,386,386,3664088,6.99,10.53,10.53,10.53,10.53
2023-03-01,Berlin,11,00+,236,369,369,369,369,3664088,6.44,10.07,10.07,10.07,10.07
2023-02-28,Berlin,11,00+,223,351,351,351,351,3664088,6.09,9.58,9.58,9.58,9.58
2023-02-27,Berlin,11,00+,222,348,348,348,348,3664088,6.06,9.5,9.5,9.5,9.5
2023-02-26,Berlin,11,00+,223,348,348,348,348,3664088,6.09,9.5,9.5,9.5,9.5
2023-02-25,Berlin,11,00+,226,347,347,347,347,3664088,6.17,9.47,9.47,9.47,9.47
2023-02-24,Berlin,11,00+,186,338,338,338,338,3664088,5.08,9.22,9.22,9.22,9.22
2023-02-23,Berlin,11,00+,179,296,296,296,296,3664088,4.89,8.08,8.08,8.08,8.08
2023-02-22,Berlin,11,00+,188,339,339,339,339,3664088,5.13,9.25,9.25,9.25,9.25
2023-02-21,Berlin,11,00+,195,343,343,343,343,3664088,5.32,9.36,9.36,9.36,9.36
2023-02-20,Berlin,11,00+,224,332,332,332,332,3664088,6.11,9.06,9.06,9.06,9.06
2023-02-19,Berlin,11,00+,224,331,331,331,331,3664088,6.11,9.03,9.03,9.03,9.03
2023-02-18,Berlin,11,00+,229,334,334,334,334,3664088,6.25,9.12,9.12,9.12,9.12
2023-02-17,Berlin,11,00+,207,344,344,344,344,3664088,5.65,9.39,9.39,9.39,9.39
2023-02-16,Berlin,11,00+,201,333,333,333,333,3664088,5.49,9.09,9.09,9.09,9.09
2023-02-15,Berlin,11,00+,176,273,273,273,273,3664088,4.8,7.45,7.45,7.45,7.45
2023-02-14,Berlin,11,00+,179,271,271,271,271,3664088,4.89,7.4,7.4,7.4,7.4
2023-02-13,Berlin,11,00+,169,261,261,261,261,3664088,4.61,7.12,7.12,7.12,7.12
2023-02-12,Berlin,11,00+,169,261,261,261,261,3664088,4.61,7.12,7.12,7.12,7.12
2023-02-11,Berlin,11,00+,169,255,255,255,255,3664088,4.61,6.96,6.96,6.96,6.96
2023-02-10,Berlin,11,00+,175,246,246,246,246,3664088,4.78,6.71,6.71,6.71,6.71
2023-02-09,Berlin,11,00+,187,264,264,264,264,3664088,5.1,7.21,7.21,7.21,7.21
2023-02-08,Berlin,11,00+,168,280,280,280,280,3664088,4.59,7.64,7.64,7.64,7.64
2023-02-07,Berlin,11,00+,163,278,278,278,278,3664088,4.45,7.59,7.59,7.59,7.59
2023-02-06,Berlin,11,00+,186,275,275,275,275,3664088,5.08,7.51,7.51,7.51,7.51
2023-02-05,Berlin,11,00+,186,276,276,276,276,3664088,5.08,7.53,7.53,7.53,7.53
2023-02-04,Berlin,11,00+,186,276,276,276,276,3664088,5.08,7.53,7.53,7.53,7.53
2023-02-03,Berlin,11,00+,159,262,262,262,262,3664088,4.34,7.15,7.15,7.15,7.15
2023-02-02,Berlin,11,00+,183,260,260,260,260,3664088,4.99,7.1,7.1,7.1,7.1
2023-02-01,Berlin,11,00+,160,238,238,238,238,3664088,4.37,6.5,6.5,6.5,6.5
2023-01-31,Berlin,11,00+,125,222,222,222,222,3664088,3.41,6.06,6.06,6.06,6.06
2023-01-30,Berlin,11,00+,161,237,237,237,237,3664088,4.39,6.47,6.47,6.47,6.47
2023-01-29,Berlin,11,00+,161,236,236,236,236,3664088,4.39,6.44,6.44,6.44,6.44
2023-01-28,Berlin,11,00+,161,236,236,236,236,3664088,4.39,6.44,6.44,6.44,6.44
2023-01-27,Berlin,11,00+,162,244,244,244,244,3664088,4.42,6.66,6.66,6.66,6.66
2023-01-26,Berlin,11,00+,154,236,236,236,236,3664088,4.2,6.44,6.44,6.44,6.44
2023-01-25,Berlin,11,00+,137,244,244,244,244,3664088,3.74,6.66,6.66,6.66,6.66
2023-01-24,Berlin,11,00+,128,258,258,258,258,3664088,3.49,7.04,7.04,7.04,7.04
2023-01-23,Berlin,11,00+,139,250,250,250,250,3664088,3.79,6.82,6.82,6.82,6.82
2023-01-22,Berlin,11,00+,139,250,250,250,250,3664088,3.79,6.82,6.82,6.82,6.82
2023-01-21,Berlin,11,00+,145,257,257,257,257,3664088,3.96,7.01,7.01,7.01,7.01
2023-01-20,Berlin,11,00+,133,262,262,262,262,3664088,3.63,7.15,7.15,7.15,7.15
2023-01-19,Berlin,11,00+,135,266,266,266,266,3664088,3.68,7.26,7.26,7.26,7.26
2023-01-18,Berlin,11,00+,132,277,277,277,277,3664088,3.6,7.56,7.56,7.56,7.56
2023-01-17,Berlin,11,00+,145,286,286,286,286,3664088,3.96,7.81,7.81,7.81,7.81
2023-01-16,Berlin,11,00+,144,301,301,301,301,3664088,3.93,8.21,8.21,8.21,8.21
2023-01-15,Berlin,11,00+,144,301,301,301,301,3664088,3.93,8.21,8.21,8.21,8.21
2023-01-14,Berlin,11,00+,144,294,294,294,294,3664088,3.93,8.02,8.02,8.02,8.02
2023-01-13,Berlin,11,00+,155,315,315,315,315,3664088,4.23,8.6,8.6,8.6,8.6
2023-01-12,Berlin,11,00+,171,342,342,342,342,3664088,4.67,9.33,9.33,9.33,9.33
2023-01-11,Berlin,11,00+,161,362,362,362,362,3664088,4.39,9.88,9.88,9.88,9.88
2023-01-10,Berlin,11,00+,207,422,422,422,422,3664088,5.65,11.52,11.52,11.52,11.52
2023-01-09,Berlin,11,00+,273,481,481,481,481,3664088,7.45,13.13,13.13,13.13,13.13
2023-01-08,Berlin,11,00+,273,481,481,481,481,3664088,7.45,13.13,13.13,13.13,13.13
2023-01-07,Berlin,11,00+,273,0,0,0,0,3664088,7.45,0,0,0,0
2023-01-06,Berlin,11,00+,268,0,0,0,0,3664088,7.31,0,0,0,0
2023-01-05,Berlin,11,00+,263,0,0,0,0,3664088,7.18,0,0,0,0
2023-01-04,Berlin,11,00+,264,0,0,0,0,3664088,7.21,0,0,0,0
2023-01-03,Berlin,11,00+,315,0,0,0,0,3664088,8.6,0,0,0,0
2023-01-02,Berlin,11,00+,210,0,0,0,0,3664088,5.73,0,0,0,0
2023-12-23,Brandenburg,12,00+,506,506,NA,NA,NA,2531071,19.99,19.99,NA,NA,NA
2023-12-22,Brandenburg,12,00+,494,535,NA,NA,NA,2531071,19.52,21.14,NA,NA,NA
2023-12-21,Brandenburg,12,00+,527,588,NA,NA,NA,2531071,20.82,23.23,NA,NA,NA
2023-12-20,Brandenburg,12,00+,502,622,698,681,713,2531071,19.83,24.57,27.58,26.94,28.21
2023-12-19,Brandenburg,12,00+,546,665,733,719,748,2531071,21.57,26.27,28.98,28.44,29.58
2023-12-18,Brandenburg,12,00+,560,687,742,730,757,2531071,22.13,27.14,29.33,28.87,29.93
2023-12-17,Brandenburg,12,00+,560,679,733,721,748,2531071,22.13,26.83,28.98,28.52,29.57
2023-12-16,Brandenburg,12,00+,567,675,728,717,743,2531071,22.4,26.67,28.79,28.34,29.37
2023-12-15,Brandenburg,12,00+,592,716,766,755,781,2531071,23.39,28.29,30.29,29.85,30.89
2023-12-14,Brandenburg,12,00+,585,710,753,744,768,2531071,23.11,28.05,29.78,29.4,30.35
2023-12-13,Brandenburg,12,00+,583,702,739,730,752,2531071,23.03,27.74,29.22,28.88,29.74
2023-12-12,Brandenburg,12,00+,504,638,666,659,677,2531071,19.91,25.21,26.34,26.07,26.79
2023-12-11,Brandenburg,12,00+,510,618,638,632,648,2531071,20.15,24.42,25.23,25.01,25.62
2023-12-10,Brandenburg,12,00+,513,621,641,635,651,2531071,20.27,24.54,25.35,25.13,25.74
2023-12-09,Brandenburg,12,00+,513,614,634,628,643,2531071,20.27,24.26,25.06,24.84,25.44
2023-12-08,Brandenburg,12,00+,504,581,598,593,607,2531071,19.91,22.95,23.64,23.44,23.98
2023-12-07,Brandenburg,12,00+,463,559,573,569,581,2531071,18.29,22.09,22.67,22.48,22.99
2023-12-06,Brandenburg,12,00+,435,520,532,527,539,2531071,17.19,20.54,21.03,20.86,21.32
2023-12-05,Brandenburg,12,00+,402,520,531,526,538,2531071,15.88,20.54,20.98,20.81,21.26
2023-12-04,Brandenburg,12,00+,406,493,501,497,507,2531071,16.04,19.48,19.8,19.66,20.05
2023-12-03,Brandenburg,12,00+,408,492,500,496,506,2531071,16.12,19.44,19.76,19.61,20.01
2023-12-02,Brandenburg,12,00+,412,497,505,501,511,2531071,16.28,19.64,19.96,19.81,20.21
2023-12-01,Brandenburg,12,00+,432,516,523,520,529,2531071,17.07,20.39,20.69,20.55,20.92
2023-11-30,Brandenburg,12,00+,408,488,494,491,499,2531071,16.12,19.28,19.54,19.42,19.74
2023-11-29,Brandenburg,12,00+,400,492,497,495,502,2531071,15.8,19.44,19.67,19.57,19.86
2023-11-28,Brandenburg,12,00+,436,514,519,516,523,2531071,17.23,20.31,20.52,20.43,20.69
2023-11-27,Brandenburg,12,00+,427,494,497,496,500,2531071,16.87,19.52,19.67,19.61,19.77
2023-11-26,Brandenburg,12,00+,429,494,497,496,500,2531071,16.95,19.52,19.67,19.61,19.77
2023-11-25,Brandenburg,12,00+,436,496,499,498,502,2531071,17.23,19.6,19.75,19.69,19.85
2023-11-24,Brandenburg,12,00+,409,468,471,469,472,2531071,16.16,18.49,18.61,18.56,18.69
2023-11-23,Brandenburg,12,00+,426,486,488,487,490,2531071,16.83,19.2,19.31,19.27,19.37
2023-11-22,Brandenburg,12,00+,401,479,481,480,482,2531071,15.84,18.92,19.01,18.98,19.06
2023-11-21,Brandenburg,12,00+,363,441,442,441,442,2531071,14.34,17.42,17.48,17.46,17.5
2023-11-20,Brandenburg,12,00+,380,439,439,439,439,2531071,15.01,17.34,17.37,17.36,17.38
2023-11-19,Brandenburg,12,00+,381,439,439,439,439,2531071,15.05,17.34,17.37,17.36,17.38
2023-11-18,Brandenburg,12,00+,381,432,432,432,432,2531071,15.05,17.07,17.09,17.09,17.1
2023-11-17,Brandenburg,12,00+,335,411,411,411,411,2531071,13.24,16.24,16.26,16.25,16.26
2023-11-16,Brandenburg,12,00+,327,391,391,391,391,2531071,12.92,15.45,15.46,15.46,15.46
2023-11-15,Brandenburg,12,00+,318,396,396,396,396,2531071,12.56,15.65,15.65,15.65,15.65
2023-11-14,Brandenburg,12,00+,296,395,395,395,395,2531071,11.69,15.61,15.61,15.61,15.61
2023-11-13,Brandenburg,12,00+,340,395,395,395,395,2531071,13.43,15.61,15.61,15.61,15.61
2023-11-12,Brandenburg,12,00+,340,393,393,393,393,2531071,13.43,15.53,15.53,15.53,15.53
2023-11-11,Brandenburg,12,00+,345,398,398,398,398,2531071,13.63,15.72,15.72,15.72,15.72
2023-11-10,Brandenburg,12,00+,318,406,406,406,406,2531071,12.56,16.04,16.04,16.04,16.04
2023-11-09,Brandenburg,12,00+,363,439,439,439,439,2531071,14.34,17.34,17.34,17.34,17.34
2023-11-08,Brandenburg,12,00+,420,524,524,524,524,2531071,16.59,20.7,20.7,20.7,20.7
2023-11-07,Brandenburg,12,00+,348,458,458,458,458,2531071,13.75,18.1,18.1,18.1,18.1
2023-11-06,Brandenburg,12,00+,300,382,382,382,382,2531071,11.85,15.09,15.09,15.09,15.09
2023-11-05,Brandenburg,12,00+,305,387,387,387,387,2531071,12.05,15.29,15.29,15.29,15.29
2023-11-04,Brandenburg,12,00+,306,383,383,383,383,2531071,12.09,15.13,15.13,15.13,15.13
2023-11-03,Brandenburg,12,00+,266,363,363,363,363,2531071,10.51,14.34,14.34,14.34,14.34
2023-11-02,Brandenburg,12,00+,227,331,331,331,331,2531071,8.97,13.08,13.08,13.08,13.08
2023-11-01,Brandenburg,12,00+,140,244,244,244,244,2531071,5.53,9.64,9.64,9.64,9.64
2023-10-31,Brandenburg,12,00+,193,293,293,293,293,2531071,7.63,11.58,11.58,11.58,11.58
2023-10-30,Brandenburg,12,00+,247,336,336,336,336,2531071,9.76,13.28,13.28,13.28,13.28
2023-10-29,Brandenburg,12,00+,248,332,332,332,332,2531071,9.8,13.12,13.12,13.12,13.12
2023-10-28,Brandenburg,12,00+,251,334,334,334,334,2531071,9.92,13.2,13.2,13.2,13.2
2023-10-27,Brandenburg,12,00+,229,332,332,332,332,2531071,9.05,13.12,13.12,13.12,13.12
2023-10-26,Brandenburg,12,00+,225,311,311,311,311,2531071,8.89,12.29,12.29,12.29,12.29
2023-10-25,Brandenburg,12,00+,219,274,274,274,274,2531071,8.65,10.83,10.83,10.83,10.83
2023-10-24,Brandenburg,12,00+,198,258,258,258,258,2531071,7.82,10.19,10.19,10.19,10.19
2023-10-23,Brandenburg,12,00+,150,200,200,200,200,2531071,5.93,7.9,7.9,7.9,7.9
2023-10-22,Brandenburg,12,00+,152,202,202,202,202,2531071,6.01,7.98,7.98,7.98,7.98
2023-10-21,Brandenburg,12,00+,153,200,200,200,200,2531071,6.04,7.9,7.9,7.9,7.9
2023-10-20,Brandenburg,12,00+,152,196,196,196,196,2531071,6.01,7.74,7.74,7.74,7.74
2023-10-19,Brandenburg,12,00+,146,184,184,184,184,2531071,5.77,7.27,7.27,7.27,7.27
2023-10-18,Brandenburg,12,00+,92,172,172,172,172,2531071,3.63,6.8,6.8,6.8,6.8
2023-10-17,Brandenburg,12,00+,110,147,147,147,147,2531071,4.35,5.81,5.81,5.81,5.81
2023-10-16,Brandenburg,12,00+,120,150,150,150,150,2531071,4.74,5.93,5.93,5.93,5.93
2023-10-15,Brandenburg,12,00+,123,150,150,150,150,2531071,4.86,5.93,5.93,5.93,5.93
2023-10-14,Brandenburg,12,00+,123,150,150,150,150,2531071,4.86,5.93,5.93,5.93,5.93
2023-10-13,Brandenburg,12,00+,129,154,154,154,154,2531071,5.1,6.08,6.08,6.08,6.08
2023-10-12,Brandenburg,12,00+,130,150,150,150,150,2531071,5.14,5.93,5.93,5.93,5.93
2023-10-11,Brandenburg,12,00+,131,164,164,164,164,2531071,5.18,6.48,6.48,6.48,6.48
2023-10-10,Brandenburg,12,00+,104,147,147,147,147,2531071,4.11,5.81,5.81,5.81,5.81
2023-10-09,Brandenburg,12,00+,75,110,110,110,110,2531071,2.96,4.35,4.35,4.35,4.35
2023-10-08,Brandenburg,12,00+,75,107,107,107,107,2531071,2.96,4.23,4.23,4.23,4.23
2023-10-07,Brandenburg,12,00+,75,106,106,106,106,2531071,2.96,4.19,4.19,4.19,4.19
2023-10-06,Brandenburg,12,00+,68,91,91,91,91,2531071,2.69,3.6,3.6,3.6,3.6
2023-10-05,Brandenburg,12,00+,57,89,89,89,89,2531071,2.25,3.52,3.52,3.52,3.52
2023-10-04,Brandenburg,12,00+,43,65,65,65,65,2531071,1.7,2.57,2.57,2.57,2.57
2023-10-03,Brandenburg,12,00+,61,85,85,85,85,2531071,2.41,3.36,3.36,3.36,3.36
2023-10-02,Brandenburg,12,00+,81,109,109,109,109,2531071,3.2,4.31,4.31,4.31,4.31
2023-10-01,Brandenburg,12,00+,81,109,109,109,109,2531071,3.2,4.31,4.31,4.31,4.31
2023-09-30,Brandenburg,12,00+,83,111,111,111,111,2531071,3.28,4.39,4.39,4.39,4.39
2023-09-29,Brandenburg,12,00+,76,104,104,104,104,2531071,3,4.11,4.11,4.11,4.11
2023-09-28,Brandenburg,12,00+,80,97,97,97,97,2531071,3.16,3.83,3.83,3.83,3.83
2023-09-27,Brandenburg,12,00+,72,96,96,96,96,2531071,2.84,3.79,3.79,3.79,3.79
2023-09-26,Brandenburg,12,00+,72,101,101,101,101,2531071,2.84,3.99,3.99,3.99,3.99
2023-09-25,Brandenburg,12,00+,82,96,96,96,96,2531071,3.24,3.79,3.79,3.79,3.79
2023-09-24,Brandenburg,12,00+,84,98,98,98,98,2531071,3.32,3.87,3.87,3.87,3.87
2023-09-23,Brandenburg,12,00+,84,96,96,96,96,2531071,3.32,3.79,3.79,3.79,3.79
2023-09-22,Brandenburg,12,00+,84,96,96,96,96,2531071,3.32,3.79,3.79,3.79,3.79
2023-09-21,Brandenburg,12,00+,89,99,99,99,99,2531071,3.52,3.91,3.91,3.91,3.91
2023-09-20,Brandenburg,12,00+,81,100,100,100,100,2531071,3.2,3.95,3.95,3.95,3.95
2023-09-19,Brandenburg,12,00+,80,95,95,95,95,2531071,3.16,3.75,3.75,3.75,3.75
2023-09-18,Brandenburg,12,00+,64,80,80,80,80,2531071,2.53,3.16,3.16,3.16,3.16
2023-09-17,Brandenburg,12,00+,65,79,79,79,79,2531071,2.57,3.12,3.12,3.12,3.12
2023-09-16,Brandenburg,12,00+,65,79,79,79,79,2531071,2.57,3.12,3.12,3.12,3.12
2023-09-15,Brandenburg,12,00+,64,81,81,81,81,2531071,2.53,3.2,3.2,3.2,3.2
2023-09-14,Brandenburg,12,00+,66,81,81,81,81,2531071,2.61,3.2,3.2,3.2,3.2
2023-09-13,Brandenburg,12,00+,66,80,80,80,80,2531071,2.61,3.16,3.16,3.16,3.16
2023-09-12,Brandenburg,12,00+,62,72,72,72,72,2531071,2.45,2.84,2.84,2.84,2.84
2023-09-11,Brandenburg,12,00+,59,65,65,65,65,2531071,2.33,2.57,2.57,2.57,2.57
2023-09-10,Brandenburg,12,00+,59,64,64,64,64,2531071,2.33,2.53,2.53,2.53,2.53
2023-09-09,Brandenburg,12,00+,59,64,64,64,64,2531071,2.33,2.53,2.53,2.53,2.53
2023-09-08,Brandenburg,12,00+,53,62,62,62,62,2531071,2.09,2.45,2.45,2.45,2.45
2023-09-07,Brandenburg,12,00+,42,52,52,52,52,2531071,1.66,2.05,2.05,2.05,2.05
2023-09-06,Brandenburg,12,00+,35,46,46,46,46,2531071,1.38,1.82,1.82,1.82,1.82
2023-09-05,Brandenburg,12,00+,28,39,39,39,39,2531071,1.11,1.54,1.54,1.54,1.54
2023-09-04,Brandenburg,12,00+,33,39,39,39,39,2531071,1.3,1.54,1.54,1.54,1.54
2023-09-03,Brandenburg,12,00+,33,39,39,39,39,2531071,1.3,1.54,1.54,1.54,1.54
2023-09-02,Brandenburg,12,00+,33,39,39,39,39,2531071,1.3,1.54,1.54,1.54,1.54
2023-09-01,Brandenburg,12,00+,30,36,36,36,36,2531071,1.19,1.42,1.42,1.42,1.42
2023-08-31,Brandenburg,12,00+,26,36,36,36,36,2531071,1.03,1.42,1.42,1.42,1.42
2023-08-30,Brandenburg,12,00+,25,39,39,39,39,2531071,0.99,1.54,1.54,1.54,1.54
2023-08-29,Brandenburg,12,00+,28,41,41,41,41,2531071,1.11,1.62,1.62,1.62,1.62
2023-08-28,Brandenburg,12,00+,0,39,39,39,39,2531071,0,1.54,1.54,1.54,1.54
2023-08-27,Brandenburg,12,00+,0,39,39,39,39,2531071,0,1.54,1.54,1.54,1.54
2023-08-26,Brandenburg,12,00+,0,39,39,39,39,2531071,0,1.54,1.54,1.54,1.54
2023-08-25,Brandenburg,12,00+,0,34,34,34,34,2531071,0,1.34,1.34,1.34,1.34
2023-08-24,Brandenburg,12,00+,24,31,31,31,31,2531071,0.95,1.22,1.22,1.22,1.22
2023-08-23,Brandenburg,12,00+,16,22,22,22,22,2531071,0.63,0.87,0.87,0.87,0.87
2023-08-22,Brandenburg,12,00+,14,20,20,20,20,2531071,0.55,0.79,0.79,0.79,0.79
2023-08-21,Brandenburg,12,00+,25,27,27,27,27,2531071,0.99,1.07,1.07,1.07,1.07
2023-08-20,Brandenburg,12,00+,25,27,27,27,27,2531071,0.99,1.07,1.07,1.07,1.07
2023-08-19,Brandenburg,12,00+,25,27,27,27,27,2531071,0.99,1.07,1.07,1.07,1.07
2023-08-18,Brandenburg,12,00+,24,26,26,26,26,2531071,0.95,1.03,1.03,1.03,1.03
2023-08-17,Brandenburg,12,00+,22,24,24,24,24,2531071,0.87,0.95,0.95,0.95,0.95
2023-08-16,Brandenburg,12,00+,15,25,25,25,25,2531071,0.59,0.99,0.99,0.99,0.99
2023-08-15,Brandenburg,12,00+,12,21,21,21,21,2531071,0.47,0.83,0.83,0.83,0.83
2023-08-14,Brandenburg,12,00+,14,15,15,15,15,2531071,0.55,0.59,0.59,0.59,0.59
2023-08-13,Brandenburg,12,00+,15,16,16,16,16,2531071,0.59,0.63,0.63,0.63,0.63
2023-08-12,Brandenburg,12,00+,15,16,16,16,16,2531071,0.59,0.63,0.63,0.63,0.63
2023-08-11,Brandenburg,12,00+,17,18,18,18,18,2531071,0.67,0.71,0.71,0.71,0.71
2023-08-10,Brandenburg,12,00+,14,17,17,17,17,2531071,0.55,0.67,0.67,0.67,0.67
2023-08-09,Brandenburg,12,00+,14,16,16,16,16,2531071,0.55,0.63,0.63,0.63,0.63
2023-08-08,Brandenburg,12,00+,12,16,16,16,16,2531071,0.47,0.63,0.63,0.63,0.63
2023-08-07,Brandenburg,12,00+,14,15,15,15,15,2531071,0.55,0.59,0.59,0.59,0.59
2023-08-06,Brandenburg,12,00+,14,14,14,14,14,2531071,0.55,0.55,0.55,0.55,0.55
2023-08-05,Brandenburg,12,00+,14,14,14,14,14,2531071,0.55,0.55,0.55,0.55,0.55
2023-08-04,Brandenburg,12,00+,15,15,15,15,15,2531071,0.59,0.59,0.59,0.59,0.59
2023-08-03,Brandenburg,12,00+,16,17,17,17,17,2531071,0.63,0.67,0.67,0.67,0.67
2023-08-02,Brandenburg,12,00+,20,22,22,22,22,2531071,0.79,0.87,0.87,0.87,0.87
2023-08-01,Brandenburg,12,00+,16,23,23,23,23,2531071,0.63,0.91,0.91,0.91,0.91
2023-07-31,Brandenburg,12,00+,21,24,24,24,24,2531071,0.83,0.95,0.95,0.95,0.95
2023-07-30,Brandenburg,12,00+,21,24,24,24,24,2531071,0.83,0.95,0.95,0.95,0.95
2023-07-29,Brandenburg,12,00+,22,25,25,25,25,2531071,0.87,0.99,0.99,0.99,0.99
2023-07-28,Brandenburg,12,00+,23,27,27,27,27,2531071,0.91,1.07,1.07,1.07,1.07
2023-07-27,Brandenburg,12,00+,19,26,26,26,26,2531071,0.75,1.03,1.03,1.03,1.03
2023-07-26,Brandenburg,12,00+,16,22,22,22,22,2531071,0.63,0.87,0.87,0.87,0.87
2023-07-25,Brandenburg,12,00+,14,21,21,21,21,2531071,0.55,0.83,0.83,0.83,0.83
2023-07-24,Brandenburg,12,00+,10,16,16,16,16,2531071,0.4,0.63,0.63,0.63,0.63
2023-07-23,Brandenburg,12,00+,10,16,16,16,16,2531071,0.4,0.63,0.63,0.63,0.63
2023-07-22,Brandenburg,12,00+,10,15,15,15,15,2531071,0.4,0.59,0.59,0.59,0.59
2023-07-21,Brandenburg,12,00+,9,13,13,13,13,2531071,0.36,0.51,0.51,0.51,0.51
2023-07-20,Brandenburg,12,00+,9,12,12,12,12,2531071,0.36,0.47,0.47,0.47,0.47
2023-07-19,Brandenburg,12,00+,8,12,12,12,12,2531071,0.32,0.47,0.47,0.47,0.47
2023-07-18,Brandenburg,12,00+,5,11,11,11,11,2531071,0.2,0.43,0.43,0.43,0.43
2023-07-17,Brandenburg,12,00+,8,12,12,12,12,2531071,0.32,0.47,0.47,0.47,0.47
2023-07-16,Brandenburg,12,00+,8,12,12,12,12,2531071,0.32,0.47,0.47,0.47,0.47
2023-07-15,Brandenburg,12,00+,8,12,12,12,12,2531071,0.32,0.47,0.47,0.47,0.47
2023-07-14,Brandenburg,12,00+,8,10,10,10,10,2531071,0.32,0.4,0.4,0.4,0.4
2023-07-13,Brandenburg,12,00+,9,11,11,11,11,2531071,0.36,0.43,0.43,0.43,0.43
2023-07-12,Brandenburg,12,00+,13,15,15,15,15,2531071,0.51,0.59,0.59,0.59,0.59
2023-07-11,Brandenburg,12,00+,16,19,19,19,19,2531071,0.63,0.75,0.75,0.75,0.75
2023-07-10,Brandenburg,12,00+,19,21,21,21,21,2531071,0.75,0.83,0.83,0.83,0.83
2023-07-09,Brandenburg,12,00+,19,21,21,21,21,2531071,0.75,0.83,0.83,0.83,0.83
2023-07-08,Brandenburg,12,00+,19,21,21,21,21,2531071,0.75,0.83,0.83,0.83,0.83
2023-07-07,Brandenburg,12,00+,21,25,25,25,25,2531071,0.83,0.99,0.99,0.99,0.99
2023-07-06,Brandenburg,12,00+,24,29,29,29,29,2531071,0.95,1.15,1.15,1.15,1.15
2023-07-05,Brandenburg,12,00+,20,24,24,24,24,2531071,0.79,0.95,0.95,0.95,0.95
2023-07-04,Brandenburg,12,00+,18,20,20,20,20,2531071,0.71,0.79,0.79,0.79,0.79
2023-07-03,Brandenburg,12,00+,15,18,18,18,18,2531071,0.59,0.71,0.71,0.71,0.71
2023-07-02,Brandenburg,12,00+,16,19,19,19,19,2531071,0.63,0.75,0.75,0.75,0.75
2023-07-01,Brandenburg,12,00+,16,19,19,19,19,2531071,0.63,0.75,0.75,0.75,0.75
2023-06-30,Brandenburg,12,00+,13,15,15,15,15,2531071,0.51,0.59,0.59,0.59,0.59
2023-06-29,Brandenburg,12,00+,9,13,13,13,13,2531071,0.36,0.51,0.51,0.51,0.51
2023-06-28,Brandenburg,12,00+,10,13,13,13,13,2531071,0.4,0.51,0.51,0.51,0.51
2023-06-27,Brandenburg,12,00+,14,19,19,19,19,2531071,0.55,0.75,0.75,0.75,0.75
2023-06-26,Brandenburg,12,00+,21,25,25,25,25,2531071,0.83,0.99,0.99,0.99,0.99
2023-06-25,Brandenburg,12,00+,21,24,24,24,24,2531071,0.83,0.95,0.95,0.95,0.95
2023-06-24,Brandenburg,12,00+,21,24,24,24,24,2531071,0.83,0.95,0.95,0.95,0.95
2023-06-23,Brandenburg,12,00+,20,26,26,26,26,2531071,0.79,1.03,1.03,1.03,1.03
2023-06-22,Brandenburg,12,00+,23,27,27,27,27,2531071,0.91,1.07,1.07,1.07,1.07
2023-06-21,Brandenburg,12,00+,25,31,31,31,31,2531071,0.99,1.22,1.22,1.22,1.22
2023-06-20,Brandenburg,12,00+,27,32,32,32,32,2531071,1.07,1.26,1.26,1.26,1.26
2023-06-19,Brandenburg,12,00+,22,27,27,27,27,2531071,0.87,1.07,1.07,1.07,1.07
2023-06-18,Brandenburg,12,00+,22,28,28,28,28,2531071,0.87,1.11,1.11,1.11,1.11
2023-06-17,Brandenburg,12,00+,22,28,28,28,28,2531071,0.87,1.11,1.11,1.11,1.11
2023-06-16,Brandenburg,12,00+,22,28,28,28,28,2531071,0.87,1.11,1.11,1.11,1.11
2023-06-15,Brandenburg,12,00+,20,28,28,28,28,2531071,0.79,1.11,1.11,1.11,1.11
2023-06-14,Brandenburg,12,00+,32,36,36,36,36,2531071,1.26,1.42,1.42,1.42,1.42
2023-06-13,Brandenburg,12,00+,38,43,43,43,43,2531071,1.5,1.7,1.7,1.7,1.7
2023-06-12,Brandenburg,12,00+,40,51,51,51,51,2531071,1.58,2.01,2.01,2.01,2.01
2023-06-11,Brandenburg,12,00+,40,50,50,50,50,2531071,1.58,1.98,1.98,1.98,1.98
2023-06-10,Brandenburg,12,00+,40,50,50,50,50,2531071,1.58,1.98,1.98,1.98,1.98
2023-06-09,Brandenburg,12,00+,46,56,56,56,56,2531071,1.82,2.21,2.21,2.21,2.21
2023-06-08,Brandenburg,12,00+,48,61,61,61,61,2531071,1.9,2.41,2.41,2.41,2.41
2023-06-07,Brandenburg,12,00+,49,59,59,59,59,2531071,1.94,2.33,2.33,2.33,2.33
2023-06-06,Brandenburg,12,00+,44,60,60,60,60,2531071,1.74,2.37,2.37,2.37,2.37
2023-06-05,Brandenburg,12,00+,39,46,46,46,46,2531071,1.54,1.82,1.82,1.82,1.82
2023-06-04,Brandenburg,12,00+,39,46,46,46,46,2531071,1.54,1.82,1.82,1.82,1.82
2023-06-03,Brandenburg,12,00+,39,46,46,46,46,2531071,1.54,1.82,1.82,1.82,1.82
2023-06-02,Brandenburg,12,00+,33,42,42,42,42,2531071,1.3,1.66,1.66,1.66,1.66
2023-06-01,Brandenburg,12,00+,31,41,41,41,41,2531071,1.22,1.62,1.62,1.62,1.62
2023-05-31,Brandenburg,12,00+,26,34,34,34,34,2531071,1.03,1.34,1.34,1.34,1.34
2023-05-30,Brandenburg,12,00+,32,38,38,38,38,2531071,1.26,1.5,1.5,1.5,1.5
2023-05-29,Brandenburg,12,00+,67,76,76,76,76,2531071,2.65,3,3,3,3
2023-05-28,Brandenburg,12,00+,67,76,76,76,76,2531071,2.65,3,3,3,3
2023-05-27,Brandenburg,12,00+,72,81,81,81,81,2531071,2.84,3.2,3.2,3.2,3.2
2023-05-26,Brandenburg,12,00+,74,85,85,85,85,2531071,2.92,3.36,3.36,3.36,3.36
2023-05-25,Brandenburg,12,00+,64,76,76,76,76,2531071,2.53,3,3,3,3
2023-05-24,Brandenburg,12,00+,68,85,85,85,85,2531071,2.69,3.36,3.36,3.36,3.36
2023-05-23,Brandenburg,12,00+,64,76,76,76,76,2531071,2.53,3,3,3,3
2023-05-22,Brandenburg,12,00+,52,73,73,73,73,2531071,2.05,2.88,2.88,2.88,2.88
2023-05-21,Brandenburg,12,00+,53,74,74,74,74,2531071,2.09,2.92,2.92,2.92,2.92
2023-05-20,Brandenburg,12,00+,53,69,69,69,69,2531071,2.09,2.73,2.73,2.73,2.73
2023-05-19,Brandenburg,12,00+,59,79,79,79,79,2531071,2.33,3.12,3.12,3.12,3.12
2023-05-18,Brandenburg,12,00+,72,94,94,94,94,2531071,2.84,3.71,3.71,3.71,3.71
2023-05-17,Brandenburg,12,00+,70,93,93,93,93,2531071,2.77,3.67,3.67,3.67,3.67
2023-05-16,Brandenburg,12,00+,83,108,108,108,108,2531071,3.28,4.27,4.27,4.27,4.27
2023-05-15,Brandenburg,12,00+,92,105,105,105,105,2531071,3.63,4.15,4.15,4.15,4.15
2023-05-14,Brandenburg,12,00+,92,104,104,104,104,2531071,3.63,4.11,4.11,4.11,4.11
2023-05-13,Brandenburg,12,00+,92,104,104,104,104,2531071,3.63,4.11,4.11,4.11,4.11
2023-05-12,Brandenburg,12,00+,84,98,98,98,98,2531071,3.32,3.87,3.87,3.87,3.87
2023-05-11,Brandenburg,12,00+,84,103,103,103,103,2531071,3.32,4.07,4.07,4.07,4.07
2023-05-10,Brandenburg,12,00+,81,116,116,116,116,2531071,3.2,4.58,4.58,4.58,4.58
2023-05-09,Brandenburg,12,00+,112,138,138,138,138,2531071,4.43,5.45,5.45,5.45,5.45
2023-05-08,Brandenburg,12,00+,89,106,106,106,106,2531071,3.52,4.19,4.19,4.19,4.19
2023-05-07,Brandenburg,12,00+,90,107,107,107,107,2531071,3.56,4.23,4.23,4.23,4.23
2023-05-06,Brandenburg,12,00+,91,108,108,108,108,2531071,3.6,4.27,4.27,4.27,4.27
2023-05-05,Brandenburg,12,00+,89,113,113,113,113,2531071,3.52,4.46,4.46,4.46,4.46
2023-05-04,Brandenburg,12,00+,92,117,117,117,117,2531071,3.63,4.62,4.62,4.62,4.62
2023-05-03,Brandenburg,12,00+,81,126,126,126,126,2531071,3.2,4.98,4.98,4.98,4.98
2023-05-02,Brandenburg,12,00+,93,118,118,118,118,2531071,3.67,4.66,4.66,4.66,4.66
2023-05-01,Brandenburg,12,00+,135,160,160,160,160,2531071,5.33,6.32,6.32,6.32,6.32
2023-04-30,Brandenburg,12,00+,136,160,160,160,160,2531071,5.37,6.32,6.32,6.32,6.32
2023-04-29,Brandenburg,12,00+,136,159,159,159,159,2531071,5.37,6.28,6.28,6.28,6.28
2023-04-28,Brandenburg,12,00+,144,164,164,164,164,2531071,5.69,6.48,6.48,6.48,6.48
2023-04-27,Brandenburg,12,00+,143,169,169,169,169,2531071,5.65,6.68,6.68,6.68,6.68
2023-04-26,Brandenburg,12,00+,126,165,165,165,165,2531071,4.98,6.52,6.52,6.52,6.52
2023-04-25,Brandenburg,12,00+,138,169,169,169,169,2531071,5.45,6.68,6.68,6.68,6.68
2023-04-24,Brandenburg,12,00+,151,184,184,184,184,2531071,5.97,7.27,7.27,7.27,7.27
2023-04-23,Brandenburg,12,00+,151,183,183,183,183,2531071,5.97,7.23,7.23,7.23,7.23
2023-04-22,Brandenburg,12,00+,152,184,184,184,184,2531071,6.01,7.27,7.27,7.27,7.27
2023-04-21,Brandenburg,12,00+,158,193,193,193,193,2531071,6.24,7.63,7.63,7.63,7.63
2023-04-20,Brandenburg,12,00+,152,203,203,203,203,2531071,6.01,8.02,8.02,8.02,8.02
2023-04-19,Brandenburg,12,00+,174,229,229,229,229,2531071,6.87,9.05,9.05,9.05,9.05
2023-04-18,Brandenburg,12,00+,256,318,318,318,318,2531071,10.11,12.56,12.56,12.56,12.56
2023-04-17,Brandenburg,12,00+,211,262,262,262,262,2531071,8.34,10.35,10.35,10.35,10.35
2023-04-16,Brandenburg,12,00+,217,269,269,269,269,2531071,8.57,10.63,10.63,10.63,10.63
2023-04-15,Brandenburg,12,00+,220,271,271,271,271,2531071,8.69,10.71,10.71,10.71,10.71
2023-04-14,Brandenburg,12,00+,195,241,241,241,241,2531071,7.7,9.52,9.52,9.52,9.52
2023-04-13,Brandenburg,12,00+,190,243,243,243,243,2531071,7.51,9.6,9.6,9.6,9.6
2023-04-12,Brandenburg,12,00+,138,235,235,235,235,2531071,5.45,9.28,9.28,9.28,9.28
2023-04-11,Brandenburg,12,00+,98,152,152,152,152,2531071,3.87,6.01,6.01,6.01,6.01
2023-04-10,Brandenburg,12,00+,173,234,234,234,234,2531071,6.84,9.25,9.25,9.25,9.25
2023-04-09,Brandenburg,12,00+,174,228,228,228,228,2531071,6.87,9.01,9.01,9.01,9.01
2023-04-08,Brandenburg,12,00+,174,225,225,225,225,2531071,6.87,8.89,8.89,8.89,8.89
2023-04-07,Brandenburg,12,00+,213,266,266,266,266,2531071,8.42,10.51,10.51,10.51,10.51
2023-04-06,Brandenburg,12,00+,241,288,288,288,288,2531071,9.52,11.38,11.38,11.38,11.38
2023-04-05,Brandenburg,12,00+,210,278,278,278,278,2531071,8.3,10.98,10.98,10.98,10.98
2023-04-04,Brandenburg,12,00+,193,275,275,275,275,2531071,7.63,10.86,10.86,10.86,10.86
2023-04-03,Brandenburg,12,00+,238,308,308,308,308,2531071,9.4,12.17,12.17,12.17,12.17
2023-04-02,Brandenburg,12,00+,238,307,307,307,307,2531071,9.4,12.13,12.13,12.13,12.13
2023-04-01,Brandenburg,12,00+,239,308,308,308,308,2531071,9.44,12.17,12.17,12.17,12.17
2023-03-31,Brandenburg,12,00+,237,320,320,320,320,2531071,9.36,12.64,12.64,12.64,12.64
2023-03-30,Brandenburg,12,00+,228,309,309,309,309,2531071,9.01,12.21,12.21,12.21,12.21
2023-03-29,Brandenburg,12,00+,242,326,326,326,326,2531071,9.56,12.88,12.88,12.88,12.88
2023-03-28,Brandenburg,12,00+,229,343,343,343,343,2531071,9.05,13.55,13.55,13.55,13.55
2023-03-27,Brandenburg,12,00+,273,352,352,352,352,2531071,10.79,13.91,13.91,13.91,13.91
2023-03-26,Brandenburg,12,00+,278,357,357,357,357,2531071,10.98,14.1,14.1,14.1,14.1
2023-03-25,Brandenburg,12,00+,280,358,358,358,358,2531071,11.06,14.14,14.14,14.14,14.14
2023-03-24,Brandenburg,12,00+,277,354,354,354,354,2531071,10.94,13.99,13.99,13.99,13.99
2023-03-23,Brandenburg,12,00+,291,365,365,365,365,2531071,11.5,14.42,14.42,14.42,14.42
2023-03-22,Brandenburg,12,00+,308,388,388,388,388,2531071,12.17,15.33,15.33,15.33,15.33
2023-03-21,Brandenburg,12,00+,309,402,402,402,402,2531071,12.21,15.88,15.88,15.88,15.88
2023-03-20,Brandenburg,12,00+,306,394,394,394,394,2531071,12.09,15.57,15.57,15.57,15.57
2023-03-19,Brandenburg,12,00+,306,389,389,389,389,2531071,12.09,15.37,15.37,15.37,15.37
2023-03-18,Brandenburg,12,00+,306,387,387,387,387,2531071,12.09,15.29,15.29,15.29,15.29
2023-03-17,Brandenburg,12,00+,280,382,382,382,382,2531071,11.06,15.09,15.09,15.09,15.09
2023-03-16,Brandenburg,12,00+,280,375,375,375,375,2531071,11.06,14.82,14.82,14.82,14.82
2023-03-15,Brandenburg,12,00+,226,345,345,345,345,2531071,8.93,13.63,13.63,13.63,13.63
2023-03-14,Brandenburg,12,00+,230,333,333,333,333,2531071,9.09,13.16,13.16,13.16,13.16
2023-03-13,Brandenburg,12,00+,234,295,295,295,295,2531071,9.25,11.66,11.66,11.66,11.66
2023-03-12,Brandenburg,12,00+,234,295,295,295,295,2531071,9.25,11.66,11.66,11.66,11.66
2023-03-11,Brandenburg,12,00+,238,300,300,300,300,2531071,9.4,11.85,11.85,11.85,11.85
2023-03-10,Brandenburg,12,00+,206,276,276,276,276,2531071,8.14,10.9,10.9,10.9,10.9
2023-03-09,Brandenburg,12,00+,190,250,250,250,250,2531071,7.51,9.88,9.88,9.88,9.88
2023-03-08,Brandenburg,12,00+,167,235,235,235,235,2531071,6.6,9.28,9.28,9.28,9.28
2023-03-07,Brandenburg,12,00+,151,226,226,226,226,2531071,5.97,8.93,8.93,8.93,8.93
2023-03-06,Brandenburg,12,00+,193,235,235,235,235,2531071,7.63,9.28,9.28,9.28,9.28
2023-03-05,Brandenburg,12,00+,195,238,238,238,238,2531071,7.7,9.4,9.4,9.4,9.4
2023-03-04,Brandenburg,12,00+,196,235,235,235,235,2531071,7.74,9.28,9.28,9.28,9.28
2023-03-03,Brandenburg,12,00+,193,245,245,245,245,2531071,7.63,9.68,9.68,9.68,9.68
2023-03-02,Brandenburg,12,00+,192,255,255,255,255,2531071,7.59,10.07,10.07,10.07,10.07
2023-03-01,Brandenburg,12,00+,177,245,245,245,245,2531071,6.99,9.68,9.68,9.68,9.68
2023-02-28,Brandenburg,12,00+,155,233,233,233,233,2531071,6.12,9.21,9.21,9.21,9.21
2023-02-27,Brandenburg,12,00+,141,196,196,196,196,2531071,5.57,7.74,7.74,7.74,7.74
2023-02-26,Brandenburg,12,00+,144,199,199,199,199,2531071,5.69,7.86,7.86,7.86,7.86
2023-02-25,Brandenburg,12,00+,147,200,200,200,200,2531071,5.81,7.9,7.9,7.9,7.9
2023-02-24,Brandenburg,12,00+,128,192,192,192,192,2531071,5.06,7.59,7.59,7.59,7.59
2023-02-23,Brandenburg,12,00+,142,219,219,219,219,2531071,5.61,8.65,8.65,8.65,8.65
2023-02-22,Brandenburg,12,00+,159,248,248,248,248,2531071,6.28,9.8,9.8,9.8,9.8
2023-02-21,Brandenburg,12,00+,154,241,241,241,241,2531071,6.08,9.52,9.52,9.52,9.52
2023-02-20,Brandenburg,12,00+,177,265,265,265,265,2531071,6.99,10.47,10.47,10.47,10.47
2023-02-19,Brandenburg,12,00+,179,263,263,263,263,2531071,7.07,10.39,10.39,10.39,10.39
2023-02-18,Brandenburg,12,00+,180,262,262,262,262,2531071,7.11,10.35,10.35,10.35,10.35
2023-02-17,Brandenburg,12,00+,166,266,266,266,266,2531071,6.56,10.51,10.51,10.51,10.51
2023-02-16,Brandenburg,12,00+,164,234,234,234,234,2531071,6.48,9.25,9.25,9.25,9.25
2023-02-15,Brandenburg,12,00+,139,204,204,204,204,2531071,5.49,8.06,8.06,8.06,8.06
2023-02-14,Brandenburg,12,00+,136,198,198,198,198,2531071,5.37,7.82,7.82,7.82,7.82
2023-02-13,Brandenburg,12,00+,138,174,174,174,174,2531071,5.45,6.87,6.87,6.87,6.87
2023-02-12,Brandenburg,12,00+,138,170,170,170,170,2531071,5.45,6.72,6.72,6.72,6.72
2023-02-11,Brandenburg,12,00+,138,169,169,169,169,2531071,5.45,6.68,6.68,6.68,6.68
2023-02-10,Brandenburg,12,00+,134,168,168,168,168,2531071,5.29,6.64,6.64,6.64,6.64
2023-02-09,Brandenburg,12,00+,124,163,163,163,163,2531071,4.9,6.44,6.44,6.44,6.44
2023-02-08,Brandenburg,12,00+,118,175,175,175,175,2531071,4.66,6.91,6.91,6.91,6.91
2023-02-07,Brandenburg,12,00+,110,170,170,170,170,2531071,4.35,6.72,6.72,6.72,6.72
2023-02-06,Brandenburg,12,00+,135,179,179,179,179,2531071,5.33,7.07,7.07,7.07,7.07
2023-02-05,Brandenburg,12,00+,135,179,179,179,179,2531071,5.33,7.07,7.07,7.07,7.07
2023-02-04,Brandenburg,12,00+,135,178,178,178,178,2531071,5.33,7.03,7.03,7.03,7.03
2023-02-03,Brandenburg,12,00+,127,171,171,171,171,2531071,5.02,6.76,6.76,6.76,6.76
2023-02-02,Brandenburg,12,00+,131,171,171,171,171,2531071,5.18,6.76,6.76,6.76,6.76
2023-02-01,Brandenburg,12,00+,137,164,164,164,164,2531071,5.41,6.48,6.48,6.48,6.48
2023-01-31,Brandenburg,12,00+,142,175,175,175,175,2531071,5.61,6.91,6.91,6.91,6.91
2023-01-30,Brandenburg,12,00+,133,156,156,156,156,2531071,5.25,6.16,6.16,6.16,6.16
2023-01-29,Brandenburg,12,00+,133,157,157,157,157,2531071,5.25,6.2,6.2,6.2,6.2
2023-01-28,Brandenburg,12,00+,134,158,158,158,158,2531071,5.29,6.24,6.24,6.24,6.24
2023-01-27,Brandenburg,12,00+,138,163,163,163,163,2531071,5.45,6.44,6.44,6.44,6.44
2023-01-26,Brandenburg,12,00+,126,155,155,155,155,2531071,4.98,6.12,6.12,6.12,6.12
2023-01-25,Brandenburg,12,00+,128,157,157,157,157,2531071,5.06,6.2,6.2,6.2,6.2
2023-01-24,Brandenburg,12,00+,114,162,162,162,162,2531071,4.5,6.4,6.4,6.4,6.4
2023-01-23,Brandenburg,12,00+,153,194,194,194,194,2531071,6.04,7.66,7.66,7.66,7.66
2023-01-22,Brandenburg,12,00+,156,196,196,196,196,2531071,6.16,7.74,7.74,7.74,7.74
2023-01-21,Brandenburg,12,00+,157,197,197,197,197,2531071,6.2,7.78,7.78,7.78,7.78
2023-01-20,Brandenburg,12,00+,153,200,200,200,200,2531071,6.04,7.9,7.9,7.9,7.9
2023-01-19,Brandenburg,12,00+,172,224,224,224,224,2531071,6.8,8.85,8.85,8.85,8.85
2023-01-18,Brandenburg,12,00+,182,237,237,237,237,2531071,7.19,9.36,9.36,9.36,9.36
2023-01-17,Brandenburg,12,00+,190,251,251,251,251,2531071,7.51,9.92,9.92,9.92,9.92
2023-01-16,Brandenburg,12,00+,210,262,262,262,262,2531071,8.3,10.35,10.35,10.35,10.35
2023-01-15,Brandenburg,12,00+,211,260,260,260,260,2531071,8.34,10.27,10.27,10.27,10.27
2023-01-14,Brandenburg,12,00+,214,262,262,262,262,2531071,8.45,10.35,10.35,10.35,10.35
2023-01-13,Brandenburg,12,00+,231,283,283,283,283,2531071,9.13,11.18,11.18,11.18,11.18
2023-01-12,Brandenburg,12,00+,246,312,312,312,312,2531071,9.72,12.33,12.33,12.33,12.33
2023-01-11,Brandenburg,12,00+,258,339,339,339,339,2531071,10.19,13.39,13.39,13.39,13.39
2023-01-10,Brandenburg,12,00+,308,394,394,394,394,2531071,12.17,15.57,15.57,15.57,15.57
2023-01-09,Brandenburg,12,00+,322,435,435,435,435,2531071,12.72,17.19,17.19,17.19,17.19
2023-01-08,Brandenburg,12,00+,330,443,443,443,443,2531071,13.04,17.5,17.5,17.5,17.5
2023-01-07,Brandenburg,12,00+,333,0,0,0,0,2531071,13.16,0,0,0,0
2023-01-06,Brandenburg,12,00+,312,0,0,0,0,2531071,12.33,0,0,0,0
2023-01-05,Brandenburg,12,00+,301,0,0,0,0,2531071,11.89,0,0,0,0
2023-01-04,Brandenburg,12,00+,332,0,0,0,0,2531071,13.12,0,0,0,0
2023-01-03,Brandenburg,12,00+,410,0,0,0,0,2531071,16.2,0,0,0,0
2023-01-02,Brandenburg,12,00+,313,0,0,0,0,2531071,12.37,0,0,0,0
2023-12-23,Mecklenburg-Vorpommern,13,00+,339,339,NA,NA,NA,1610774,21.05,21.05,NA,NA,NA
2023-12-22,Mecklenburg-Vorpommern,13,00+,335,398,NA,NA,NA,1610774,20.8,24.71,NA,NA,NA
2023-12-21,Mecklenburg-Vorpommern,13,00+,357,447,NA,NA,NA,1610774,22.16,27.75,NA,NA,NA
2023-12-20,Mecklenburg-Vorpommern,13,00+,323,426,495,483,509,1610774,20.05,26.45,30.79,30.03,31.62
2023-12-19,Mecklenburg-Vorpommern,13,00+,249,444,501,490,514,1610774,15.46,27.56,31.15,30.46,31.94
2023-12-18,Mecklenburg-Vorpommern,13,00+,313,406,438,431,447,1610774,19.43,25.21,27.21,26.79,27.78
2023-12-17,Mecklenburg-Vorpommern,13,00+,314,401,432,426,441,1610774,19.49,24.89,26.86,26.45,27.43
2023-12-16,Mecklenburg-Vorpommern,13,00+,317,401,432,425,441,1610774,19.68,24.89,26.85,26.44,27.42
2023-12-15,Mecklenburg-Vorpommern,13,00+,297,409,437,431,446,1610774,18.44,25.39,27.16,26.76,27.71
2023-12-14,Mecklenburg-Vorpommern,13,00+,315,385,408,402,415,1610774,19.56,23.9,25.34,24.99,25.81
2023-12-13,Mecklenburg-Vorpommern,13,00+,281,403,424,419,432,1610774,17.45,25.02,26.36,26.03,26.84
2023-12-12,Mecklenburg-Vorpommern,13,00+,239,411,429,424,436,1610774,14.84,25.52,26.65,26.35,27.1
2023-12-11,Mecklenburg-Vorpommern,13,00+,282,380,392,388,398,1610774,17.51,23.59,24.38,24.14,24.76
2023-12-10,Mecklenburg-Vorpommern,13,00+,284,381,393,389,399,1610774,17.63,23.65,24.45,24.2,24.82
2023-12-09,Mecklenburg-Vorpommern,13,00+,285,380,392,388,398,1610774,17.69,23.59,24.38,24.13,24.75
2023-12-08,Mecklenburg-Vorpommern,13,00+,252,343,353,350,358,1610774,15.64,21.29,21.94,21.73,22.27
2023-12-07,Mecklenburg-Vorpommern,13,00+,241,338,347,343,351,1610774,14.96,20.98,21.54,21.36,21.85
2023-12-06,Mecklenburg-Vorpommern,13,00+,202,333,341,338,345,1610774,12.54,20.67,21.17,21,21.46
2023-12-05,Mecklenburg-Vorpommern,13,00+,181,305,311,308,315,1610774,11.24,18.93,19.32,19.17,19.58
2023-12-04,Mecklenburg-Vorpommern,13,00+,237,303,307,305,311,1610774,14.71,18.81,19.12,18.99,19.35
2023-12-03,Mecklenburg-Vorpommern,13,00+,239,303,307,305,311,1610774,14.84,18.81,19.11,18.99,19.35
2023-12-02,Mecklenburg-Vorpommern,13,00+,244,308,312,310,316,1610774,15.15,19.12,19.43,19.3,19.66
2023-12-01,Mecklenburg-Vorpommern,13,00+,228,335,339,337,343,1610774,14.15,20.8,21.1,20.97,21.34
2023-11-30,Mecklenburg-Vorpommern,13,00+,233,323,327,325,330,1610774,14.47,20.05,20.32,20.21,20.52
2023-11-29,Mecklenburg-Vorpommern,13,00+,217,328,331,330,334,1610774,13.47,20.36,20.6,20.5,20.79
2023-11-28,Mecklenburg-Vorpommern,13,00+,194,311,314,312,316,1610774,12.04,19.31,19.51,19.42,19.67
2023-11-27,Mecklenburg-Vorpommern,13,00+,29,333,335,334,337,1610774,1.8,20.67,20.83,20.77,20.94
2023-11-26,Mecklenburg-Vorpommern,13,00+,30,334,336,335,338,1610774,1.86,20.74,20.89,20.83,21
2023-11-25,Mecklenburg-Vorpommern,13,00+,32,331,333,332,335,1610774,1.99,20.55,20.7,20.64,20.8
2023-11-24,Mecklenburg-Vorpommern,13,00+,74,327,329,328,330,1610774,4.59,20.3,20.43,20.38,20.51
2023-11-23,Mecklenburg-Vorpommern,13,00+,131,344,345,345,346,1610774,8.13,21.36,21.47,21.43,21.53
2023-11-22,Mecklenburg-Vorpommern,13,00+,187,344,345,344,346,1610774,11.61,21.36,21.44,21.41,21.49
2023-11-21,Mecklenburg-Vorpommern,13,00+,218,366,367,366,367,1610774,13.53,22.72,22.79,22.77,22.82
2023-11-20,Mecklenburg-Vorpommern,13,00+,249,344,344,344,344,1610774,15.46,21.36,21.39,21.38,21.4
2023-11-19,Mecklenburg-Vorpommern,13,00+,256,348,348,348,348,1610774,15.89,21.6,21.64,21.63,21.65
2023-11-18,Mecklenburg-Vorpommern,13,00+,259,347,347,347,347,1610774,16.08,21.54,21.58,21.57,21.59
2023-11-17,Mecklenburg-Vorpommern,13,00+,244,342,342,342,342,1610774,15.15,21.23,21.26,21.25,21.26
2023-11-16,Mecklenburg-Vorpommern,13,00+,242,341,341,341,341,1610774,15.02,21.17,21.18,21.18,21.19
2023-11-15,Mecklenburg-Vorpommern,13,00+,228,357,357,357,357,1610774,14.15,22.16,22.17,22.17,22.17
2023-11-14,Mecklenburg-Vorpommern,13,00+,197,348,348,348,348,1610774,12.23,21.6,21.61,21.61,21.61
2023-11-13,Mecklenburg-Vorpommern,13,00+,286,391,391,391,391,1610774,17.76,24.27,24.27,24.27,24.27
2023-11-12,Mecklenburg-Vorpommern,13,00+,291,389,389,389,389,1610774,18.07,24.15,24.15,24.15,24.15
2023-11-11,Mecklenburg-Vorpommern,13,00+,294,390,390,390,390,1610774,18.25,24.21,24.21,24.21,24.21
2023-11-10,Mecklenburg-Vorpommern,13,00+,264,389,389,389,389,1610774,16.39,24.15,24.15,24.15,24.15
2023-11-09,Mecklenburg-Vorpommern,13,00+,265,398,398,398,398,1610774,16.45,24.71,24.71,24.71,24.71
2023-11-08,Mecklenburg-Vorpommern,13,00+,297,420,420,420,420,1610774,18.44,26.07,26.07,26.07,26.07
2023-11-07,Mecklenburg-Vorpommern,13,00+,178,362,362,362,362,1610774,11.05,22.47,22.47,22.47,22.47
2023-11-06,Mecklenburg-Vorpommern,13,00+,177,284,284,284,284,1610774,10.99,17.63,17.63,17.63,17.63
2023-11-05,Mecklenburg-Vorpommern,13,00+,178,280,280,280,280,1610774,11.05,17.38,17.38,17.38,17.38
2023-11-04,Mecklenburg-Vorpommern,13,00+,178,276,276,276,276,1610774,11.05,17.13,17.13,17.13,17.13
2023-11-03,Mecklenburg-Vorpommern,13,00+,182,273,273,273,273,1610774,11.3,16.95,16.95,16.95,16.95
2023-11-02,Mecklenburg-Vorpommern,13,00+,101,238,238,238,238,1610774,6.27,14.78,14.78,14.78,14.78
2023-11-01,Mecklenburg-Vorpommern,13,00+,79,167,167,167,167,1610774,4.9,10.37,10.37,10.37,10.37
2023-10-31,Mecklenburg-Vorpommern,13,00+,108,201,201,201,201,1610774,6.7,12.48,12.48,12.48,12.48
2023-10-30,Mecklenburg-Vorpommern,13,00+,140,222,222,222,222,1610774,8.69,13.78,13.78,13.78,13.78
2023-10-29,Mecklenburg-Vorpommern,13,00+,140,221,221,221,221,1610774,8.69,13.72,13.72,13.72,13.72
2023-10-28,Mecklenburg-Vorpommern,13,00+,144,225,225,225,225,1610774,8.94,13.97,13.97,13.97,13.97
2023-10-27,Mecklenburg-Vorpommern,13,00+,123,191,191,191,191,1610774,7.64,11.86,11.86,11.86,11.86
2023-10-26,Mecklenburg-Vorpommern,13,00+,120,180,180,180,180,1610774,7.45,11.17,11.17,11.17,11.17
2023-10-25,Mecklenburg-Vorpommern,13,00+,106,178,178,178,178,1610774,6.58,11.05,11.05,11.05,11.05
2023-10-24,Mecklenburg-Vorpommern,13,00+,57,159,159,159,159,1610774,3.54,9.87,9.87,9.87,9.87
2023-10-23,Mecklenburg-Vorpommern,13,00+,79,112,112,112,112,1610774,4.9,6.95,6.95,6.95,6.95
2023-10-22,Mecklenburg-Vorpommern,13,00+,79,115,115,115,115,1610774,4.9,7.14,7.14,7.14,7.14
2023-10-21,Mecklenburg-Vorpommern,13,00+,79,112,112,112,112,1610774,4.9,6.95,6.95,6.95,6.95
2023-10-20,Mecklenburg-Vorpommern,13,00+,67,113,113,113,113,1610774,4.16,7.02,7.02,7.02,7.02
2023-10-19,Mecklenburg-Vorpommern,13,00+,62,103,103,103,103,1610774,3.85,6.39,6.39,6.39,6.39
2023-10-18,Mecklenburg-Vorpommern,13,00+,60,95,95,95,95,1610774,3.72,5.9,5.9,5.9,5.9
2023-10-17,Mecklenburg-Vorpommern,13,00+,53,97,97,97,97,1610774,3.29,6.02,6.02,6.02,6.02
2023-10-16,Mecklenburg-Vorpommern,13,00+,67,93,93,93,93,1610774,4.16,5.77,5.77,5.77,5.77
2023-10-15,Mecklenburg-Vorpommern,13,00+,67,90,90,90,90,1610774,4.16,5.59,5.59,5.59,5.59
2023-10-14,Mecklenburg-Vorpommern,13,00+,68,90,90,90,90,1610774,4.22,5.59,5.59,5.59,5.59
2023-10-13,Mecklenburg-Vorpommern,13,00+,70,93,93,93,93,1610774,4.35,5.77,5.77,5.77,5.77
2023-10-12,Mecklenburg-Vorpommern,13,00+,67,88,88,88,88,1610774,4.16,5.46,5.46,5.46,5.46
2023-10-11,Mecklenburg-Vorpommern,13,00+,67,94,94,94,94,1610774,4.16,5.84,5.84,5.84,5.84
2023-10-10,Mecklenburg-Vorpommern,13,00+,43,77,77,77,77,1610774,2.67,4.78,4.78,4.78,4.78
2023-10-09,Mecklenburg-Vorpommern,13,00+,46,68,68,68,68,1610774,2.86,4.22,4.22,4.22,4.22
2023-10-08,Mecklenburg-Vorpommern,13,00+,46,68,68,68,68,1610774,2.86,4.22,4.22,4.22,4.22
2023-10-07,Mecklenburg-Vorpommern,13,00+,46,67,67,67,67,1610774,2.86,4.16,4.16,4.16,4.16
2023-10-06,Mecklenburg-Vorpommern,13,00+,44,69,69,69,69,1610774,2.73,4.28,4.28,4.28,4.28
2023-10-05,Mecklenburg-Vorpommern,13,00+,32,71,71,71,71,1610774,1.99,4.41,4.41,4.41,4.41
2023-10-04,Mecklenburg-Vorpommern,13,00+,30,57,57,57,57,1610774,1.86,3.54,3.54,3.54,3.54
2023-10-03,Mecklenburg-Vorpommern,13,00+,52,79,79,79,79,1610774,3.23,4.9,4.9,4.9,4.9
2023-10-02,Mecklenburg-Vorpommern,13,00+,55,78,78,78,78,1610774,3.41,4.84,4.84,4.84,4.84
2023-10-01,Mecklenburg-Vorpommern,13,00+,57,80,80,80,80,1610774,3.54,4.97,4.97,4.97,4.97
2023-09-30,Mecklenburg-Vorpommern,13,00+,58,81,81,81,81,1610774,3.6,5.03,5.03,5.03,5.03
2023-09-29,Mecklenburg-Vorpommern,13,00+,61,75,75,75,75,1610774,3.79,4.66,4.66,4.66,4.66
2023-09-28,Mecklenburg-Vorpommern,13,00+,59,68,68,68,68,1610774,3.66,4.22,4.22,4.22,4.22
2023-09-27,Mecklenburg-Vorpommern,13,00+,46,72,72,72,72,1610774,2.86,4.47,4.47,4.47,4.47
2023-09-26,Mecklenburg-Vorpommern,13,00+,36,58,58,58,58,1610774,2.23,3.6,3.6,3.6,3.6
2023-09-25,Mecklenburg-Vorpommern,13,00+,62,70,70,70,70,1610774,3.85,4.35,4.35,4.35,4.35
2023-09-24,Mecklenburg-Vorpommern,13,00+,62,68,68,68,68,1610774,3.85,4.22,4.22,4.22,4.22
2023-09-23,Mecklenburg-Vorpommern,13,00+,64,69,69,69,69,1610774,3.97,4.28,4.28,4.28,4.28
2023-09-22,Mecklenburg-Vorpommern,13,00+,60,74,74,74,74,1610774,3.72,4.59,4.59,4.59,4.59
2023-09-21,Mecklenburg-Vorpommern,13,00+,56,75,75,75,75,1610774,3.48,4.66,4.66,4.66,4.66
2023-09-20,Mecklenburg-Vorpommern,13,00+,44,70,70,70,70,1610774,2.73,4.35,4.35,4.35,4.35
2023-09-19,Mecklenburg-Vorpommern,13,00+,27,67,67,67,67,1610774,1.68,4.16,4.16,4.16,4.16
2023-09-18,Mecklenburg-Vorpommern,13,00+,20,46,46,46,46,1610774,1.24,2.86,2.86,2.86,2.86
2023-09-17,Mecklenburg-Vorpommern,13,00+,20,46,46,46,46,1610774,1.24,2.86,2.86,2.86,2.86
2023-09-16,Mecklenburg-Vorpommern,13,00+,20,44,44,44,44,1610774,1.24,2.73,2.73,2.73,2.73
2023-09-15,Mecklenburg-Vorpommern,13,00+,17,36,36,36,36,1610774,1.06,2.23,2.23,2.23,2.23
2023-09-14,Mecklenburg-Vorpommern,13,00+,31,44,44,44,44,1610774,1.92,2.73,2.73,2.73,2.73
2023-09-13,Mecklenburg-Vorpommern,13,00+,38,50,50,50,50,1610774,2.36,3.1,3.1,3.1,3.1
2023-09-12,Mecklenburg-Vorpommern,13,00+,37,52,52,52,52,1610774,2.3,3.23,3.23,3.23,3.23
2023-09-11,Mecklenburg-Vorpommern,13,00+,33,52,52,52,52,1610774,2.05,3.23,3.23,3.23,3.23
2023-09-10,Mecklenburg-Vorpommern,13,00+,33,52,52,52,52,1610774,2.05,3.23,3.23,3.23,3.23
2023-09-09,Mecklenburg-Vorpommern,13,00+,33,52,52,52,52,1610774,2.05,3.23,3.23,3.23,3.23
2023-09-08,Mecklenburg-Vorpommern,13,00+,23,47,47,47,47,1610774,1.43,2.92,2.92,2.92,2.92
2023-09-07,Mecklenburg-Vorpommern,13,00+,19,39,39,39,39,1610774,1.18,2.42,2.42,2.42,2.42
2023-09-06,Mecklenburg-Vorpommern,13,00+,17,30,30,30,30,1610774,1.06,1.86,1.86,1.86,1.86
2023-09-05,Mecklenburg-Vorpommern,13,00+,12,23,23,23,23,1610774,0.74,1.43,1.43,1.43,1.43
2023-09-04,Mecklenburg-Vorpommern,13,00+,14,20,20,20,20,1610774,0.87,1.24,1.24,1.24,1.24
2023-09-03,Mecklenburg-Vorpommern,13,00+,15,21,21,21,21,1610774,0.93,1.3,1.3,1.3,1.3
2023-09-02,Mecklenburg-Vorpommern,13,00+,15,21,21,21,21,1610774,0.93,1.3,1.3,1.3,1.3
2023-09-01,Mecklenburg-Vorpommern,13,00+,13,22,22,22,22,1610774,0.81,1.37,1.37,1.37,1.37
2023-08-31,Mecklenburg-Vorpommern,13,00+,17,21,21,21,21,1610774,1.06,1.3,1.3,1.3,1.3
2023-08-30,Mecklenburg-Vorpommern,13,00+,17,22,22,22,22,1610774,1.06,1.37,1.37,1.37,1.37
2023-08-29,Mecklenburg-Vorpommern,13,00+,18,27,27,27,27,1610774,1.12,1.68,1.68,1.68,1.68
2023-08-28,Mecklenburg-Vorpommern,13,00+,0,34,34,34,34,1610774,0,2.11,2.11,2.11,2.11
2023-08-27,Mecklenburg-Vorpommern,13,00+,0,34,34,34,34,1610774,0,2.11,2.11,2.11,2.11
2023-08-26,Mecklenburg-Vorpommern,13,00+,0,34,34,34,34,1610774,0,2.11,2.11,2.11,2.11
2023-08-25,Mecklenburg-Vorpommern,13,00+,0,37,37,37,37,1610774,0,2.3,2.3,2.3,2.3
2023-08-24,Mecklenburg-Vorpommern,13,00+,23,33,33,33,33,1610774,1.43,2.05,2.05,2.05,2.05
2023-08-23,Mecklenburg-Vorpommern,13,00+,19,34,34,34,34,1610774,1.18,2.11,2.11,2.11,2.11
2023-08-22,Mecklenburg-Vorpommern,13,00+,14,30,30,30,30,1610774,0.87,1.86,1.86,1.86,1.86
2023-08-21,Mecklenburg-Vorpommern,13,00+,15,25,25,25,25,1610774,0.93,1.55,1.55,1.55,1.55
2023-08-20,Mecklenburg-Vorpommern,13,00+,15,24,24,24,24,1610774,0.93,1.49,1.49,1.49,1.49
2023-08-19,Mecklenburg-Vorpommern,13,00+,15,24,24,24,24,1610774,0.93,1.49,1.49,1.49,1.49
2023-08-18,Mecklenburg-Vorpommern,13,00+,11,19,19,19,19,1610774,0.68,1.18,1.18,1.18,1.18
2023-08-17,Mecklenburg-Vorpommern,13,00+,10,18,18,18,18,1610774,0.62,1.12,1.12,1.12,1.12
2023-08-16,Mecklenburg-Vorpommern,13,00+,11,15,15,15,15,1610774,0.68,0.93,0.93,0.93,0.93
2023-08-15,Mecklenburg-Vorpommern,13,00+,7,15,15,15,15,1610774,0.43,0.93,0.93,0.93,0.93
2023-08-14,Mecklenburg-Vorpommern,13,00+,9,11,11,11,11,1610774,0.56,0.68,0.68,0.68,0.68
2023-08-13,Mecklenburg-Vorpommern,13,00+,9,11,11,11,11,1610774,0.56,0.68,0.68,0.68,0.68
2023-08-12,Mecklenburg-Vorpommern,13,00+,9,11,11,11,11,1610774,0.56,0.68,0.68,0.68,0.68
2023-08-11,Mecklenburg-Vorpommern,13,00+,7,12,12,12,12,1610774,0.43,0.74,0.74,0.74,0.74
2023-08-10,Mecklenburg-Vorpommern,13,00+,8,11,11,11,11,1610774,0.5,0.68,0.68,0.68,0.68
2023-08-09,Mecklenburg-Vorpommern,13,00+,9,13,13,13,13,1610774,0.56,0.81,0.81,0.81,0.81
2023-08-08,Mecklenburg-Vorpommern,13,00+,9,13,13,13,13,1610774,0.56,0.81,0.81,0.81,0.81
2023-08-07,Mecklenburg-Vorpommern,13,00+,13,17,17,17,17,1610774,0.81,1.06,1.06,1.06,1.06
2023-08-06,Mecklenburg-Vorpommern,13,00+,13,17,17,17,17,1610774,0.81,1.06,1.06,1.06,1.06
2023-08-05,Mecklenburg-Vorpommern,13,00+,13,17,17,17,17,1610774,0.81,1.06,1.06,1.06,1.06
2023-08-04,Mecklenburg-Vorpommern,13,00+,12,17,17,17,17,1610774,0.74,1.06,1.06,1.06,1.06
2023-08-03,Mecklenburg-Vorpommern,13,00+,9,19,19,19,19,1610774,0.56,1.18,1.18,1.18,1.18
2023-08-02,Mecklenburg-Vorpommern,13,00+,9,17,17,17,17,1610774,0.56,1.06,1.06,1.06,1.06
2023-08-01,Mecklenburg-Vorpommern,13,00+,7,15,15,15,15,1610774,0.43,0.93,0.93,0.93,0.93
2023-07-31,Mecklenburg-Vorpommern,13,00+,11,14,14,14,14,1610774,0.68,0.87,0.87,0.87,0.87
2023-07-30,Mecklenburg-Vorpommern,13,00+,11,14,14,14,14,1610774,0.68,0.87,0.87,0.87,0.87
2023-07-29,Mecklenburg-Vorpommern,13,00+,11,14,14,14,14,1610774,0.68,0.87,0.87,0.87,0.87
2023-07-28,Mecklenburg-Vorpommern,13,00+,10,14,14,14,14,1610774,0.62,0.87,0.87,0.87,0.87
2023-07-27,Mecklenburg-Vorpommern,13,00+,5,12,12,12,12,1610774,0.31,0.74,0.74,0.74,0.74
2023-07-26,Mecklenburg-Vorpommern,13,00+,2,11,11,11,11,1610774,0.12,0.68,0.68,0.68,0.68
2023-07-25,Mecklenburg-Vorpommern,13,00+,8,16,16,16,16,1610774,0.5,0.99,0.99,0.99,0.99
2023-07-24,Mecklenburg-Vorpommern,13,00+,12,15,15,15,15,1610774,0.74,0.93,0.93,0.93,0.93
2023-07-23,Mecklenburg-Vorpommern,13,00+,12,15,15,15,15,1610774,0.74,0.93,0.93,0.93,0.93
2023-07-22,Mecklenburg-Vorpommern,13,00+,12,15,15,15,15,1610774,0.74,0.93,0.93,0.93,0.93
2023-07-21,Mecklenburg-Vorpommern,13,00+,12,16,16,16,16,1610774,0.74,0.99,0.99,0.99,0.99
2023-07-20,Mecklenburg-Vorpommern,13,00+,11,15,15,15,15,1610774,0.68,0.93,0.93,0.93,0.93
2023-07-19,Mecklenburg-Vorpommern,13,00+,9,15,15,15,15,1610774,0.56,0.93,0.93,0.93,0.93
2023-07-18,Mecklenburg-Vorpommern,13,00+,7,12,12,12,12,1610774,0.43,0.74,0.74,0.74,0.74
2023-07-17,Mecklenburg-Vorpommern,13,00+,8,11,11,11,11,1610774,0.5,0.68,0.68,0.68,0.68
2023-07-16,Mecklenburg-Vorpommern,13,00+,8,11,11,11,11,1610774,0.5,0.68,0.68,0.68,0.68
2023-07-15,Mecklenburg-Vorpommern,13,00+,8,11,11,11,11,1610774,0.5,0.68,0.68,0.68,0.68
2023-07-14,Mecklenburg-Vorpommern,13,00+,8,8,8,8,8,1610774,0.5,0.5,0.5,0.5,0.5
2023-07-13,Mecklenburg-Vorpommern,13,00+,5,8,8,8,8,1610774,0.31,0.5,0.5,0.5,0.5
2023-07-12,Mecklenburg-Vorpommern,13,00+,2,8,8,8,8,1610774,0.12,0.5,0.5,0.5,0.5
2023-07-11,Mecklenburg-Vorpommern,13,00+,0,5,5,5,5,1610774,0,0.31,0.31,0.31,0.31
2023-07-10,Mecklenburg-Vorpommern,13,00+,0,1,1,1,1,1610774,0,0.06,0.06,0.06,0.06
2023-07-09,Mecklenburg-Vorpommern,13,00+,0,1,1,1,1,1610774,0,0.06,0.06,0.06,0.06
2023-07-08,Mecklenburg-Vorpommern,13,00+,0,1,1,1,1,1610774,0,0.06,0.06,0.06,0.06
2023-07-07,Mecklenburg-Vorpommern,13,00+,0,1,1,1,1,1610774,0,0.06,0.06,0.06,0.06
2023-07-06,Mecklenburg-Vorpommern,13,00+,0,1,1,1,1,1610774,0,0.06,0.06,0.06,0.06
2023-07-05,Mecklenburg-Vorpommern,13,00+,1,1,1,1,1,1610774,0.06,0.06,0.06,0.06,0.06
2023-07-04,Mecklenburg-Vorpommern,13,00+,3,3,3,3,3,1610774,0.19,0.19,0.19,0.19,0.19
2023-07-03,Mecklenburg-Vorpommern,13,00+,5,5,5,5,5,1610774,0.31,0.31,0.31,0.31,0.31
2023-07-02,Mecklenburg-Vorpommern,13,00+,5,5,5,5,5,1610774,0.31,0.31,0.31,0.31,0.31
2023-07-01,Mecklenburg-Vorpommern,13,00+,5,5,5,5,5,1610774,0.31,0.31,0.31,0.31,0.31
2023-06-30,Mecklenburg-Vorpommern,13,00+,6,7,7,7,7,1610774,0.37,0.43,0.43,0.43,0.43
2023-06-29,Mecklenburg-Vorpommern,13,00+,6,9,9,9,9,1610774,0.37,0.56,0.56,0.56,0.56
2023-06-28,Mecklenburg-Vorpommern,13,00+,9,13,13,13,13,1610774,0.56,0.81,0.81,0.81,0.81
2023-06-27,Mecklenburg-Vorpommern,13,00+,9,13,13,13,13,1610774,0.56,0.81,0.81,0.81,0.81
2023-06-26,Mecklenburg-Vorpommern,13,00+,13,15,15,15,15,1610774,0.81,0.93,0.93,0.93,0.93
2023-06-25,Mecklenburg-Vorpommern,13,00+,13,15,15,15,15,1610774,0.81,0.93,0.93,0.93,0.93
2023-06-24,Mecklenburg-Vorpommern,13,00+,13,16,16,16,16,1610774,0.81,0.99,0.99,0.99,0.99
2023-06-23,Mecklenburg-Vorpommern,13,00+,10,17,17,17,17,1610774,0.62,1.06,1.06,1.06,1.06
2023-06-22,Mecklenburg-Vorpommern,13,00+,9,18,18,18,18,1610774,0.56,1.12,1.12,1.12,1.12
2023-06-21,Mecklenburg-Vorpommern,13,00+,8,17,17,17,17,1610774,0.5,1.06,1.06,1.06,1.06
2023-06-20,Mecklenburg-Vorpommern,13,00+,7,17,17,17,17,1610774,0.43,1.06,1.06,1.06,1.06
2023-06-19,Mecklenburg-Vorpommern,13,00+,13,21,21,21,21,1610774,0.81,1.3,1.3,1.3,1.3
2023-06-18,Mecklenburg-Vorpommern,13,00+,14,22,22,22,22,1610774,0.87,1.37,1.37,1.37,1.37
2023-06-17,Mecklenburg-Vorpommern,13,00+,14,21,21,21,21,1610774,0.87,1.3,1.3,1.3,1.3
2023-06-16,Mecklenburg-Vorpommern,13,00+,16,24,24,24,24,1610774,0.99,1.49,1.49,1.49,1.49
2023-06-15,Mecklenburg-Vorpommern,13,00+,17,25,25,25,25,1610774,1.06,1.55,1.55,1.55,1.55
2023-06-14,Mecklenburg-Vorpommern,13,00+,18,24,24,24,24,1610774,1.12,1.49,1.49,1.49,1.49
2023-06-13,Mecklenburg-Vorpommern,13,00+,20,35,35,35,35,1610774,1.24,2.17,2.17,2.17,2.17
2023-06-12,Mecklenburg-Vorpommern,13,00+,18,30,30,30,30,1610774,1.12,1.86,1.86,1.86,1.86
2023-06-11,Mecklenburg-Vorpommern,13,00+,18,29,29,29,29,1610774,1.12,1.8,1.8,1.8,1.8
2023-06-10,Mecklenburg-Vorpommern,13,00+,18,29,29,29,29,1610774,1.12,1.8,1.8,1.8,1.8
2023-06-09,Mecklenburg-Vorpommern,13,00+,18,26,26,26,26,1610774,1.12,1.61,1.61,1.61,1.61
2023-06-08,Mecklenburg-Vorpommern,13,00+,22,30,30,30,30,1610774,1.37,1.86,1.86,1.86,1.86
2023-06-07,Mecklenburg-Vorpommern,13,00+,17,33,33,33,33,1610774,1.06,2.05,2.05,2.05,2.05
2023-06-06,Mecklenburg-Vorpommern,13,00+,23,29,29,29,29,1610774,1.43,1.8,1.8,1.8,1.8
2023-06-05,Mecklenburg-Vorpommern,13,00+,25,29,29,29,29,1610774,1.55,1.8,1.8,1.8,1.8
2023-06-04,Mecklenburg-Vorpommern,13,00+,25,29,29,29,29,1610774,1.55,1.8,1.8,1.8,1.8
2023-06-03,Mecklenburg-Vorpommern,13,00+,25,29,29,29,29,1610774,1.55,1.8,1.8,1.8,1.8
2023-06-02,Mecklenburg-Vorpommern,13,00+,19,26,26,26,26,1610774,1.18,1.61,1.61,1.61,1.61
2023-06-01,Mecklenburg-Vorpommern,13,00+,16,25,25,25,25,1610774,0.99,1.55,1.55,1.55,1.55
2023-05-31,Mecklenburg-Vorpommern,13,00+,17,24,24,24,24,1610774,1.06,1.49,1.49,1.49,1.49
2023-05-30,Mecklenburg-Vorpommern,13,00+,23,29,29,29,29,1610774,1.43,1.8,1.8,1.8,1.8
2023-05-29,Mecklenburg-Vorpommern,13,00+,36,41,41,41,41,1610774,2.23,2.55,2.55,2.55,2.55
2023-05-28,Mecklenburg-Vorpommern,13,00+,37,42,42,42,42,1610774,2.3,2.61,2.61,2.61,2.61
2023-05-27,Mecklenburg-Vorpommern,13,00+,38,43,43,43,43,1610774,2.36,2.67,2.67,2.67,2.67
2023-05-26,Mecklenburg-Vorpommern,13,00+,38,47,47,47,47,1610774,2.36,2.92,2.92,2.92,2.92
2023-05-25,Mecklenburg-Vorpommern,13,00+,34,42,42,42,42,1610774,2.11,2.61,2.61,2.61,2.61
2023-05-24,Mecklenburg-Vorpommern,13,00+,36,46,46,46,46,1610774,2.23,2.86,2.86,2.86,2.86
2023-05-23,Mecklenburg-Vorpommern,13,00+,31,41,41,41,41,1610774,1.92,2.55,2.55,2.55,2.55
2023-05-22,Mecklenburg-Vorpommern,13,00+,30,47,47,47,47,1610774,1.86,2.92,2.92,2.92,2.92
2023-05-21,Mecklenburg-Vorpommern,13,00+,30,46,46,46,46,1610774,1.86,2.86,2.86,2.86,2.86
2023-05-20,Mecklenburg-Vorpommern,13,00+,33,48,48,48,48,1610774,2.05,2.98,2.98,2.98,2.98
2023-05-19,Mecklenburg-Vorpommern,13,00+,47,58,58,58,58,1610774,2.92,3.6,3.6,3.6,3.6
2023-05-18,Mecklenburg-Vorpommern,13,00+,61,73,73,73,73,1610774,3.79,4.53,4.53,4.53,4.53
2023-05-17,Mecklenburg-Vorpommern,13,00+,57,74,74,74,74,1610774,3.54,4.59,4.59,4.59,4.59
2023-05-16,Mecklenburg-Vorpommern,13,00+,57,74,74,74,74,1610774,3.54,4.59,4.59,4.59,4.59
2023-05-15,Mecklenburg-Vorpommern,13,00+,58,75,75,75,75,1610774,3.6,4.66,4.66,4.66,4.66
2023-05-14,Mecklenburg-Vorpommern,13,00+,59,76,76,76,76,1610774,3.66,4.72,4.72,4.72,4.72
2023-05-13,Mecklenburg-Vorpommern,13,00+,61,75,75,75,75,1610774,3.79,4.66,4.66,4.66,4.66
2023-05-12,Mecklenburg-Vorpommern,13,00+,62,76,76,76,76,1610774,3.85,4.72,4.72,4.72,4.72
2023-05-11,Mecklenburg-Vorpommern,13,00+,55,72,72,72,72,1610774,3.41,4.47,4.47,4.47,4.47
2023-05-10,Mecklenburg-Vorpommern,13,00+,64,71,71,71,71,1610774,3.97,4.41,4.41,4.41,4.41
2023-05-09,Mecklenburg-Vorpommern,13,00+,79,92,92,92,92,1610774,4.9,5.71,5.71,5.71,5.71
2023-05-08,Mecklenburg-Vorpommern,13,00+,56,70,70,70,70,1610774,3.48,4.35,4.35,4.35,4.35
2023-05-07,Mecklenburg-Vorpommern,13,00+,57,70,70,70,70,1610774,3.54,4.35,4.35,4.35,4.35
2023-05-06,Mecklenburg-Vorpommern,13,00+,57,68,68,68,68,1610774,3.54,4.22,4.22,4.22,4.22
2023-05-05,Mecklenburg-Vorpommern,13,00+,50,59,59,59,59,1610774,3.1,3.66,3.66,3.66,3.66
2023-05-04,Mecklenburg-Vorpommern,13,00+,54,62,62,62,62,1610774,3.35,3.85,3.85,3.85,3.85
2023-05-03,Mecklenburg-Vorpommern,13,00+,30,62,62,62,62,1610774,1.86,3.85,3.85,3.85,3.85
2023-05-02,Mecklenburg-Vorpommern,13,00+,39,55,55,55,55,1610774,2.42,3.41,3.41,3.41,3.41
2023-05-01,Mecklenburg-Vorpommern,13,00+,70,96,96,96,96,1610774,4.35,5.96,5.96,5.96,5.96
2023-04-30,Mecklenburg-Vorpommern,13,00+,70,95,95,95,95,1610774,4.35,5.9,5.9,5.9,5.9
2023-04-29,Mecklenburg-Vorpommern,13,00+,70,95,95,95,95,1610774,4.35,5.9,5.9,5.9,5.9
2023-04-28,Mecklenburg-Vorpommern,13,00+,86,110,110,110,110,1610774,5.34,6.83,6.83,6.83,6.83
2023-04-27,Mecklenburg-Vorpommern,13,00+,95,123,123,123,123,1610774,5.9,7.64,7.64,7.64,7.64
2023-04-26,Mecklenburg-Vorpommern,13,00+,114,143,143,143,143,1610774,7.08,8.88,8.88,8.88,8.88
2023-04-25,Mecklenburg-Vorpommern,13,00+,127,153,153,153,153,1610774,7.88,9.5,9.5,9.5,9.5
2023-04-24,Mecklenburg-Vorpommern,13,00+,142,167,167,167,167,1610774,8.82,10.37,10.37,10.37,10.37
2023-04-23,Mecklenburg-Vorpommern,13,00+,142,167,167,167,167,1610774,8.82,10.37,10.37,10.37,10.37
2023-04-22,Mecklenburg-Vorpommern,13,00+,143,169,169,169,169,1610774,8.88,10.49,10.49,10.49,10.49
2023-04-21,Mecklenburg-Vorpommern,13,00+,150,175,175,175,175,1610774,9.31,10.86,10.86,10.86,10.86
2023-04-20,Mecklenburg-Vorpommern,13,00+,165,188,188,188,188,1610774,10.24,11.67,11.67,11.67,11.67
2023-04-19,Mecklenburg-Vorpommern,13,00+,163,193,193,193,193,1610774,10.12,11.98,11.98,11.98,11.98
2023-04-18,Mecklenburg-Vorpommern,13,00+,210,241,241,241,241,1610774,13.04,14.96,14.96,14.96,14.96
2023-04-17,Mecklenburg-Vorpommern,13,00+,156,189,189,189,189,1610774,9.68,11.73,11.73,11.73,11.73
2023-04-16,Mecklenburg-Vorpommern,13,00+,156,189,189,189,189,1610774,9.68,11.73,11.73,11.73,11.73
2023-04-15,Mecklenburg-Vorpommern,13,00+,159,190,190,190,190,1610774,9.87,11.8,11.8,11.8,11.8
2023-04-14,Mecklenburg-Vorpommern,13,00+,137,165,165,165,165,1610774,8.51,10.24,10.24,10.24,10.24
2023-04-13,Mecklenburg-Vorpommern,13,00+,132,152,152,152,152,1610774,8.19,9.44,9.44,9.44,9.44
2023-04-12,Mecklenburg-Vorpommern,13,00+,128,152,152,152,152,1610774,7.95,9.44,9.44,9.44,9.44
2023-04-11,Mecklenburg-Vorpommern,13,00+,101,123,123,123,123,1610774,6.27,7.64,7.64,7.64,7.64
2023-04-10,Mecklenburg-Vorpommern,13,00+,159,182,182,182,182,1610774,9.87,11.3,11.3,11.3,11.3
2023-04-09,Mecklenburg-Vorpommern,13,00+,162,185,185,185,185,1610774,10.06,11.49,11.49,11.49,11.49
2023-04-08,Mecklenburg-Vorpommern,13,00+,162,182,182,182,182,1610774,10.06,11.3,11.3,11.3,11.3
2023-04-07,Mecklenburg-Vorpommern,13,00+,193,212,212,212,212,1610774,11.98,13.16,13.16,13.16,13.16
2023-04-06,Mecklenburg-Vorpommern,13,00+,194,217,217,217,217,1610774,12.04,13.47,13.47,13.47,13.47
2023-04-05,Mecklenburg-Vorpommern,13,00+,160,224,224,224,224,1610774,9.93,13.91,13.91,13.91,13.91
2023-04-04,Mecklenburg-Vorpommern,13,00+,182,215,215,215,215,1610774,11.3,13.35,13.35,13.35,13.35
2023-04-03,Mecklenburg-Vorpommern,13,00+,198,235,235,235,235,1610774,12.29,14.59,14.59,14.59,14.59
2023-04-02,Mecklenburg-Vorpommern,13,00+,200,234,234,234,234,1610774,12.42,14.53,14.53,14.53,14.53
2023-04-01,Mecklenburg-Vorpommern,13,00+,200,234,234,234,234,1610774,12.42,14.53,14.53,14.53,14.53
2023-03-31,Mecklenburg-Vorpommern,13,00+,202,249,249,249,249,1610774,12.54,15.46,15.46,15.46,15.46
2023-03-30,Mecklenburg-Vorpommern,13,00+,224,260,260,260,260,1610774,13.91,16.14,16.14,16.14,16.14
2023-03-29,Mecklenburg-Vorpommern,13,00+,230,277,277,277,277,1610774,14.28,17.2,17.2,17.2,17.2
2023-03-28,Mecklenburg-Vorpommern,13,00+,243,295,295,295,295,1610774,15.09,18.31,18.31,18.31,18.31
2023-03-27,Mecklenburg-Vorpommern,13,00+,239,291,291,291,291,1610774,14.84,18.07,18.07,18.07,18.07
2023-03-26,Mecklenburg-Vorpommern,13,00+,239,289,289,289,289,1610774,14.84,17.94,17.94,17.94,17.94
2023-03-25,Mecklenburg-Vorpommern,13,00+,239,289,289,289,289,1610774,14.84,17.94,17.94,17.94,17.94
2023-03-24,Mecklenburg-Vorpommern,13,00+,205,267,267,267,267,1610774,12.73,16.58,16.58,16.58,16.58
2023-03-23,Mecklenburg-Vorpommern,13,00+,177,262,262,262,262,1610774,10.99,16.27,16.27,16.27,16.27
2023-03-22,Mecklenburg-Vorpommern,13,00+,185,241,241,241,241,1610774,11.49,14.96,14.96,14.96,14.96
2023-03-21,Mecklenburg-Vorpommern,13,00+,173,222,222,222,222,1610774,10.74,13.78,13.78,13.78,13.78
2023-03-20,Mecklenburg-Vorpommern,13,00+,172,205,205,205,205,1610774,10.68,12.73,12.73,12.73,12.73
2023-03-19,Mecklenburg-Vorpommern,13,00+,172,205,205,205,205,1610774,10.68,12.73,12.73,12.73,12.73
2023-03-18,Mecklenburg-Vorpommern,13,00+,172,205,205,205,205,1610774,10.68,12.73,12.73,12.73,12.73
2023-03-17,Mecklenburg-Vorpommern,13,00+,157,203,203,203,203,1610774,9.75,12.6,12.6,12.6,12.6
2023-03-16,Mecklenburg-Vorpommern,13,00+,164,196,196,196,196,1610774,10.18,12.17,12.17,12.17,12.17
2023-03-15,Mecklenburg-Vorpommern,13,00+,129,160,160,160,160,1610774,8.01,9.93,9.93,9.93,9.93
2023-03-14,Mecklenburg-Vorpommern,13,00+,112,150,150,150,150,1610774,6.95,9.31,9.31,9.31,9.31
2023-03-13,Mecklenburg-Vorpommern,13,00+,109,137,137,137,137,1610774,6.77,8.51,8.51,8.51,8.51
2023-03-12,Mecklenburg-Vorpommern,13,00+,109,137,137,137,137,1610774,6.77,8.51,8.51,8.51,8.51
2023-03-11,Mecklenburg-Vorpommern,13,00+,109,137,137,137,137,1610774,6.77,8.51,8.51,8.51,8.51
2023-03-10,Mecklenburg-Vorpommern,13,00+,101,122,122,122,122,1610774,6.27,7.57,7.57,7.57,7.57
2023-03-09,Mecklenburg-Vorpommern,13,00+,80,108,108,108,108,1610774,4.97,6.7,6.7,6.7,6.7
2023-03-08,Mecklenburg-Vorpommern,13,00+,100,127,127,127,127,1610774,6.21,7.88,7.88,7.88,7.88
2023-03-07,Mecklenburg-Vorpommern,13,00+,96,113,113,113,113,1610774,5.96,7.02,7.02,7.02,7.02
2023-03-06,Mecklenburg-Vorpommern,13,00+,88,99,99,99,99,1610774,5.46,6.15,6.15,6.15,6.15
2023-03-05,Mecklenburg-Vorpommern,13,00+,91,102,102,102,102,1610774,5.65,6.33,6.33,6.33,6.33
2023-03-04,Mecklenburg-Vorpommern,13,00+,106,117,117,117,117,1610774,6.58,7.26,7.26,7.26,7.26
2023-03-03,Mecklenburg-Vorpommern,13,00+,105,119,119,119,119,1610774,6.52,7.39,7.39,7.39,7.39
2023-03-02,Mecklenburg-Vorpommern,13,00+,103,120,120,120,120,1610774,6.39,7.45,7.45,7.45,7.45
2023-03-01,Mecklenburg-Vorpommern,13,00+,97,113,113,113,113,1610774,6.02,7.02,7.02,7.02,7.02
2023-02-28,Mecklenburg-Vorpommern,13,00+,99,116,116,116,116,1610774,6.15,7.2,7.2,7.2,7.2
2023-02-27,Mecklenburg-Vorpommern,13,00+,80,108,108,108,108,1610774,4.97,6.7,6.7,6.7,6.7
2023-02-26,Mecklenburg-Vorpommern,13,00+,84,109,109,109,109,1610774,5.21,6.77,6.77,6.77,6.77
2023-02-25,Mecklenburg-Vorpommern,13,00+,91,101,101,101,101,1610774,5.65,6.27,6.27,6.27,6.27
2023-02-24,Mecklenburg-Vorpommern,13,00+,84,102,102,102,102,1610774,5.21,6.33,6.33,6.33,6.33
2023-02-23,Mecklenburg-Vorpommern,13,00+,80,97,97,97,97,1610774,4.97,6.02,6.02,6.02,6.02
2023-02-22,Mecklenburg-Vorpommern,13,00+,84,100,100,100,100,1610774,5.21,6.21,6.21,6.21,6.21
2023-02-21,Mecklenburg-Vorpommern,13,00+,83,92,92,92,92,1610774,5.15,5.71,5.71,5.71,5.71
2023-02-20,Mecklenburg-Vorpommern,13,00+,65,84,84,84,84,1610774,4.04,5.21,5.21,5.21,5.21
2023-02-19,Mecklenburg-Vorpommern,13,00+,65,80,80,80,80,1610774,4.04,4.97,4.97,4.97,4.97
2023-02-18,Mecklenburg-Vorpommern,13,00+,67,75,75,75,75,1610774,4.16,4.66,4.66,4.66,4.66
2023-02-17,Mecklenburg-Vorpommern,13,00+,59,73,73,73,73,1610774,3.66,4.53,4.53,4.53,4.53
2023-02-16,Mecklenburg-Vorpommern,13,00+,62,76,76,76,76,1610774,3.85,4.72,4.72,4.72,4.72
2023-02-15,Mecklenburg-Vorpommern,13,00+,60,75,75,75,75,1610774,3.72,4.66,4.66,4.66,4.66
2023-02-14,Mecklenburg-Vorpommern,13,00+,63,72,72,72,72,1610774,3.91,4.47,4.47,4.47,4.47
2023-02-13,Mecklenburg-Vorpommern,13,00+,65,81,81,81,81,1610774,4.04,5.03,5.03,5.03,5.03
2023-02-12,Mecklenburg-Vorpommern,13,00+,66,82,82,82,82,1610774,4.1,5.09,5.09,5.09,5.09
2023-02-11,Mecklenburg-Vorpommern,13,00+,71,85,85,85,85,1610774,4.41,5.28,5.28,5.28,5.28
2023-02-10,Mecklenburg-Vorpommern,13,00+,75,87,87,87,87,1610774,4.66,5.4,5.4,5.4,5.4
2023-02-09,Mecklenburg-Vorpommern,13,00+,66,76,76,76,76,1610774,4.1,4.72,4.72,4.72,4.72
2023-02-08,Mecklenburg-Vorpommern,13,00+,68,78,78,78,78,1610774,4.22,4.84,4.84,4.84,4.84
2023-02-07,Mecklenburg-Vorpommern,13,00+,65,79,79,79,79,1610774,4.04,4.9,4.9,4.9,4.9
2023-02-06,Mecklenburg-Vorpommern,13,00+,61,73,73,73,73,1610774,3.79,4.53,4.53,4.53,4.53
2023-02-05,Mecklenburg-Vorpommern,13,00+,61,72,72,72,72,1610774,3.79,4.47,4.47,4.47,4.47
2023-02-04,Mecklenburg-Vorpommern,13,00+,64,70,70,70,70,1610774,3.97,4.35,4.35,4.35,4.35
2023-02-03,Mecklenburg-Vorpommern,13,00+,60,68,68,68,68,1610774,3.72,4.22,4.22,4.22,4.22
2023-02-02,Mecklenburg-Vorpommern,13,00+,66,77,77,77,77,1610774,4.1,4.78,4.78,4.78,4.78
2023-02-01,Mecklenburg-Vorpommern,13,00+,59,74,74,74,74,1610774,3.66,4.59,4.59,4.59,4.59
2023-01-31,Mecklenburg-Vorpommern,13,00+,61,79,79,79,79,1610774,3.79,4.9,4.9,4.9,4.9
2023-01-30,Mecklenburg-Vorpommern,13,00+,77,94,94,94,94,1610774,4.78,5.84,5.84,5.84,5.84
2023-01-29,Mecklenburg-Vorpommern,13,00+,78,95,95,95,95,1610774,4.84,5.9,5.9,5.9,5.9
2023-01-28,Mecklenburg-Vorpommern,13,00+,80,94,94,94,94,1610774,4.97,5.84,5.84,5.84,5.84
2023-01-27,Mecklenburg-Vorpommern,13,00+,78,94,94,94,94,1610774,4.84,5.84,5.84,5.84,5.84
2023-01-26,Mecklenburg-Vorpommern,13,00+,75,88,88,88,88,1610774,4.66,5.46,5.46,5.46,5.46
2023-01-25,Mecklenburg-Vorpommern,13,00+,71,86,86,86,86,1610774,4.41,5.34,5.34,5.34,5.34
2023-01-24,Mecklenburg-Vorpommern,13,00+,75,88,88,88,88,1610774,4.66,5.46,5.46,5.46,5.46
2023-01-23,Mecklenburg-Vorpommern,13,00+,54,70,70,70,70,1610774,3.35,4.35,4.35,4.35,4.35
2023-01-22,Mecklenburg-Vorpommern,13,00+,56,71,71,71,71,1610774,3.48,4.41,4.41,4.41,4.41
2023-01-21,Mecklenburg-Vorpommern,13,00+,61,74,74,74,74,1610774,3.79,4.59,4.59,4.59,4.59
2023-01-20,Mecklenburg-Vorpommern,13,00+,70,86,86,86,86,1610774,4.35,5.34,5.34,5.34,5.34
2023-01-19,Mecklenburg-Vorpommern,13,00+,79,89,89,89,89,1610774,4.9,5.53,5.53,5.53,5.53
2023-01-18,Mecklenburg-Vorpommern,13,00+,84,97,97,97,97,1610774,5.21,6.02,6.02,6.02,6.02
2023-01-17,Mecklenburg-Vorpommern,13,00+,95,108,108,108,108,1610774,5.9,6.7,6.7,6.7,6.7
2023-01-16,Mecklenburg-Vorpommern,13,00+,108,137,137,137,137,1610774,6.7,8.51,8.51,8.51,8.51
2023-01-15,Mecklenburg-Vorpommern,13,00+,110,137,137,137,137,1610774,6.83,8.51,8.51,8.51,8.51
2023-01-14,Mecklenburg-Vorpommern,13,00+,117,140,140,140,140,1610774,7.26,8.69,8.69,8.69,8.69
2023-01-13,Mecklenburg-Vorpommern,13,00+,127,148,148,148,148,1610774,7.88,9.19,9.19,9.19,9.19
2023-01-12,Mecklenburg-Vorpommern,13,00+,151,175,175,175,175,1610774,9.37,10.86,10.86,10.86,10.86
2023-01-11,Mecklenburg-Vorpommern,13,00+,157,187,187,187,187,1610774,9.75,11.61,11.61,11.61,11.61
2023-01-10,Mecklenburg-Vorpommern,13,00+,154,196,196,196,196,1610774,9.56,12.17,12.17,12.17,12.17
2023-01-09,Mecklenburg-Vorpommern,13,00+,160,210,210,210,210,1610774,9.93,13.04,13.04,13.04,13.04
2023-01-08,Mecklenburg-Vorpommern,13,00+,164,212,212,212,212,1610774,10.18,13.16,13.16,13.16,13.16
2023-01-07,Mecklenburg-Vorpommern,13,00+,176,0,0,0,0,1610774,10.93,0,0,0,0
2023-01-06,Mecklenburg-Vorpommern,13,00+,180,0,0,0,0,1610774,11.17,0,0,0,0
2023-01-05,Mecklenburg-Vorpommern,13,00+,203,0,0,0,0,1610774,12.6,0,0,0,0
2023-01-04,Mecklenburg-Vorpommern,13,00+,244,0,0,0,0,1610774,15.15,0,0,0,0
2023-01-03,Mecklenburg-Vorpommern,13,00+,296,0,0,0,0,1610774,18.38,0,0,0,0
2023-01-02,Mecklenburg-Vorpommern,13,00+,243,0,0,0,0,1610774,15.09,0,0,0,0
2023-12-23,Sachsen,14,00+,371,371,NA,NA,NA,4056941,9.14,9.14,NA,NA,NA
2023-12-22,Sachsen,14,00+,356,442,NA,NA,NA,4056941,8.78,10.89,NA,NA,NA
2023-12-21,Sachsen,14,00+,341,480,NA,NA,NA,4056941,8.41,11.83,NA,NA,NA
2023-12-20,Sachsen,14,00+,351,542,625,614,640,4056941,8.65,13.36,15.41,15.14,15.78
2023-12-19,Sachsen,14,00+,366,552,620,610,634,4056941,9.02,13.61,15.31,15.04,15.63
2023-12-18,Sachsen,14,00+,443,605,658,647,671,4056941,10.92,14.91,16.24,15.95,16.55
2023-12-17,Sachsen,14,00+,468,608,660,648,673,4056941,11.54,14.99,16.28,15.98,16.59
2023-12-16,Sachsen,14,00+,499,623,674,662,687,4056941,12.3,15.36,16.62,16.33,16.94
2023-12-15,Sachsen,14,00+,444,608,651,641,664,4056941,10.94,14.99,16.07,15.81,16.37
2023-12-14,Sachsen,14,00+,410,644,683,674,696,4056941,10.11,15.87,16.85,16.62,17.17
2023-12-13,Sachsen,14,00+,385,634,667,658,679,4056941,9.49,15.63,16.45,16.23,16.74
2023-12-12,Sachsen,14,00+,345,654,683,675,695,4056941,8.5,16.12,16.86,16.65,17.14
2023-12-11,Sachsen,14,00+,349,576,596,590,606,4056941,8.6,14.2,14.71,14.55,14.94
2023-12-10,Sachsen,14,00+,363,568,587,581,596,4056941,8.95,14,14.49,14.33,14.71
2023-12-09,Sachsen,14,00+,381,555,573,567,582,4056941,9.39,13.68,14.13,13.98,14.35
2023-12-08,Sachsen,14,00+,347,563,580,574,588,4056941,8.55,13.88,14.3,14.15,14.52
2023-12-07,Sachsen,14,00+,310,540,554,549,562,4056941,7.64,13.31,13.67,13.54,13.86
2023-12-06,Sachsen,14,00+,230,498,509,505,516,4056941,5.67,12.28,12.57,12.46,12.74
2023-12-05,Sachsen,14,00+,221,498,508,503,514,4056941,5.45,12.28,12.52,12.42,12.69
2023-12-04,Sachsen,14,00+,291,526,534,531,541,4056941,7.17,12.97,13.19,13.09,13.35
2023-12-03,Sachsen,14,00+,331,557,566,562,572,4056941,8.16,13.73,13.95,13.86,14.12
2023-12-02,Sachsen,14,00+,348,566,574,571,581,4056941,8.58,13.95,14.17,14.08,14.34
2023-12-01,Sachsen,14,00+,339,569,577,573,583,4056941,8.36,14.03,14.23,14.14,14.39
2023-11-30,Sachsen,14,00+,337,588,595,592,601,4056941,8.31,14.49,14.68,14.6,14.83
2023-11-29,Sachsen,14,00+,261,543,549,546,554,4056941,6.43,13.38,13.55,13.48,13.68
2023-11-28,Sachsen,14,00+,188,549,554,552,559,4056941,4.63,13.53,13.68,13.61,13.79
2023-11-27,Sachsen,14,00+,297,579,583,581,586,4056941,7.32,14.27,14.39,14.34,14.47
2023-11-26,Sachsen,14,00+,317,561,565,563,568,4056941,7.81,13.83,13.93,13.89,14
2023-11-25,Sachsen,14,00+,335,556,560,558,562,4056941,8.26,13.7,13.8,13.76,13.87
2023-11-24,Sachsen,14,00+,324,545,548,547,550,4056941,7.99,13.43,13.52,13.48,13.57
2023-11-23,Sachsen,14,00+,236,510,512,511,514,4056941,5.82,12.57,12.64,12.61,12.67
2023-11-22,Sachsen,14,00+,284,540,542,541,543,4056941,7,13.31,13.37,13.35,13.41
2023-11-21,Sachsen,14,00+,255,503,504,504,505,4056941,6.29,12.4,12.44,12.43,12.46
2023-11-20,Sachsen,14,00+,282,486,486,486,487,4056941,6.95,11.98,12,11.99,12.01
2023-11-19,Sachsen,14,00+,297,475,475,475,476,4056941,7.32,11.71,11.73,11.72,11.73
2023-11-18,Sachsen,14,00+,314,466,466,466,466,4056941,7.74,11.49,11.5,11.5,11.51
2023-11-17,Sachsen,14,00+,276,457,457,457,457,4056941,6.8,11.26,11.28,11.27,11.28
2023-11-16,Sachsen,14,00+,277,464,464,464,464,4056941,6.83,11.44,11.44,11.44,11.45
2023-11-15,Sachsen,14,00+,288,513,513,513,513,4056941,7.1,12.64,12.65,12.65,12.65
2023-11-14,Sachsen,14,00+,260,478,478,478,478,4056941,6.41,11.78,11.78,11.78,11.79
2023-11-13,Sachsen,14,00+,227,400,400,400,400,4056941,5.6,9.86,9.86,9.86,9.86
2023-11-12,Sachsen,14,00+,244,404,404,404,404,4056941,6.01,9.96,9.96,9.96,9.96
2023-11-11,Sachsen,14,00+,256,406,406,406,406,4056941,6.31,10.01,10.01,10.01,10.01
2023-11-10,Sachsen,14,00+,204,417,417,417,417,4056941,5.03,10.28,10.28,10.28,10.28
2023-11-09,Sachsen,14,00+,197,402,402,402,402,4056941,4.86,9.91,9.91,9.91,9.91
2023-11-08,Sachsen,14,00+,190,387,387,387,387,4056941,4.68,9.54,9.54,9.54,9.54
2023-11-07,Sachsen,14,00+,149,350,350,350,350,4056941,3.67,8.63,8.63,8.63,8.63
2023-11-06,Sachsen,14,00+,168,368,368,368,368,4056941,4.14,9.07,9.07,9.07,9.07
2023-11-05,Sachsen,14,00+,182,360,360,360,360,4056941,4.49,8.87,8.87,8.87,8.87
2023-11-04,Sachsen,14,00+,190,355,355,355,355,4056941,4.68,8.75,8.75,8.75,8.75
2023-11-03,Sachsen,14,00+,133,328,328,328,328,4056941,3.28,8.08,8.08,8.08,8.08
2023-11-02,Sachsen,14,00+,99,319,319,319,319,4056941,2.44,7.86,7.86,7.86,7.86
2023-11-01,Sachsen,14,00+,88,274,274,274,274,4056941,2.17,6.75,6.75,6.75,6.75
2023-10-31,Sachsen,14,00+,124,305,305,305,305,4056941,3.06,7.52,7.52,7.52,7.52
2023-10-30,Sachsen,14,00+,172,289,289,289,289,4056941,4.24,7.12,7.12,7.12,7.12
2023-10-29,Sachsen,14,00+,186,290,290,290,290,4056941,4.58,7.15,7.15,7.15,7.15
2023-10-28,Sachsen,14,00+,197,287,287,287,287,4056941,4.86,7.07,7.07,7.07,7.07
2023-10-27,Sachsen,14,00+,187,280,280,280,280,4056941,4.61,6.9,6.9,6.9,6.9
2023-10-26,Sachsen,14,00+,168,251,251,251,251,4056941,4.14,6.19,6.19,6.19,6.19
2023-10-25,Sachsen,14,00+,149,238,238,238,238,4056941,3.67,5.87,5.87,5.87,5.87
2023-10-24,Sachsen,14,00+,117,221,221,221,221,4056941,2.88,5.45,5.45,5.45,5.45
2023-10-23,Sachsen,14,00+,99,190,190,190,190,4056941,2.44,4.68,4.68,4.68,4.68
2023-10-22,Sachsen,14,00+,103,181,181,181,181,4056941,2.54,4.46,4.46,4.46,4.46
2023-10-21,Sachsen,14,00+,110,176,176,176,176,4056941,2.71,4.34,4.34,4.34,4.34
2023-10-20,Sachsen,14,00+,97,161,161,161,161,4056941,2.39,3.97,3.97,3.97,3.97
2023-10-19,Sachsen,14,00+,94,151,151,151,151,4056941,2.32,3.72,3.72,3.72,3.72
2023-10-18,Sachsen,14,00+,89,141,141,141,141,4056941,2.19,3.48,3.48,3.48,3.48
2023-10-17,Sachsen,14,00+,80,144,144,144,144,4056941,1.97,3.55,3.55,3.55,3.55
2023-10-16,Sachsen,14,00+,80,123,123,123,123,4056941,1.97,3.03,3.03,3.03,3.03
2023-10-15,Sachsen,14,00+,85,123,123,123,123,4056941,2.1,3.03,3.03,3.03,3.03
2023-10-14,Sachsen,14,00+,89,121,121,121,121,4056941,2.19,2.98,2.98,2.98,2.98
2023-10-13,Sachsen,14,00+,83,121,121,121,121,4056941,2.05,2.98,2.98,2.98,2.98
2023-10-12,Sachsen,14,00+,80,126,126,126,126,4056941,1.97,3.11,3.11,3.11,3.11
2023-10-11,Sachsen,14,00+,87,147,147,147,147,4056941,2.14,3.62,3.62,3.62,3.62
2023-10-10,Sachsen,14,00+,74,122,122,122,122,4056941,1.82,3.01,3.01,3.01,3.01
2023-10-09,Sachsen,14,00+,79,125,125,125,125,4056941,1.95,3.08,3.08,3.08,3.08
2023-10-08,Sachsen,14,00+,80,120,120,120,120,4056941,1.97,2.96,2.96,2.96,2.96
2023-10-07,Sachsen,14,00+,86,123,123,123,123,4056941,2.12,3.03,3.03,3.03,3.03
2023-10-06,Sachsen,14,00+,78,121,121,121,121,4056941,1.92,2.98,2.98,2.98,2.98
2023-10-05,Sachsen,14,00+,73,116,116,116,116,4056941,1.8,2.86,2.86,2.86,2.86
2023-10-04,Sachsen,14,00+,35,83,83,83,83,4056941,0.86,2.05,2.05,2.05,2.05
2023-10-03,Sachsen,14,00+,52,101,101,101,101,4056941,1.28,2.49,2.49,2.49,2.49
2023-10-02,Sachsen,14,00+,71,101,101,101,101,4056941,1.75,2.49,2.49,2.49,2.49
2023-10-01,Sachsen,14,00+,74,102,102,102,102,4056941,1.82,2.51,2.51,2.51,2.51
2023-09-30,Sachsen,14,00+,78,98,98,98,98,4056941,1.92,2.42,2.42,2.42,2.42
2023-09-29,Sachsen,14,00+,60,95,95,95,95,4056941,1.48,2.34,2.34,2.34,2.34
2023-09-28,Sachsen,14,00+,66,91,91,91,91,4056941,1.63,2.24,2.24,2.24,2.24
2023-09-27,Sachsen,14,00+,56,99,99,99,99,4056941,1.38,2.44,2.44,2.44,2.44
2023-09-26,Sachsen,14,00+,64,97,97,97,97,4056941,1.58,2.39,2.39,2.39,2.39
2023-09-25,Sachsen,14,00+,69,96,96,96,96,4056941,1.7,2.37,2.37,2.37,2.37
2023-09-24,Sachsen,14,00+,71,96,96,96,96,4056941,1.75,2.37,2.37,2.37,2.37
2023-09-23,Sachsen,14,00+,77,98,98,98,98,4056941,1.9,2.42,2.42,2.42,2.42
2023-09-22,Sachsen,14,00+,69,100,100,100,100,4056941,1.7,2.46,2.46,2.46,2.46
2023-09-21,Sachsen,14,00+,72,101,101,101,101,4056941,1.77,2.49,2.49,2.49,2.49
2023-09-20,Sachsen,14,00+,66,96,96,96,96,4056941,1.63,2.37,2.37,2.37,2.37
2023-09-19,Sachsen,14,00+,57,92,92,92,92,4056941,1.4,2.27,2.27,2.27,2.27
2023-09-18,Sachsen,14,00+,60,84,84,84,84,4056941,1.48,2.07,2.07,2.07,2.07
2023-09-17,Sachsen,14,00+,61,82,82,82,82,4056941,1.5,2.02,2.02,2.02,2.02
2023-09-16,Sachsen,14,00+,64,79,79,79,79,4056941,1.58,1.95,1.95,1.95,1.95
2023-09-15,Sachsen,14,00+,60,81,81,81,81,4056941,1.48,2,2,2,2
2023-09-14,Sachsen,14,00+,58,85,85,85,85,4056941,1.43,2.1,2.1,2.1,2.1
2023-09-13,Sachsen,14,00+,55,84,84,84,84,4056941,1.36,2.07,2.07,2.07,2.07
2023-09-12,Sachsen,14,00+,54,84,84,84,84,4056941,1.33,2.07,2.07,2.07,2.07
2023-09-11,Sachsen,14,00+,44,76,76,76,76,4056941,1.08,1.87,1.87,1.87,1.87
2023-09-10,Sachsen,14,00+,45,77,77,77,77,4056941,1.11,1.9,1.9,1.9,1.9
2023-09-09,Sachsen,14,00+,45,74,74,74,74,4056941,1.11,1.82,1.82,1.82,1.82
2023-09-08,Sachsen,14,00+,46,73,73,73,73,4056941,1.13,1.8,1.8,1.8,1.8
2023-09-07,Sachsen,14,00+,42,55,55,55,55,4056941,1.04,1.36,1.36,1.36,1.36
2023-09-06,Sachsen,14,00+,36,53,53,53,53,4056941,0.89,1.31,1.31,1.31,1.31
2023-09-05,Sachsen,14,00+,26,49,49,49,49,4056941,0.64,1.21,1.21,1.21,1.21
2023-09-04,Sachsen,14,00+,43,59,59,59,59,4056941,1.06,1.45,1.45,1.45,1.45
2023-09-03,Sachsen,14,00+,46,60,60,60,60,4056941,1.13,1.48,1.48,1.48,1.48
2023-09-02,Sachsen,14,00+,48,63,63,63,63,4056941,1.18,1.55,1.55,1.55,1.55
2023-09-01,Sachsen,14,00+,52,59,59,59,59,4056941,1.28,1.45,1.45,1.45,1.45
2023-08-31,Sachsen,14,00+,50,65,65,65,65,4056941,1.23,1.6,1.6,1.6,1.6
2023-08-30,Sachsen,14,00+,43,65,65,65,65,4056941,1.06,1.6,1.6,1.6,1.6
2023-08-29,Sachsen,14,00+,49,63,63,63,63,4056941,1.21,1.55,1.55,1.55,1.55
2023-08-28,Sachsen,14,00+,0,51,51,51,51,4056941,0,1.26,1.26,1.26,1.26
2023-08-27,Sachsen,14,00+,0,48,48,48,48,4056941,0,1.18,1.18,1.18,1.18
2023-08-26,Sachsen,14,00+,0,46,46,46,46,4056941,0,1.13,1.13,1.13,1.13
2023-08-25,Sachsen,14,00+,0,42,42,42,42,4056941,0,1.04,1.04,1.04,1.04
2023-08-24,Sachsen,14,00+,28,38,38,38,38,4056941,0.69,0.94,0.94,0.94,0.94
2023-08-23,Sachsen,14,00+,19,36,36,36,36,4056941,0.47,0.89,0.89,0.89,0.89
2023-08-22,Sachsen,14,00+,20,34,34,34,34,4056941,0.49,0.84,0.84,0.84,0.84
2023-08-21,Sachsen,14,00+,20,30,30,30,30,4056941,0.49,0.74,0.74,0.74,0.74
2023-08-20,Sachsen,14,00+,21,31,31,31,31,4056941,0.52,0.76,0.76,0.76,0.76
2023-08-19,Sachsen,14,00+,21,30,30,30,30,4056941,0.52,0.74,0.74,0.74,0.74
2023-08-18,Sachsen,14,00+,12,28,28,28,28,4056941,0.3,0.69,0.69,0.69,0.69
2023-08-17,Sachsen,14,00+,14,26,26,26,26,4056941,0.35,0.64,0.64,0.64,0.64
2023-08-16,Sachsen,14,00+,13,25,25,25,25,4056941,0.32,0.62,0.62,0.62,0.62
2023-08-15,Sachsen,14,00+,12,19,19,19,19,4056941,0.3,0.47,0.47,0.47,0.47
2023-08-14,Sachsen,14,00+,11,17,17,17,17,4056941,0.27,0.42,0.42,0.42,0.42
2023-08-13,Sachsen,14,00+,14,19,19,19,19,4056941,0.35,0.47,0.47,0.47,0.47
2023-08-12,Sachsen,14,00+,15,20,20,20,20,4056941,0.37,0.49,0.49,0.49,0.49
2023-08-11,Sachsen,14,00+,16,21,21,21,21,4056941,0.39,0.52,0.52,0.52,0.52
2023-08-10,Sachsen,14,00+,13,19,19,19,19,4056941,0.32,0.47,0.47,0.47,0.47
2023-08-09,Sachsen,14,00+,16,19,19,19,19,4056941,0.39,0.47,0.47,0.47,0.47
2023-08-08,Sachsen,14,00+,14,20,20,20,20,4056941,0.35,0.49,0.49,0.49,0.49
2023-08-07,Sachsen,14,00+,17,22,22,22,22,4056941,0.42,0.54,0.54,0.54,0.54
2023-08-06,Sachsen,14,00+,18,20,20,20,20,4056941,0.44,0.49,0.49,0.49,0.49
2023-08-05,Sachsen,14,00+,20,21,21,21,21,4056941,0.49,0.52,0.52,0.52,0.52
2023-08-04,Sachsen,14,00+,17,20,20,20,20,4056941,0.42,0.49,0.49,0.49,0.49
2023-08-03,Sachsen,14,00+,11,19,19,19,19,4056941,0.27,0.47,0.47,0.47,0.47
2023-08-02,Sachsen,14,00+,8,14,14,14,14,4056941,0.2,0.35,0.35,0.35,0.35
2023-08-01,Sachsen,14,00+,7,14,14,14,14,4056941,0.17,0.35,0.35,0.35,0.35
2023-07-31,Sachsen,14,00+,14,18,18,18,18,4056941,0.35,0.44,0.44,0.44,0.44
2023-07-30,Sachsen,14,00+,16,19,19,19,19,4056941,0.39,0.47,0.47,0.47,0.47
2023-07-29,Sachsen,14,00+,16,17,17,17,17,4056941,0.39,0.42,0.42,0.42,0.42
2023-07-28,Sachsen,14,00+,16,18,18,18,18,4056941,0.39,0.44,0.44,0.44,0.44
2023-07-27,Sachsen,14,00+,16,18,18,18,18,4056941,0.39,0.44,0.44,0.44,0.44
2023-07-26,Sachsen,14,00+,10,18,18,18,18,4056941,0.25,0.44,0.44,0.44,0.44
2023-07-25,Sachsen,14,00+,7,16,16,16,16,4056941,0.17,0.39,0.39,0.39,0.39
2023-07-24,Sachsen,14,00+,4,9,9,9,9,4056941,0.1,0.22,0.22,0.22,0.22
2023-07-23,Sachsen,14,00+,5,8,8,8,8,4056941,0.12,0.2,0.2,0.2,0.2
2023-07-22,Sachsen,14,00+,5,9,9,9,9,4056941,0.12,0.22,0.22,0.22,0.22
2023-07-21,Sachsen,14,00+,6,9,9,9,9,4056941,0.15,0.22,0.22,0.22,0.22
2023-07-20,Sachsen,14,00+,7,9,9,9,9,4056941,0.17,0.22,0.22,0.22,0.22
2023-07-19,Sachsen,14,00+,4,10,10,10,10,4056941,0.1,0.25,0.25,0.25,0.25
2023-07-18,Sachsen,14,00+,5,12,12,12,12,4056941,0.12,0.3,0.3,0.3,0.3
2023-07-17,Sachsen,14,00+,6,13,13,13,13,4056941,0.15,0.32,0.32,0.32,0.32
2023-07-16,Sachsen,14,00+,6,12,12,12,12,4056941,0.15,0.3,0.3,0.3,0.3
2023-07-15,Sachsen,14,00+,6,11,11,11,11,4056941,0.15,0.27,0.27,0.27,0.27
2023-07-14,Sachsen,14,00+,6,10,10,10,10,4056941,0.15,0.25,0.25,0.25,0.25
2023-07-13,Sachsen,14,00+,7,12,12,12,12,4056941,0.17,0.3,0.3,0.3,0.3
2023-07-12,Sachsen,14,00+,7,12,12,12,12,4056941,0.17,0.3,0.3,0.3,0.3
2023-07-11,Sachsen,14,00+,7,12,12,12,12,4056941,0.17,0.3,0.3,0.3,0.3
2023-07-10,Sachsen,14,00+,7,9,9,9,9,4056941,0.17,0.22,0.22,0.22,0.22
2023-07-09,Sachsen,14,00+,7,9,9,9,9,4056941,0.17,0.22,0.22,0.22,0.22
2023-07-08,Sachsen,14,00+,7,9,9,9,9,4056941,0.17,0.22,0.22,0.22,0.22
2023-07-07,Sachsen,14,00+,2,8,8,8,8,4056941,0.05,0.2,0.2,0.2,0.2
2023-07-06,Sachsen,14,00+,3,7,7,7,7,4056941,0.07,0.17,0.17,0.17,0.17
2023-07-05,Sachsen,14,00+,3,7,7,7,7,4056941,0.07,0.17,0.17,0.17,0.17
2023-07-04,Sachsen,14,00+,5,6,6,6,6,4056941,0.12,0.15,0.15,0.15,0.15
2023-07-03,Sachsen,14,00+,7,8,8,8,8,4056941,0.17,0.2,0.2,0.2,0.2
2023-07-02,Sachsen,14,00+,7,8,8,8,8,4056941,0.17,0.2,0.2,0.2,0.2
2023-07-01,Sachsen,14,00+,7,8,8,8,8,4056941,0.17,0.2,0.2,0.2,0.2
2023-06-30,Sachsen,14,00+,8,12,12,12,12,4056941,0.2,0.3,0.3,0.3,0.3
2023-06-29,Sachsen,14,00+,8,11,11,11,11,4056941,0.2,0.27,0.27,0.27,0.27
2023-06-28,Sachsen,14,00+,9,14,14,14,14,4056941,0.22,0.35,0.35,0.35,0.35
2023-06-27,Sachsen,14,00+,13,15,15,15,15,4056941,0.32,0.37,0.37,0.37,0.37
2023-06-26,Sachsen,14,00+,18,21,21,21,21,4056941,0.44,0.52,0.52,0.52,0.52
2023-06-25,Sachsen,14,00+,20,23,23,23,23,4056941,0.49,0.57,0.57,0.57,0.57
2023-06-24,Sachsen,14,00+,20,23,23,23,23,4056941,0.49,0.57,0.57,0.57,0.57
2023-06-23,Sachsen,14,00+,16,20,20,20,20,4056941,0.39,0.49,0.49,0.49,0.49
2023-06-22,Sachsen,14,00+,20,23,23,23,23,4056941,0.49,0.57,0.57,0.57,0.57
2023-06-21,Sachsen,14,00+,15,21,21,21,21,4056941,0.37,0.52,0.52,0.52,0.52
2023-06-20,Sachsen,14,00+,16,25,25,25,25,4056941,0.39,0.62,0.62,0.62,0.62
2023-06-19,Sachsen,14,00+,13,21,21,21,21,4056941,0.32,0.52,0.52,0.52,0.52
2023-06-18,Sachsen,14,00+,14,20,20,20,20,4056941,0.35,0.49,0.49,0.49,0.49
2023-06-17,Sachsen,14,00+,14,20,20,20,20,4056941,0.35,0.49,0.49,0.49,0.49
2023-06-16,Sachsen,14,00+,14,21,21,21,21,4056941,0.35,0.52,0.52,0.52,0.52
2023-06-15,Sachsen,14,00+,18,23,23,23,23,4056941,0.44,0.57,0.57,0.57,0.57
2023-06-14,Sachsen,14,00+,24,30,30,30,30,4056941,0.59,0.74,0.74,0.74,0.74
2023-06-13,Sachsen,14,00+,26,30,30,30,30,4056941,0.64,0.74,0.74,0.74,0.74
2023-06-12,Sachsen,14,00+,36,41,41,41,41,4056941,0.89,1.01,1.01,1.01,1.01
2023-06-11,Sachsen,14,00+,37,41,41,41,41,4056941,0.91,1.01,1.01,1.01,1.01
2023-06-10,Sachsen,14,00+,38,42,42,42,42,4056941,0.94,1.04,1.04,1.04,1.04
2023-06-09,Sachsen,14,00+,32,45,45,45,45,4056941,0.79,1.11,1.11,1.11,1.11
2023-06-08,Sachsen,14,00+,37,54,54,54,54,4056941,0.91,1.33,1.33,1.33,1.33
2023-06-07,Sachsen,14,00+,35,53,53,53,53,4056941,0.86,1.31,1.31,1.31,1.31
2023-06-06,Sachsen,14,00+,38,57,57,57,57,4056941,0.94,1.4,1.4,1.4,1.4
2023-06-05,Sachsen,14,00+,36,44,44,44,44,4056941,0.89,1.08,1.08,1.08,1.08
2023-06-04,Sachsen,14,00+,36,43,43,43,43,4056941,0.89,1.06,1.06,1.06,1.06
2023-06-03,Sachsen,14,00+,38,44,44,44,44,4056941,0.94,1.08,1.08,1.08,1.08
2023-06-02,Sachsen,14,00+,26,43,43,43,43,4056941,0.64,1.06,1.06,1.06,1.06
2023-06-01,Sachsen,14,00+,27,34,34,34,34,4056941,0.67,0.84,0.84,0.84,0.84
2023-05-31,Sachsen,14,00+,20,33,33,33,33,4056941,0.49,0.81,0.81,0.81,0.81
2023-05-30,Sachsen,14,00+,23,35,35,35,35,4056941,0.57,0.86,0.86,0.86,0.86
2023-05-29,Sachsen,14,00+,43,58,58,58,58,4056941,1.06,1.43,1.43,1.43,1.43
2023-05-28,Sachsen,14,00+,48,64,64,64,64,4056941,1.18,1.58,1.58,1.58,1.58
2023-05-27,Sachsen,14,00+,48,62,62,62,62,4056941,1.18,1.53,1.53,1.53,1.53
2023-05-26,Sachsen,14,00+,47,64,64,64,64,4056941,1.16,1.58,1.58,1.58,1.58
2023-05-25,Sachsen,14,00+,41,61,61,61,61,4056941,1.01,1.5,1.5,1.5,1.5
2023-05-24,Sachsen,14,00+,46,69,69,69,69,4056941,1.13,1.7,1.7,1.7,1.7
2023-05-23,Sachsen,14,00+,26,65,65,65,65,4056941,0.64,1.6,1.6,1.6,1.6
2023-05-22,Sachsen,14,00+,24,61,61,61,61,4056941,0.59,1.5,1.5,1.5,1.5
2023-05-21,Sachsen,14,00+,29,60,60,60,60,4056941,0.71,1.48,1.48,1.48,1.48
2023-05-20,Sachsen,14,00+,33,65,65,65,65,4056941,0.81,1.6,1.6,1.6,1.6
2023-05-19,Sachsen,14,00+,37,69,69,69,69,4056941,0.91,1.7,1.7,1.7,1.7
2023-05-18,Sachsen,14,00+,52,82,82,82,82,4056941,1.28,2.02,2.02,2.02,2.02
2023-05-17,Sachsen,14,00+,48,73,73,73,73,4056941,1.18,1.8,1.8,1.8,1.8
2023-05-16,Sachsen,14,00+,27,80,80,80,80,4056941,0.67,1.97,1.97,1.97,1.97
2023-05-15,Sachsen,14,00+,40,72,72,72,72,4056941,0.99,1.77,1.77,1.77,1.77
2023-05-14,Sachsen,14,00+,50,78,78,78,78,4056941,1.23,1.92,1.92,1.92,1.92
2023-05-13,Sachsen,14,00+,57,80,80,80,80,4056941,1.4,1.97,1.97,1.97,1.97
2023-05-12,Sachsen,14,00+,67,92,92,92,92,4056941,1.65,2.27,2.27,2.27,2.27
2023-05-11,Sachsen,14,00+,84,101,101,101,101,4056941,2.07,2.49,2.49,2.49,2.49
2023-05-10,Sachsen,14,00+,80,108,108,108,108,4056941,1.97,2.66,2.66,2.66,2.66
2023-05-09,Sachsen,14,00+,110,143,143,143,143,4056941,2.71,3.52,3.52,3.52,3.52
2023-05-08,Sachsen,14,00+,79,143,143,143,143,4056941,1.95,3.52,3.52,3.52,3.52
2023-05-07,Sachsen,14,00+,87,141,141,141,141,4056941,2.14,3.48,3.48,3.48,3.48
2023-05-06,Sachsen,14,00+,98,146,146,146,146,4056941,2.42,3.6,3.6,3.6,3.6
2023-05-05,Sachsen,14,00+,81,138,138,138,138,4056941,2,3.4,3.4,3.4,3.4
2023-05-04,Sachsen,14,00+,79,127,127,127,127,4056941,1.95,3.13,3.13,3.13,3.13
2023-05-03,Sachsen,14,00+,61,131,131,131,131,4056941,1.5,3.23,3.23,3.23,3.23
2023-05-02,Sachsen,14,00+,58,117,117,117,117,4056941,1.43,2.88,2.88,2.88,2.88
2023-05-01,Sachsen,14,00+,105,153,153,153,153,4056941,2.59,3.77,3.77,3.77,3.77
2023-04-30,Sachsen,14,00+,112,154,154,154,154,4056941,2.76,3.8,3.8,3.8,3.8
2023-04-29,Sachsen,14,00+,119,150,150,150,150,4056941,2.93,3.7,3.7,3.7,3.7
2023-04-28,Sachsen,14,00+,128,169,169,169,169,4056941,3.16,4.17,4.17,4.17,4.17
2023-04-27,Sachsen,14,00+,135,183,183,183,183,4056941,3.33,4.51,4.51,4.51,4.51
2023-04-26,Sachsen,14,00+,113,192,192,192,192,4056941,2.79,4.73,4.73,4.73,4.73
2023-04-25,Sachsen,14,00+,104,196,196,196,196,4056941,2.56,4.83,4.83,4.83,4.83
2023-04-24,Sachsen,14,00+,127,214,214,214,214,4056941,3.13,5.27,5.27,5.27,5.27
2023-04-23,Sachsen,14,00+,139,219,219,219,219,4056941,3.43,5.4,5.4,5.4,5.4
2023-04-22,Sachsen,14,00+,149,225,225,225,225,4056941,3.67,5.55,5.55,5.55,5.55
2023-04-21,Sachsen,14,00+,152,225,225,225,225,4056941,3.75,5.55,5.55,5.55,5.55
2023-04-20,Sachsen,14,00+,154,236,236,236,236,4056941,3.8,5.82,5.82,5.82,5.82
2023-04-19,Sachsen,14,00+,153,259,259,259,259,4056941,3.77,6.38,6.38,6.38,6.38
2023-04-18,Sachsen,14,00+,190,329,329,329,329,4056941,4.68,8.11,8.11,8.11,8.11
2023-04-17,Sachsen,14,00+,154,273,273,273,273,4056941,3.8,6.73,6.73,6.73,6.73
2023-04-16,Sachsen,14,00+,159,263,263,263,263,4056941,3.92,6.48,6.48,6.48,6.48
2023-04-15,Sachsen,14,00+,167,260,260,260,260,4056941,4.12,6.41,6.41,6.41,6.41
2023-04-14,Sachsen,14,00+,153,236,236,236,236,4056941,3.77,5.82,5.82,5.82,5.82
2023-04-13,Sachsen,14,00+,138,235,235,235,235,4056941,3.4,5.79,5.79,5.79,5.79
2023-04-12,Sachsen,14,00+,94,219,219,219,219,4056941,2.32,5.4,5.4,5.4,5.4
2023-04-11,Sachsen,14,00+,78,170,170,170,170,4056941,1.92,4.19,4.19,4.19,4.19
2023-04-10,Sachsen,14,00+,146,246,246,246,246,4056941,3.6,6.06,6.06,6.06,6.06
2023-04-09,Sachsen,14,00+,158,255,255,255,255,4056941,3.89,6.29,6.29,6.29,6.29
2023-04-08,Sachsen,14,00+,192,279,279,279,279,4056941,4.73,6.88,6.88,6.88,6.88
2023-04-07,Sachsen,14,00+,214,297,297,297,297,4056941,5.27,7.32,7.32,7.32,7.32
2023-04-06,Sachsen,14,00+,215,319,319,319,319,4056941,5.3,7.86,7.86,7.86,7.86
2023-04-05,Sachsen,14,00+,205,328,328,328,328,4056941,5.05,8.08,8.08,8.08,8.08
2023-04-04,Sachsen,14,00+,190,337,337,337,337,4056941,4.68,8.31,8.31,8.31,8.31
2023-04-03,Sachsen,14,00+,220,349,349,349,349,4056941,5.42,8.6,8.6,8.6,8.6
2023-04-02,Sachsen,14,00+,250,367,367,367,367,4056941,6.16,9.05,9.05,9.05,9.05
2023-04-01,Sachsen,14,00+,268,354,354,354,354,4056941,6.61,8.73,8.73,8.73,8.73
2023-03-31,Sachsen,14,00+,258,377,377,377,377,4056941,6.36,9.29,9.29,9.29,9.29
2023-03-30,Sachsen,14,00+,257,386,386,386,386,4056941,6.33,9.51,9.51,9.51,9.51
2023-03-29,Sachsen,14,00+,250,401,401,401,401,4056941,6.16,9.88,9.88,9.88,9.88
2023-03-28,Sachsen,14,00+,201,392,392,392,392,4056941,4.95,9.66,9.66,9.66,9.66
2023-03-27,Sachsen,14,00+,249,418,418,418,418,4056941,6.14,10.3,10.3,10.3,10.3
2023-03-26,Sachsen,14,00+,280,421,421,421,421,4056941,6.9,10.38,10.38,10.38,10.38
2023-03-25,Sachsen,14,00+,303,424,424,424,424,4056941,7.47,10.45,10.45,10.45,10.45
2023-03-24,Sachsen,14,00+,294,435,435,435,435,4056941,7.25,10.72,10.72,10.72,10.72
2023-03-23,Sachsen,14,00+,285,450,450,450,450,4056941,7.02,11.09,11.09,11.09,11.09
2023-03-22,Sachsen,14,00+,153,475,475,475,475,4056941,3.77,11.71,11.71,11.71,11.71
2023-03-21,Sachsen,14,00+,230,519,519,519,519,4056941,5.67,12.79,12.79,12.79,12.79
2023-03-20,Sachsen,14,00+,251,503,503,503,503,4056941,6.19,12.4,12.4,12.4,12.4
2023-03-19,Sachsen,14,00+,273,500,500,500,500,4056941,6.73,12.32,12.32,12.32,12.32
2023-03-18,Sachsen,14,00+,286,496,496,496,496,4056941,7.05,12.23,12.23,12.23,12.23
2023-03-17,Sachsen,14,00+,268,482,482,482,482,4056941,6.61,11.88,11.88,11.88,11.88
2023-03-16,Sachsen,14,00+,180,437,437,437,437,4056941,4.44,10.77,10.77,10.77,10.77
2023-03-15,Sachsen,14,00+,173,417,417,417,417,4056941,4.26,10.28,10.28,10.28,10.28
2023-03-14,Sachsen,14,00+,159,368,368,368,368,4056941,3.92,9.07,9.07,9.07,9.07
2023-03-13,Sachsen,14,00+,174,338,338,338,338,4056941,4.29,8.33,8.33,8.33,8.33
2023-03-12,Sachsen,14,00+,185,324,324,324,324,4056941,4.56,7.99,7.99,7.99,7.99
2023-03-11,Sachsen,14,00+,196,318,318,318,318,4056941,4.83,7.84,7.84,7.84,7.84
2023-03-10,Sachsen,14,00+,193,313,313,313,313,4056941,4.76,7.72,7.72,7.72,7.72
2023-03-09,Sachsen,14,00+,174,305,305,305,305,4056941,4.29,7.52,7.52,7.52,7.52
2023-03-08,Sachsen,14,00+,142,280,280,280,280,4056941,3.5,6.9,6.9,6.9,6.9
2023-03-07,Sachsen,14,00+,115,281,281,281,281,4056941,2.83,6.93,6.93,6.93,6.93
2023-03-06,Sachsen,14,00+,141,284,284,284,284,4056941,3.48,7,7,7,7
2023-03-05,Sachsen,14,00+,151,277,277,277,277,4056941,3.72,6.83,6.83,6.83,6.83
2023-03-04,Sachsen,14,00+,167,281,281,281,281,4056941,4.12,6.93,6.93,6.93,6.93
2023-03-03,Sachsen,14,00+,190,295,295,295,295,4056941,4.68,7.27,7.27,7.27,7.27
2023-03-02,Sachsen,14,00+,206,326,326,326,326,4056941,5.08,8.04,8.04,8.04,8.04
2023-03-01,Sachsen,14,00+,210,347,347,347,347,4056941,5.18,8.55,8.55,8.55,8.55
2023-02-28,Sachsen,14,00+,195,345,345,345,345,4056941,4.81,8.5,8.5,8.5,8.5
2023-02-27,Sachsen,14,00+,219,374,374,374,374,4056941,5.4,9.22,9.22,9.22,9.22
2023-02-26,Sachsen,14,00+,244,395,395,395,395,4056941,6.01,9.74,9.74,9.74,9.74
2023-02-25,Sachsen,14,00+,249,383,383,383,383,4056941,6.14,9.44,9.44,9.44,9.44
2023-02-24,Sachsen,14,00+,220,371,371,371,371,4056941,5.42,9.14,9.14,9.14,9.14
2023-02-23,Sachsen,14,00+,220,365,365,365,365,4056941,5.42,9,9,9,9
2023-02-22,Sachsen,14,00+,203,361,361,361,361,4056941,5,8.9,8.9,8.9,8.9
2023-02-21,Sachsen,14,00+,171,364,364,364,364,4056941,4.21,8.97,8.97,8.97,8.97
2023-02-20,Sachsen,14,00+,157,324,324,324,324,4056941,3.87,7.99,7.99,7.99,7.99
2023-02-19,Sachsen,14,00+,172,310,310,310,310,4056941,4.24,7.64,7.64,7.64,7.64
2023-02-18,Sachsen,14,00+,187,319,319,319,319,4056941,4.61,7.86,7.86,7.86,7.86
2023-02-17,Sachsen,14,00+,183,308,308,308,308,4056941,4.51,7.59,7.59,7.59,7.59
2023-02-16,Sachsen,14,00+,165,288,288,288,288,4056941,4.07,7.1,7.1,7.1,7.1
2023-02-15,Sachsen,14,00+,144,268,268,268,268,4056941,3.55,6.61,6.61,6.61,6.61
2023-02-14,Sachsen,14,00+,119,244,244,244,244,4056941,2.93,6.01,6.01,6.01,6.01
2023-02-13,Sachsen,14,00+,124,237,237,237,237,4056941,3.06,5.84,5.84,5.84,5.84
2023-02-12,Sachsen,14,00+,130,228,228,228,228,4056941,3.2,5.62,5.62,5.62,5.62
2023-02-11,Sachsen,14,00+,139,221,221,221,221,4056941,3.43,5.45,5.45,5.45,5.45
2023-02-10,Sachsen,14,00+,131,213,213,213,213,4056941,3.23,5.25,5.25,5.25,5.25
2023-02-09,Sachsen,14,00+,112,205,205,205,205,4056941,2.76,5.05,5.05,5.05,5.05
2023-02-08,Sachsen,14,00+,94,205,205,205,205,4056941,2.32,5.05,5.05,5.05,5.05
2023-02-07,Sachsen,14,00+,84,223,223,223,223,4056941,2.07,5.5,5.5,5.5,5.5
2023-02-06,Sachsen,14,00+,117,216,216,216,216,4056941,2.88,5.32,5.32,5.32,5.32
2023-02-05,Sachsen,14,00+,119,209,209,209,209,4056941,2.93,5.15,5.15,5.15,5.15
2023-02-04,Sachsen,14,00+,130,211,211,211,211,4056941,3.2,5.2,5.2,5.2,5.2
2023-02-03,Sachsen,14,00+,145,226,226,226,226,4056941,3.57,5.57,5.57,5.57,5.57
2023-02-02,Sachsen,14,00+,141,226,226,226,226,4056941,3.48,5.57,5.57,5.57,5.57
2023-02-01,Sachsen,14,00+,130,231,231,231,231,4056941,3.2,5.69,5.69,5.69,5.69
2023-01-31,Sachsen,14,00+,116,212,212,212,212,4056941,2.86,5.23,5.23,5.23,5.23
2023-01-30,Sachsen,14,00+,109,188,188,188,188,4056941,2.69,4.63,4.63,4.63,4.63
2023-01-29,Sachsen,14,00+,112,191,191,191,191,4056941,2.76,4.71,4.71,4.71,4.71
2023-01-28,Sachsen,14,00+,126,194,194,194,194,4056941,3.11,4.78,4.78,4.78,4.78
2023-01-27,Sachsen,14,00+,111,176,176,176,176,4056941,2.74,4.34,4.34,4.34,4.34
2023-01-26,Sachsen,14,00+,109,181,181,181,181,4056941,2.69,4.46,4.46,4.46,4.46
2023-01-25,Sachsen,14,00+,94,170,170,170,170,4056941,2.32,4.19,4.19,4.19,4.19
2023-01-24,Sachsen,14,00+,114,186,186,186,186,4056941,2.81,4.58,4.58,4.58,4.58
2023-01-23,Sachsen,14,00+,134,206,206,206,206,4056941,3.3,5.08,5.08,5.08,5.08
2023-01-22,Sachsen,14,00+,146,213,213,213,213,4056941,3.6,5.25,5.25,5.25,5.25
2023-01-21,Sachsen,14,00+,157,211,211,211,211,4056941,3.87,5.2,5.2,5.2,5.2
2023-01-20,Sachsen,14,00+,145,216,216,216,216,4056941,3.57,5.32,5.32,5.32,5.32
2023-01-19,Sachsen,14,00+,156,220,220,220,220,4056941,3.85,5.42,5.42,5.42,5.42
2023-01-18,Sachsen,14,00+,129,217,217,217,217,4056941,3.18,5.35,5.35,5.35,5.35
2023-01-17,Sachsen,14,00+,113,221,221,221,221,4056941,2.79,5.45,5.45,5.45,5.45
2023-01-16,Sachsen,14,00+,152,254,254,254,254,4056941,3.75,6.26,6.26,6.26,6.26
2023-01-15,Sachsen,14,00+,162,255,255,255,255,4056941,3.99,6.29,6.29,6.29,6.29
2023-01-14,Sachsen,14,00+,177,260,260,260,260,4056941,4.36,6.41,6.41,6.41,6.41
2023-01-13,Sachsen,14,00+,179,284,284,284,284,4056941,4.41,7,7,7,7
2023-01-12,Sachsen,14,00+,193,302,302,302,302,4056941,4.76,7.44,7.44,7.44,7.44
2023-01-11,Sachsen,14,00+,190,343,343,343,343,4056941,4.68,8.45,8.45,8.45,8.45
2023-01-10,Sachsen,14,00+,215,383,383,383,383,4056941,5.3,9.44,9.44,9.44,9.44
2023-01-09,Sachsen,14,00+,291,432,432,432,432,4056941,7.17,10.65,10.65,10.65,10.65
2023-01-08,Sachsen,14,00+,312,441,441,441,441,4056941,7.69,10.87,10.87,10.87,10.87
2023-01-07,Sachsen,14,00+,334,0,0,0,0,4056941,8.23,0,0,0,0
2023-01-06,Sachsen,14,00+,342,0,0,0,0,4056941,8.43,0,0,0,0
2023-01-05,Sachsen,14,00+,346,0,0,0,0,4056941,8.53,0,0,0,0
2023-01-04,Sachsen,14,00+,308,0,0,0,0,4056941,7.59,0,0,0,0
2023-01-03,Sachsen,14,00+,325,0,0,0,0,4056941,8.01,0,0,0,0
2023-01-02,Sachsen,14,00+,234,0,0,0,0,4056941,5.77,0,0,0,0
2023-12-23,Sachsen-Anhalt,15,00+,336,336,NA,NA,NA,2180684,15.41,15.41,NA,NA,NA
2023-12-22,Sachsen-Anhalt,15,00+,338,352,NA,NA,NA,2180684,15.5,16.14,NA,NA,NA
2023-12-21,Sachsen-Anhalt,15,00+,325,373,NA,NA,NA,2180684,14.9,17.1,NA,NA,NA
2023-12-20,Sachsen-Anhalt,15,00+,284,430,476,467,487,2180684,13.02,19.72,21.86,21.42,22.35
2023-12-19,Sachsen-Anhalt,15,00+,317,362,396,389,404,2180684,14.54,16.6,18.17,17.85,18.55
2023-12-18,Sachsen-Anhalt,15,00+,404,442,476,468,485,2180684,18.53,20.27,21.84,21.5,22.28
2023-12-17,Sachsen-Anhalt,15,00+,404,442,476,468,485,2180684,18.53,20.27,21.84,21.5,22.28
2023-12-16,Sachsen-Anhalt,15,00+,404,442,476,468,485,2180684,18.53,20.27,21.84,21.5,22.28
2023-12-15,Sachsen-Anhalt,15,00+,407,470,503,496,513,2180684,18.66,21.55,23.08,22.75,23.54
2023-12-14,Sachsen-Anhalt,15,00+,383,454,483,476,492,2180684,17.56,20.82,22.16,21.85,22.58
2023-12-13,Sachsen-Anhalt,15,00+,303,395,416,411,424,2180684,13.89,18.11,19.11,18.87,19.45
2023-12-12,Sachsen-Anhalt,15,00+,291,410,429,424,437,2180684,13.34,18.8,19.7,19.47,20.04
2023-12-11,Sachsen-Anhalt,15,00+,238,308,318,315,323,2180684,10.91,14.12,14.6,14.46,14.83
2023-12-10,Sachsen-Anhalt,15,00+,238,308,318,315,323,2180684,10.91,14.12,14.6,14.46,14.83
2023-12-09,Sachsen-Anhalt,15,00+,238,308,318,315,323,2180684,10.91,14.12,14.6,14.46,14.83
2023-12-08,Sachsen-Anhalt,15,00+,234,288,296,293,301,2180684,10.73,13.21,13.6,13.47,13.81
2023-12-07,Sachsen-Anhalt,15,00+,240,283,290,287,294,2180684,11.01,12.98,13.33,13.2,13.52
2023-12-06,Sachsen-Anhalt,15,00+,191,279,285,283,289,2180684,8.76,12.79,13.1,12.99,13.28
2023-12-05,Sachsen-Anhalt,15,00+,249,299,304,302,308,2180684,11.42,13.71,13.98,13.87,14.16
2023-12-04,Sachsen-Anhalt,15,00+,350,391,397,394,402,2180684,16.05,17.93,18.21,18.09,18.44
2023-12-03,Sachsen-Anhalt,15,00+,350,391,397,394,402,2180684,16.05,17.93,18.21,18.09,18.44
2023-12-02,Sachsen-Anhalt,15,00+,350,391,397,394,402,2180684,16.05,17.93,18.21,18.09,18.44
2023-12-01,Sachsen-Anhalt,15,00+,340,386,391,389,396,2180684,15.59,17.7,17.96,17.85,18.17
2023-11-30,Sachsen-Anhalt,15,00+,323,376,381,378,385,2180684,14.81,17.24,17.48,17.38,17.67
2023-11-29,Sachsen-Anhalt,15,00+,283,381,385,383,389,2180684,12.98,17.47,17.7,17.59,17.88
2023-11-28,Sachsen-Anhalt,15,00+,295,372,376,374,379,2180684,13.53,17.06,17.25,17.16,17.4
2023-11-27,Sachsen-Anhalt,15,00+,299,330,332,331,334,2180684,13.71,15.13,15.24,15.2,15.32
2023-11-26,Sachsen-Anhalt,15,00+,299,330,332,331,334,2180684,13.71,15.13,15.24,15.2,15.32
2023-11-25,Sachsen-Anhalt,15,00+,299,330,332,331,334,2180684,13.71,15.13,15.24,15.2,15.32
2023-11-24,Sachsen-Anhalt,15,00+,305,346,348,347,349,2180684,13.99,15.87,15.97,15.93,16.03
2023-11-23,Sachsen-Anhalt,15,00+,317,364,365,365,367,2180684,14.54,16.69,16.78,16.75,16.84
2023-11-22,Sachsen-Anhalt,15,00+,294,358,359,359,360,2180684,13.48,16.42,16.49,16.47,16.53
2023-11-21,Sachsen-Anhalt,15,00+,282,353,354,353,354,2180684,12.93,16.19,16.24,16.22,16.26
2023-11-20,Sachsen-Anhalt,15,00+,300,347,347,347,347,2180684,13.76,15.91,15.94,15.93,15.95
2023-11-19,Sachsen-Anhalt,15,00+,301,349,349,349,349,2180684,13.8,16,16.03,16.02,16.04
2023-11-18,Sachsen-Anhalt,15,00+,301,349,349,349,349,2180684,13.8,16,16.03,16.02,16.04
2023-11-17,Sachsen-Anhalt,15,00+,229,324,324,324,324,2180684,10.5,14.86,14.87,14.87,14.88
2023-11-16,Sachsen-Anhalt,15,00+,291,351,351,351,351,2180684,13.34,16.1,16.11,16.1,16.11
2023-11-15,Sachsen-Anhalt,15,00+,252,356,356,356,356,2180684,11.56,16.33,16.33,16.33,16.33
2023-11-14,Sachsen-Anhalt,15,00+,214,317,317,317,317,2180684,9.81,14.54,14.54,14.54,14.54
2023-11-13,Sachsen-Anhalt,15,00+,244,284,284,284,284,2180684,11.19,13.02,13.02,13.02,13.02
2023-11-12,Sachsen-Anhalt,15,00+,251,289,289,289,289,2180684,11.51,13.25,13.25,13.25,13.25
2023-11-11,Sachsen-Anhalt,15,00+,254,292,292,292,292,2180684,11.65,13.39,13.39,13.39,13.39
2023-11-10,Sachsen-Anhalt,15,00+,254,300,300,300,300,2180684,11.65,13.76,13.76,13.76,13.76
2023-11-09,Sachsen-Anhalt,15,00+,212,275,275,275,275,2180684,9.72,12.61,12.61,12.61,12.61
2023-11-08,Sachsen-Anhalt,15,00+,297,337,337,337,337,2180684,13.62,15.45,15.45,15.45,15.45
2023-11-07,Sachsen-Anhalt,15,00+,228,298,298,298,298,2180684,10.46,13.67,13.67,13.67,13.67
2023-11-06,Sachsen-Anhalt,15,00+,225,269,269,269,269,2180684,10.32,12.34,12.34,12.34,12.34
2023-11-05,Sachsen-Anhalt,15,00+,226,264,264,264,264,2180684,10.36,12.11,12.11,12.11,12.11
2023-11-04,Sachsen-Anhalt,15,00+,226,263,263,263,263,2180684,10.36,12.06,12.06,12.06,12.06
2023-11-03,Sachsen-Anhalt,15,00+,193,258,258,258,258,2180684,8.85,11.83,11.83,11.83,11.83
2023-11-02,Sachsen-Anhalt,15,00+,164,243,243,243,243,2180684,7.52,11.14,11.14,11.14,11.14
2023-11-01,Sachsen-Anhalt,15,00+,131,164,164,164,164,2180684,6.01,7.52,7.52,7.52,7.52
2023-10-31,Sachsen-Anhalt,15,00+,174,207,207,207,207,2180684,7.98,9.49,9.49,9.49,9.49
2023-10-30,Sachsen-Anhalt,15,00+,177,203,203,203,203,2180684,8.12,9.31,9.31,9.31,9.31
2023-10-29,Sachsen-Anhalt,15,00+,182,206,206,206,206,2180684,8.35,9.45,9.45,9.45,9.45
2023-10-28,Sachsen-Anhalt,15,00+,186,208,208,208,208,2180684,8.53,9.54,9.54,9.54,9.54
2023-10-27,Sachsen-Anhalt,15,00+,156,189,189,189,189,2180684,7.15,8.67,8.67,8.67,8.67
2023-10-26,Sachsen-Anhalt,15,00+,139,170,170,170,170,2180684,6.37,7.8,7.8,7.8,7.8
2023-10-25,Sachsen-Anhalt,15,00+,126,162,162,162,162,2180684,5.78,7.43,7.43,7.43,7.43
2023-10-24,Sachsen-Anhalt,15,00+,119,149,149,149,149,2180684,5.46,6.83,6.83,6.83,6.83
2023-10-23,Sachsen-Anhalt,15,00+,113,141,141,141,141,2180684,5.18,6.47,6.47,6.47,6.47
2023-10-22,Sachsen-Anhalt,15,00+,114,138,138,138,138,2180684,5.23,6.33,6.33,6.33,6.33
2023-10-21,Sachsen-Anhalt,15,00+,115,135,135,135,135,2180684,5.27,6.19,6.19,6.19,6.19
2023-10-20,Sachsen-Anhalt,15,00+,120,147,147,147,147,2180684,5.5,6.74,6.74,6.74,6.74
2023-10-19,Sachsen-Anhalt,15,00+,109,136,136,136,136,2180684,5,6.24,6.24,6.24,6.24
2023-10-18,Sachsen-Anhalt,15,00+,93,127,127,127,127,2180684,4.26,5.82,5.82,5.82,5.82
2023-10-17,Sachsen-Anhalt,15,00+,82,114,114,114,114,2180684,3.76,5.23,5.23,5.23,5.23
2023-10-16,Sachsen-Anhalt,15,00+,98,121,121,121,121,2180684,4.49,5.55,5.55,5.55,5.55
2023-10-15,Sachsen-Anhalt,15,00+,99,121,121,121,121,2180684,4.54,5.55,5.55,5.55,5.55
2023-10-14,Sachsen-Anhalt,15,00+,99,120,120,120,120,2180684,4.54,5.5,5.5,5.5,5.5
2023-10-13,Sachsen-Anhalt,15,00+,86,113,113,113,113,2180684,3.94,5.18,5.18,5.18,5.18
2023-10-12,Sachsen-Anhalt,15,00+,79,114,114,114,114,2180684,3.62,5.23,5.23,5.23,5.23
2023-10-11,Sachsen-Anhalt,15,00+,94,128,128,128,128,2180684,4.31,5.87,5.87,5.87,5.87
2023-10-10,Sachsen-Anhalt,15,00+,71,115,115,115,115,2180684,3.26,5.27,5.27,5.27,5.27
2023-10-09,Sachsen-Anhalt,15,00+,61,86,86,86,86,2180684,2.8,3.94,3.94,3.94,3.94
2023-10-08,Sachsen-Anhalt,15,00+,61,84,84,84,84,2180684,2.8,3.85,3.85,3.85,3.85
2023-10-07,Sachsen-Anhalt,15,00+,63,86,86,86,86,2180684,2.89,3.94,3.94,3.94,3.94
2023-10-06,Sachsen-Anhalt,15,00+,45,78,78,78,78,2180684,2.06,3.58,3.58,3.58,3.58
2023-10-05,Sachsen-Anhalt,15,00+,48,80,80,80,80,2180684,2.2,3.67,3.67,3.67,3.67
2023-10-04,Sachsen-Anhalt,15,00+,39,61,61,61,61,2180684,1.79,2.8,2.8,2.8,2.8
2023-10-03,Sachsen-Anhalt,15,00+,57,74,74,74,74,2180684,2.61,3.39,3.39,3.39,3.39
2023-10-02,Sachsen-Anhalt,15,00+,69,80,80,80,80,2180684,3.16,3.67,3.67,3.67,3.67
2023-10-01,Sachsen-Anhalt,15,00+,71,82,82,82,82,2180684,3.26,3.76,3.76,3.76,3.76
2023-09-30,Sachsen-Anhalt,15,00+,72,81,81,81,81,2180684,3.3,3.71,3.71,3.71,3.71
2023-09-29,Sachsen-Anhalt,15,00+,65,84,84,84,84,2180684,2.98,3.85,3.85,3.85,3.85
2023-09-28,Sachsen-Anhalt,15,00+,68,81,81,81,81,2180684,3.12,3.71,3.71,3.71,3.71
2023-09-27,Sachsen-Anhalt,15,00+,65,75,75,75,75,2180684,2.98,3.44,3.44,3.44,3.44
2023-09-26,Sachsen-Anhalt,15,00+,48,72,72,72,72,2180684,2.2,3.3,3.3,3.3,3.3
2023-09-25,Sachsen-Anhalt,15,00+,48,67,67,67,67,2180684,2.2,3.07,3.07,3.07,3.07
2023-09-24,Sachsen-Anhalt,15,00+,48,66,66,66,66,2180684,2.2,3.03,3.03,3.03,3.03
2023-09-23,Sachsen-Anhalt,15,00+,54,71,71,71,71,2180684,2.48,3.26,3.26,3.26,3.26
2023-09-22,Sachsen-Anhalt,15,00+,45,65,65,65,65,2180684,2.06,2.98,2.98,2.98,2.98
2023-09-21,Sachsen-Anhalt,15,00+,50,63,63,63,63,2180684,2.29,2.89,2.89,2.89,2.89
2023-09-20,Sachsen-Anhalt,15,00+,48,68,68,68,68,2180684,2.2,3.12,3.12,3.12,3.12
2023-09-19,Sachsen-Anhalt,15,00+,42,67,67,67,67,2180684,1.93,3.07,3.07,3.07,3.07
2023-09-18,Sachsen-Anhalt,15,00+,48,64,64,64,64,2180684,2.2,2.93,2.93,2.93,2.93
2023-09-17,Sachsen-Anhalt,15,00+,49,64,64,64,64,2180684,2.25,2.93,2.93,2.93,2.93
2023-09-16,Sachsen-Anhalt,15,00+,51,60,60,60,60,2180684,2.34,2.75,2.75,2.75,2.75
2023-09-15,Sachsen-Anhalt,15,00+,60,69,69,69,69,2180684,2.75,3.16,3.16,3.16,3.16
2023-09-14,Sachsen-Anhalt,15,00+,51,65,65,65,65,2180684,2.34,2.98,2.98,2.98,2.98
2023-09-13,Sachsen-Anhalt,15,00+,23,59,59,59,59,2180684,1.05,2.71,2.71,2.71,2.71
2023-09-12,Sachsen-Anhalt,15,00+,28,50,50,50,50,2180684,1.28,2.29,2.29,2.29,2.29
2023-09-11,Sachsen-Anhalt,15,00+,42,48,48,48,48,2180684,1.93,2.2,2.2,2.2,2.2
2023-09-10,Sachsen-Anhalt,15,00+,42,47,47,47,47,2180684,1.93,2.16,2.16,2.16,2.16
2023-09-09,Sachsen-Anhalt,15,00+,42,45,45,45,45,2180684,1.93,2.06,2.06,2.06,2.06
2023-09-08,Sachsen-Anhalt,15,00+,27,35,35,35,35,2180684,1.24,1.61,1.61,1.61,1.61
2023-09-07,Sachsen-Anhalt,15,00+,27,33,33,33,33,2180684,1.24,1.51,1.51,1.51,1.51
2023-09-06,Sachsen-Anhalt,15,00+,19,31,31,31,31,2180684,0.87,1.42,1.42,1.42,1.42
2023-09-05,Sachsen-Anhalt,15,00+,15,32,32,32,32,2180684,0.69,1.47,1.47,1.47,1.47
2023-09-04,Sachsen-Anhalt,15,00+,16,27,27,27,27,2180684,0.73,1.24,1.24,1.24,1.24
2023-09-03,Sachsen-Anhalt,15,00+,16,27,27,27,27,2180684,0.73,1.24,1.24,1.24,1.24
2023-09-02,Sachsen-Anhalt,15,00+,16,27,27,27,27,2180684,0.73,1.24,1.24,1.24,1.24
2023-09-01,Sachsen-Anhalt,15,00+,17,27,27,27,27,2180684,0.78,1.24,1.24,1.24,1.24
2023-08-31,Sachsen-Anhalt,15,00+,18,24,24,24,24,2180684,0.83,1.1,1.1,1.1,1.1
2023-08-30,Sachsen-Anhalt,15,00+,18,25,25,25,25,2180684,0.83,1.15,1.15,1.15,1.15
2023-08-29,Sachsen-Anhalt,15,00+,20,27,27,27,27,2180684,0.92,1.24,1.24,1.24,1.24
2023-08-28,Sachsen-Anhalt,15,00+,0,23,23,23,23,2180684,0,1.05,1.05,1.05,1.05
2023-08-27,Sachsen-Anhalt,15,00+,0,23,23,23,23,2180684,0,1.05,1.05,1.05,1.05
2023-08-26,Sachsen-Anhalt,15,00+,0,28,28,28,28,2180684,0,1.28,1.28,1.28,1.28
2023-08-25,Sachsen-Anhalt,15,00+,0,25,25,25,25,2180684,0,1.15,1.15,1.15,1.15
2023-08-24,Sachsen-Anhalt,15,00+,18,27,27,27,27,2180684,0.83,1.24,1.24,1.24,1.24
2023-08-23,Sachsen-Anhalt,15,00+,21,30,30,30,30,2180684,0.96,1.38,1.38,1.38,1.38
2023-08-22,Sachsen-Anhalt,15,00+,19,26,26,26,26,2180684,0.87,1.19,1.19,1.19,1.19
2023-08-21,Sachsen-Anhalt,15,00+,19,28,28,28,28,2180684,0.87,1.28,1.28,1.28,1.28
2023-08-20,Sachsen-Anhalt,15,00+,19,28,28,28,28,2180684,0.87,1.28,1.28,1.28,1.28
2023-08-19,Sachsen-Anhalt,15,00+,19,23,23,23,23,2180684,0.87,1.05,1.05,1.05,1.05
2023-08-18,Sachsen-Anhalt,15,00+,19,23,23,23,23,2180684,0.87,1.05,1.05,1.05,1.05
2023-08-17,Sachsen-Anhalt,15,00+,18,22,22,22,22,2180684,0.83,1.01,1.01,1.01,1.01
2023-08-16,Sachsen-Anhalt,15,00+,15,18,18,18,18,2180684,0.69,0.83,0.83,0.83,0.83
2023-08-15,Sachsen-Anhalt,15,00+,12,15,15,15,15,2180684,0.55,0.69,0.69,0.69,0.69
2023-08-14,Sachsen-Anhalt,15,00+,7,10,10,10,10,2180684,0.32,0.46,0.46,0.46,0.46
2023-08-13,Sachsen-Anhalt,15,00+,7,10,10,10,10,2180684,0.32,0.46,0.46,0.46,0.46
2023-08-12,Sachsen-Anhalt,15,00+,7,10,10,10,10,2180684,0.32,0.46,0.46,0.46,0.46
2023-08-11,Sachsen-Anhalt,15,00+,8,12,12,12,12,2180684,0.37,0.55,0.55,0.55,0.55
2023-08-10,Sachsen-Anhalt,15,00+,9,11,11,11,11,2180684,0.41,0.5,0.5,0.5,0.5
2023-08-09,Sachsen-Anhalt,15,00+,7,8,8,8,8,2180684,0.32,0.37,0.37,0.37,0.37
2023-08-08,Sachsen-Anhalt,15,00+,5,9,9,9,9,2180684,0.23,0.41,0.41,0.41,0.41
2023-08-07,Sachsen-Anhalt,15,00+,7,10,10,10,10,2180684,0.32,0.46,0.46,0.46,0.46
2023-08-06,Sachsen-Anhalt,15,00+,7,10,10,10,10,2180684,0.32,0.46,0.46,0.46,0.46
2023-08-05,Sachsen-Anhalt,15,00+,7,10,10,10,10,2180684,0.32,0.46,0.46,0.46,0.46
2023-08-04,Sachsen-Anhalt,15,00+,8,9,9,9,9,2180684,0.37,0.41,0.41,0.41,0.41
2023-08-03,Sachsen-Anhalt,15,00+,8,9,9,9,9,2180684,0.37,0.41,0.41,0.41,0.41
2023-08-02,Sachsen-Anhalt,15,00+,9,10,10,10,10,2180684,0.41,0.46,0.46,0.46,0.46
2023-08-01,Sachsen-Anhalt,15,00+,10,10,10,10,10,2180684,0.46,0.46,0.46,0.46,0.46
2023-07-31,Sachsen-Anhalt,15,00+,11,11,11,11,11,2180684,0.5,0.5,0.5,0.5,0.5
2023-07-30,Sachsen-Anhalt,15,00+,11,11,11,11,11,2180684,0.5,0.5,0.5,0.5,0.5
2023-07-29,Sachsen-Anhalt,15,00+,11,11,11,11,11,2180684,0.5,0.5,0.5,0.5,0.5
2023-07-28,Sachsen-Anhalt,15,00+,10,10,10,10,10,2180684,0.46,0.46,0.46,0.46,0.46
2023-07-27,Sachsen-Anhalt,15,00+,8,9,9,9,9,2180684,0.37,0.41,0.41,0.41,0.41
2023-07-26,Sachsen-Anhalt,15,00+,10,10,10,10,10,2180684,0.46,0.46,0.46,0.46,0.46
2023-07-25,Sachsen-Anhalt,15,00+,8,9,9,9,9,2180684,0.37,0.41,0.41,0.41,0.41
2023-07-24,Sachsen-Anhalt,15,00+,3,5,5,5,5,2180684,0.14,0.23,0.23,0.23,0.23
2023-07-23,Sachsen-Anhalt,15,00+,3,5,5,5,5,2180684,0.14,0.23,0.23,0.23,0.23
2023-07-22,Sachsen-Anhalt,15,00+,3,5,5,5,5,2180684,0.14,0.23,0.23,0.23,0.23
2023-07-21,Sachsen-Anhalt,15,00+,3,4,4,4,4,2180684,0.14,0.18,0.18,0.18,0.18
2023-07-20,Sachsen-Anhalt,15,00+,4,6,6,6,6,2180684,0.18,0.28,0.28,0.28,0.28
2023-07-19,Sachsen-Anhalt,15,00+,4,5,5,5,5,2180684,0.18,0.23,0.23,0.23,0.23
2023-07-18,Sachsen-Anhalt,15,00+,8,8,8,8,8,2180684,0.37,0.37,0.37,0.37,0.37
2023-07-17,Sachsen-Anhalt,15,00+,6,7,7,7,7,2180684,0.28,0.32,0.32,0.32,0.32
2023-07-16,Sachsen-Anhalt,15,00+,6,7,7,7,7,2180684,0.28,0.32,0.32,0.32,0.32
2023-07-15,Sachsen-Anhalt,15,00+,6,7,7,7,7,2180684,0.28,0.32,0.32,0.32,0.32
2023-07-14,Sachsen-Anhalt,15,00+,7,8,8,8,8,2180684,0.32,0.37,0.37,0.37,0.37
2023-07-13,Sachsen-Anhalt,15,00+,5,7,7,7,7,2180684,0.23,0.32,0.32,0.32,0.32
2023-07-12,Sachsen-Anhalt,15,00+,4,6,6,6,6,2180684,0.18,0.28,0.28,0.28,0.28
2023-07-11,Sachsen-Anhalt,15,00+,4,5,5,5,5,2180684,0.18,0.23,0.23,0.23,0.23
2023-07-10,Sachsen-Anhalt,15,00+,4,6,6,6,6,2180684,0.18,0.28,0.28,0.28,0.28
2023-07-09,Sachsen-Anhalt,15,00+,4,6,6,6,6,2180684,0.18,0.28,0.28,0.28,0.28
2023-07-08,Sachsen-Anhalt,15,00+,4,6,6,6,6,2180684,0.18,0.28,0.28,0.28,0.28
2023-07-07,Sachsen-Anhalt,15,00+,4,6,6,6,6,2180684,0.18,0.28,0.28,0.28,0.28
2023-07-06,Sachsen-Anhalt,15,00+,4,5,5,5,5,2180684,0.18,0.23,0.23,0.23,0.23
2023-07-05,Sachsen-Anhalt,15,00+,5,6,6,6,6,2180684,0.23,0.28,0.28,0.28,0.28
2023-07-04,Sachsen-Anhalt,15,00+,3,5,5,5,5,2180684,0.14,0.23,0.23,0.23,0.23
2023-07-03,Sachsen-Anhalt,15,00+,8,9,9,9,9,2180684,0.37,0.41,0.41,0.41,0.41
2023-07-02,Sachsen-Anhalt,15,00+,8,9,9,9,9,2180684,0.37,0.41,0.41,0.41,0.41
2023-07-01,Sachsen-Anhalt,15,00+,8,9,9,9,9,2180684,0.37,0.41,0.41,0.41,0.41
2023-06-30,Sachsen-Anhalt,15,00+,8,10,10,10,10,2180684,0.37,0.46,0.46,0.46,0.46
2023-06-29,Sachsen-Anhalt,15,00+,13,15,15,15,15,2180684,0.6,0.69,0.69,0.69,0.69
2023-06-28,Sachsen-Anhalt,15,00+,11,15,15,15,15,2180684,0.5,0.69,0.69,0.69,0.69
2023-06-27,Sachsen-Anhalt,15,00+,16,19,19,19,19,2180684,0.73,0.87,0.87,0.87,0.87
2023-06-26,Sachsen-Anhalt,15,00+,19,22,22,22,22,2180684,0.87,1.01,1.01,1.01,1.01
2023-06-25,Sachsen-Anhalt,15,00+,19,22,22,22,22,2180684,0.87,1.01,1.01,1.01,1.01
2023-06-24,Sachsen-Anhalt,15,00+,19,22,22,22,22,2180684,0.87,1.01,1.01,1.01,1.01
2023-06-23,Sachsen-Anhalt,15,00+,16,21,21,21,21,2180684,0.73,0.96,0.96,0.96,0.96
2023-06-22,Sachsen-Anhalt,15,00+,15,18,18,18,18,2180684,0.69,0.83,0.83,0.83,0.83
2023-06-21,Sachsen-Anhalt,15,00+,11,20,20,20,20,2180684,0.5,0.92,0.92,0.92,0.92
2023-06-20,Sachsen-Anhalt,15,00+,12,18,18,18,18,2180684,0.55,0.83,0.83,0.83,0.83
2023-06-19,Sachsen-Anhalt,15,00+,15,15,15,15,15,2180684,0.69,0.69,0.69,0.69,0.69
2023-06-18,Sachsen-Anhalt,15,00+,15,15,15,15,15,2180684,0.69,0.69,0.69,0.69,0.69
2023-06-17,Sachsen-Anhalt,15,00+,15,15,15,15,15,2180684,0.69,0.69,0.69,0.69,0.69
2023-06-16,Sachsen-Anhalt,15,00+,14,15,15,15,15,2180684,0.64,0.69,0.69,0.69,0.69
2023-06-15,Sachsen-Anhalt,15,00+,16,18,18,18,18,2180684,0.73,0.83,0.83,0.83,0.83
2023-06-14,Sachsen-Anhalt,15,00+,15,17,17,17,17,2180684,0.69,0.78,0.78,0.78,0.78
2023-06-13,Sachsen-Anhalt,15,00+,13,16,16,16,16,2180684,0.6,0.73,0.73,0.73,0.73
2023-06-12,Sachsen-Anhalt,15,00+,16,18,18,18,18,2180684,0.73,0.83,0.83,0.83,0.83
2023-06-11,Sachsen-Anhalt,15,00+,16,18,18,18,18,2180684,0.73,0.83,0.83,0.83,0.83
2023-06-10,Sachsen-Anhalt,15,00+,16,18,18,18,18,2180684,0.73,0.83,0.83,0.83,0.83
2023-06-09,Sachsen-Anhalt,15,00+,16,20,20,20,20,2180684,0.73,0.92,0.92,0.92,0.92
2023-06-08,Sachsen-Anhalt,15,00+,16,18,18,18,18,2180684,0.73,0.83,0.83,0.83,0.83
2023-06-07,Sachsen-Anhalt,15,00+,19,22,22,22,22,2180684,0.87,1.01,1.01,1.01,1.01
2023-06-06,Sachsen-Anhalt,15,00+,23,27,27,27,27,2180684,1.05,1.24,1.24,1.24,1.24
2023-06-05,Sachsen-Anhalt,15,00+,18,20,20,20,20,2180684,0.83,0.92,0.92,0.92,0.92
2023-06-04,Sachsen-Anhalt,15,00+,18,21,21,21,21,2180684,0.83,0.96,0.96,0.96,0.96
2023-06-03,Sachsen-Anhalt,15,00+,18,21,21,21,21,2180684,0.83,0.96,0.96,0.96,0.96
2023-06-02,Sachsen-Anhalt,15,00+,14,18,18,18,18,2180684,0.64,0.83,0.83,0.83,0.83
2023-06-01,Sachsen-Anhalt,15,00+,17,21,21,21,21,2180684,0.78,0.96,0.96,0.96,0.96
2023-05-31,Sachsen-Anhalt,15,00+,19,30,30,30,30,2180684,0.87,1.38,1.38,1.38,1.38
2023-05-30,Sachsen-Anhalt,15,00+,20,29,29,29,29,2180684,0.92,1.33,1.33,1.33,1.33
2023-05-29,Sachsen-Anhalt,15,00+,47,60,60,60,60,2180684,2.16,2.75,2.75,2.75,2.75
2023-05-28,Sachsen-Anhalt,15,00+,47,59,59,59,59,2180684,2.16,2.71,2.71,2.71,2.71
2023-05-27,Sachsen-Anhalt,15,00+,47,59,59,59,59,2180684,2.16,2.71,2.71,2.71,2.71
2023-05-26,Sachsen-Anhalt,15,00+,51,65,65,65,65,2180684,2.34,2.98,2.98,2.98,2.98
2023-05-25,Sachsen-Anhalt,15,00+,35,59,59,59,59,2180684,1.61,2.71,2.71,2.71,2.71
2023-05-24,Sachsen-Anhalt,15,00+,44,55,55,55,55,2180684,2.02,2.52,2.52,2.52,2.52
2023-05-23,Sachsen-Anhalt,15,00+,47,66,66,66,66,2180684,2.16,3.03,3.03,3.03,3.03
2023-05-22,Sachsen-Anhalt,15,00+,54,61,61,61,61,2180684,2.48,2.8,2.8,2.8,2.8
2023-05-21,Sachsen-Anhalt,15,00+,54,61,61,61,61,2180684,2.48,2.8,2.8,2.8,2.8
2023-05-20,Sachsen-Anhalt,15,00+,54,61,61,61,61,2180684,2.48,2.8,2.8,2.8,2.8
2023-05-19,Sachsen-Anhalt,15,00+,55,60,60,60,60,2180684,2.52,2.75,2.75,2.75,2.75
2023-05-18,Sachsen-Anhalt,15,00+,64,69,69,69,69,2180684,2.93,3.16,3.16,3.16,3.16
2023-05-17,Sachsen-Anhalt,15,00+,56,66,66,66,66,2180684,2.57,3.03,3.03,3.03,3.03
2023-05-16,Sachsen-Anhalt,15,00+,53,63,63,63,63,2180684,2.43,2.89,2.89,2.89,2.89
2023-05-15,Sachsen-Anhalt,15,00+,50,57,57,57,57,2180684,2.29,2.61,2.61,2.61,2.61
2023-05-14,Sachsen-Anhalt,15,00+,51,58,58,58,58,2180684,2.34,2.66,2.66,2.66,2.66
2023-05-13,Sachsen-Anhalt,15,00+,51,58,58,58,58,2180684,2.34,2.66,2.66,2.66,2.66
2023-05-12,Sachsen-Anhalt,15,00+,60,73,73,73,73,2180684,2.75,3.35,3.35,3.35,3.35
2023-05-11,Sachsen-Anhalt,15,00+,57,69,69,69,69,2180684,2.61,3.16,3.16,3.16,3.16
2023-05-10,Sachsen-Anhalt,15,00+,60,85,85,85,85,2180684,2.75,3.9,3.9,3.9,3.9
2023-05-09,Sachsen-Anhalt,15,00+,75,99,99,99,99,2180684,3.44,4.54,4.54,4.54,4.54
2023-05-08,Sachsen-Anhalt,15,00+,59,84,84,84,84,2180684,2.71,3.85,3.85,3.85,3.85
2023-05-07,Sachsen-Anhalt,15,00+,59,83,83,83,83,2180684,2.71,3.81,3.81,3.81,3.81
2023-05-06,Sachsen-Anhalt,15,00+,60,84,84,84,84,2180684,2.75,3.85,3.85,3.85,3.85
2023-05-05,Sachsen-Anhalt,15,00+,58,74,74,74,74,2180684,2.66,3.39,3.39,3.39,3.39
2023-05-04,Sachsen-Anhalt,15,00+,60,87,87,87,87,2180684,2.75,3.99,3.99,3.99,3.99
2023-05-03,Sachsen-Anhalt,15,00+,44,77,77,77,77,2180684,2.02,3.53,3.53,3.53,3.53
2023-05-02,Sachsen-Anhalt,15,00+,47,67,67,67,67,2180684,2.16,3.07,3.07,3.07,3.07
2023-05-01,Sachsen-Anhalt,15,00+,67,83,83,83,83,2180684,3.07,3.81,3.81,3.81,3.81
2023-04-30,Sachsen-Anhalt,15,00+,68,84,84,84,84,2180684,3.12,3.85,3.85,3.85,3.85
2023-04-29,Sachsen-Anhalt,15,00+,68,83,83,83,83,2180684,3.12,3.81,3.81,3.81,3.81
2023-04-28,Sachsen-Anhalt,15,00+,79,94,94,94,94,2180684,3.62,4.31,4.31,4.31,4.31
2023-04-27,Sachsen-Anhalt,15,00+,72,89,89,89,89,2180684,3.3,4.08,4.08,4.08,4.08
2023-04-26,Sachsen-Anhalt,15,00+,62,89,89,89,89,2180684,2.84,4.08,4.08,4.08,4.08
2023-04-25,Sachsen-Anhalt,15,00+,81,106,106,106,106,2180684,3.71,4.86,4.86,4.86,4.86
2023-04-24,Sachsen-Anhalt,15,00+,101,129,129,129,129,2180684,4.63,5.92,5.92,5.92,5.92
2023-04-23,Sachsen-Anhalt,15,00+,103,130,130,130,130,2180684,4.72,5.96,5.96,5.96,5.96
2023-04-22,Sachsen-Anhalt,15,00+,103,130,130,130,130,2180684,4.72,5.96,5.96,5.96,5.96
2023-04-21,Sachsen-Anhalt,15,00+,113,132,132,132,132,2180684,5.18,6.05,6.05,6.05,6.05
2023-04-20,Sachsen-Anhalt,15,00+,123,145,145,145,145,2180684,5.64,6.65,6.65,6.65,6.65
2023-04-19,Sachsen-Anhalt,15,00+,132,164,164,164,164,2180684,6.05,7.52,7.52,7.52,7.52
2023-04-18,Sachsen-Anhalt,15,00+,158,193,193,193,193,2180684,7.25,8.85,8.85,8.85,8.85
2023-04-17,Sachsen-Anhalt,15,00+,127,151,151,151,151,2180684,5.82,6.92,6.92,6.92,6.92
2023-04-16,Sachsen-Anhalt,15,00+,128,152,152,152,152,2180684,5.87,6.97,6.97,6.97,6.97
2023-04-15,Sachsen-Anhalt,15,00+,128,152,152,152,152,2180684,5.87,6.97,6.97,6.97,6.97
2023-04-14,Sachsen-Anhalt,15,00+,97,129,129,129,129,2180684,4.45,5.92,5.92,5.92,5.92
2023-04-13,Sachsen-Anhalt,15,00+,85,124,124,124,124,2180684,3.9,5.69,5.69,5.69,5.69
2023-04-12,Sachsen-Anhalt,15,00+,61,116,116,116,116,2180684,2.8,5.32,5.32,5.32,5.32
2023-04-11,Sachsen-Anhalt,15,00+,48,70,70,70,70,2180684,2.2,3.21,3.21,3.21,3.21
2023-04-10,Sachsen-Anhalt,15,00+,93,123,123,123,123,2180684,4.26,5.64,5.64,5.64,5.64
2023-04-09,Sachsen-Anhalt,15,00+,93,121,121,121,121,2180684,4.26,5.55,5.55,5.55,5.55
2023-04-08,Sachsen-Anhalt,15,00+,93,122,122,122,122,2180684,4.26,5.59,5.59,5.59,5.59
2023-04-07,Sachsen-Anhalt,15,00+,106,137,137,137,137,2180684,4.86,6.28,6.28,6.28,6.28
2023-04-06,Sachsen-Anhalt,15,00+,109,146,146,146,146,2180684,5,6.7,6.7,6.7,6.7
2023-04-05,Sachsen-Anhalt,15,00+,124,158,158,158,158,2180684,5.69,7.25,7.25,7.25,7.25
2023-04-04,Sachsen-Anhalt,15,00+,125,172,172,172,172,2180684,5.73,7.89,7.89,7.89,7.89
2023-04-03,Sachsen-Anhalt,15,00+,126,162,162,162,162,2180684,5.78,7.43,7.43,7.43,7.43
2023-04-02,Sachsen-Anhalt,15,00+,127,162,162,162,162,2180684,5.82,7.43,7.43,7.43,7.43
2023-04-01,Sachsen-Anhalt,15,00+,128,162,162,162,162,2180684,5.87,7.43,7.43,7.43,7.43
2023-03-31,Sachsen-Anhalt,15,00+,131,174,174,174,174,2180684,6.01,7.98,7.98,7.98,7.98
2023-03-30,Sachsen-Anhalt,15,00+,141,179,179,179,179,2180684,6.47,8.21,8.21,8.21,8.21
2023-03-29,Sachsen-Anhalt,15,00+,143,184,184,184,184,2180684,6.56,8.44,8.44,8.44,8.44
2023-03-28,Sachsen-Anhalt,15,00+,164,217,217,217,217,2180684,7.52,9.95,9.95,9.95,9.95
2023-03-27,Sachsen-Anhalt,15,00+,223,281,281,281,281,2180684,10.23,12.89,12.89,12.89,12.89
2023-03-26,Sachsen-Anhalt,15,00+,225,282,282,282,282,2180684,10.32,12.93,12.93,12.93,12.93
2023-03-25,Sachsen-Anhalt,15,00+,227,283,283,283,283,2180684,10.41,12.98,12.98,12.98,12.98
2023-03-24,Sachsen-Anhalt,15,00+,220,288,288,288,288,2180684,10.09,13.21,13.21,13.21,13.21
2023-03-23,Sachsen-Anhalt,15,00+,203,289,289,289,289,2180684,9.31,13.25,13.25,13.25,13.25
2023-03-22,Sachsen-Anhalt,15,00+,202,285,285,285,285,2180684,9.26,13.07,13.07,13.07,13.07
2023-03-21,Sachsen-Anhalt,15,00+,168,257,257,257,257,2180684,7.7,11.79,11.79,11.79,11.79
2023-03-20,Sachsen-Anhalt,15,00+,173,231,231,231,231,2180684,7.93,10.59,10.59,10.59,10.59
2023-03-19,Sachsen-Anhalt,15,00+,174,231,231,231,231,2180684,7.98,10.59,10.59,10.59,10.59
2023-03-18,Sachsen-Anhalt,15,00+,178,233,233,233,233,2180684,8.16,10.68,10.68,10.68,10.68
2023-03-17,Sachsen-Anhalt,15,00+,169,225,225,225,225,2180684,7.75,10.32,10.32,10.32,10.32
2023-03-16,Sachsen-Anhalt,15,00+,157,216,216,216,216,2180684,7.2,9.91,9.91,9.91,9.91
2023-03-15,Sachsen-Anhalt,15,00+,149,209,209,209,209,2180684,6.83,9.58,9.58,9.58,9.58
2023-03-14,Sachsen-Anhalt,15,00+,136,210,210,210,210,2180684,6.24,9.63,9.63,9.63,9.63
2023-03-13,Sachsen-Anhalt,15,00+,151,185,185,185,185,2180684,6.92,8.48,8.48,8.48,8.48
2023-03-12,Sachsen-Anhalt,15,00+,152,184,184,184,184,2180684,6.97,8.44,8.44,8.44,8.44
2023-03-11,Sachsen-Anhalt,15,00+,152,180,180,180,180,2180684,6.97,8.25,8.25,8.25,8.25
2023-03-10,Sachsen-Anhalt,15,00+,152,177,177,177,177,2180684,6.97,8.12,8.12,8.12,8.12
2023-03-09,Sachsen-Anhalt,15,00+,144,177,177,177,177,2180684,6.6,8.12,8.12,8.12,8.12
2023-03-08,Sachsen-Anhalt,15,00+,129,174,174,174,174,2180684,5.92,7.98,7.98,7.98,7.98
2023-03-07,Sachsen-Anhalt,15,00+,117,164,164,164,164,2180684,5.37,7.52,7.52,7.52,7.52
2023-03-06,Sachsen-Anhalt,15,00+,136,168,168,168,168,2180684,6.24,7.7,7.7,7.7,7.7
2023-03-05,Sachsen-Anhalt,15,00+,136,167,167,167,167,2180684,6.24,7.66,7.66,7.66,7.66
2023-03-04,Sachsen-Anhalt,15,00+,136,167,167,167,167,2180684,6.24,7.66,7.66,7.66,7.66
2023-03-03,Sachsen-Anhalt,15,00+,132,164,164,164,164,2180684,6.05,7.52,7.52,7.52,7.52
2023-03-02,Sachsen-Anhalt,15,00+,128,160,160,160,160,2180684,5.87,7.34,7.34,7.34,7.34
2023-03-01,Sachsen-Anhalt,15,00+,103,153,153,153,153,2180684,4.72,7.02,7.02,7.02,7.02
2023-02-28,Sachsen-Anhalt,15,00+,105,152,152,152,152,2180684,4.82,6.97,6.97,6.97,6.97
2023-02-27,Sachsen-Anhalt,15,00+,152,182,182,182,182,2180684,6.97,8.35,8.35,8.35,8.35
2023-02-26,Sachsen-Anhalt,15,00+,152,184,184,184,184,2180684,6.97,8.44,8.44,8.44,8.44
2023-02-25,Sachsen-Anhalt,15,00+,153,187,187,187,187,2180684,7.02,8.58,8.58,8.58,8.58
2023-02-24,Sachsen-Anhalt,15,00+,157,194,194,194,194,2180684,7.2,8.9,8.9,8.9,8.9
2023-02-23,Sachsen-Anhalt,15,00+,151,191,191,191,191,2180684,6.92,8.76,8.76,8.76,8.76
2023-02-22,Sachsen-Anhalt,15,00+,153,200,200,200,200,2180684,7.02,9.17,9.17,9.17,9.17
2023-02-21,Sachsen-Anhalt,15,00+,143,209,209,209,209,2180684,6.56,9.58,9.58,9.58,9.58
2023-02-20,Sachsen-Anhalt,15,00+,134,169,169,169,169,2180684,6.14,7.75,7.75,7.75,7.75
2023-02-19,Sachsen-Anhalt,15,00+,134,167,167,167,167,2180684,6.14,7.66,7.66,7.66,7.66
2023-02-18,Sachsen-Anhalt,15,00+,134,164,164,164,164,2180684,6.14,7.52,7.52,7.52,7.52
2023-02-17,Sachsen-Anhalt,15,00+,118,157,157,157,157,2180684,5.41,7.2,7.2,7.2,7.2
2023-02-16,Sachsen-Anhalt,15,00+,117,163,163,163,163,2180684,5.37,7.47,7.47,7.47,7.47
2023-02-15,Sachsen-Anhalt,15,00+,97,159,159,159,159,2180684,4.45,7.29,7.29,7.29,7.29
2023-02-14,Sachsen-Anhalt,15,00+,73,141,141,141,141,2180684,3.35,6.47,6.47,6.47,6.47
2023-02-13,Sachsen-Anhalt,15,00+,90,127,127,127,127,2180684,4.13,5.82,5.82,5.82,5.82
2023-02-12,Sachsen-Anhalt,15,00+,90,127,127,127,127,2180684,4.13,5.82,5.82,5.82,5.82
2023-02-11,Sachsen-Anhalt,15,00+,90,128,128,128,128,2180684,4.13,5.87,5.87,5.87,5.87
2023-02-10,Sachsen-Anhalt,15,00+,90,133,133,133,133,2180684,4.13,6.1,6.1,6.1,6.1
2023-02-09,Sachsen-Anhalt,15,00+,92,128,128,128,128,2180684,4.22,5.87,5.87,5.87,5.87
2023-02-08,Sachsen-Anhalt,15,00+,88,122,122,122,122,2180684,4.04,5.59,5.59,5.59,5.59
2023-02-07,Sachsen-Anhalt,15,00+,93,135,135,135,135,2180684,4.26,6.19,6.19,6.19,6.19
2023-02-06,Sachsen-Anhalt,15,00+,104,144,144,144,144,2180684,4.77,6.6,6.6,6.6,6.6
2023-02-05,Sachsen-Anhalt,15,00+,104,144,144,144,144,2180684,4.77,6.6,6.6,6.6,6.6
2023-02-04,Sachsen-Anhalt,15,00+,104,143,143,143,143,2180684,4.77,6.56,6.56,6.56,6.56
2023-02-03,Sachsen-Anhalt,15,00+,94,131,131,131,131,2180684,4.31,6.01,6.01,6.01,6.01
2023-02-02,Sachsen-Anhalt,15,00+,91,124,124,124,124,2180684,4.17,5.69,5.69,5.69,5.69
2023-02-01,Sachsen-Anhalt,15,00+,83,118,118,118,118,2180684,3.81,5.41,5.41,5.41,5.41
2023-01-31,Sachsen-Anhalt,15,00+,55,105,105,105,105,2180684,2.52,4.82,4.82,4.82,4.82
2023-01-30,Sachsen-Anhalt,15,00+,61,95,95,95,95,2180684,2.8,4.36,4.36,4.36,4.36
2023-01-29,Sachsen-Anhalt,15,00+,62,96,96,96,96,2180684,2.84,4.4,4.4,4.4,4.4
2023-01-28,Sachsen-Anhalt,15,00+,62,96,96,96,96,2180684,2.84,4.4,4.4,4.4,4.4
2023-01-27,Sachsen-Anhalt,15,00+,76,107,107,107,107,2180684,3.49,4.91,4.91,4.91,4.91
2023-01-26,Sachsen-Anhalt,15,00+,80,108,108,108,108,2180684,3.67,4.95,4.95,4.95,4.95
2023-01-25,Sachsen-Anhalt,15,00+,78,112,112,112,112,2180684,3.58,5.14,5.14,5.14,5.14
2023-01-24,Sachsen-Anhalt,15,00+,71,117,117,117,117,2180684,3.26,5.37,5.37,5.37,5.37
2023-01-23,Sachsen-Anhalt,15,00+,85,116,116,116,116,2180684,3.9,5.32,5.32,5.32,5.32
2023-01-22,Sachsen-Anhalt,15,00+,85,115,115,115,115,2180684,3.9,5.27,5.27,5.27,5.27
2023-01-21,Sachsen-Anhalt,15,00+,88,118,118,118,118,2180684,4.04,5.41,5.41,5.41,5.41
2023-01-20,Sachsen-Anhalt,15,00+,83,112,112,112,112,2180684,3.81,5.14,5.14,5.14,5.14
2023-01-19,Sachsen-Anhalt,15,00+,78,113,113,113,113,2180684,3.58,5.18,5.18,5.18,5.18
2023-01-18,Sachsen-Anhalt,15,00+,87,136,136,136,136,2180684,3.99,6.24,6.24,6.24,6.24
2023-01-17,Sachsen-Anhalt,15,00+,104,144,144,144,144,2180684,4.77,6.6,6.6,6.6,6.6
2023-01-16,Sachsen-Anhalt,15,00+,166,200,200,200,200,2180684,7.61,9.17,9.17,9.17,9.17
2023-01-15,Sachsen-Anhalt,15,00+,169,204,204,204,204,2180684,7.75,9.35,9.35,9.35,9.35
2023-01-14,Sachsen-Anhalt,15,00+,172,204,204,204,204,2180684,7.89,9.35,9.35,9.35,9.35
2023-01-13,Sachsen-Anhalt,15,00+,148,192,192,192,192,2180684,6.79,8.8,8.8,8.8,8.8
2023-01-12,Sachsen-Anhalt,15,00+,165,217,217,217,217,2180684,7.57,9.95,9.95,9.95,9.95
2023-01-11,Sachsen-Anhalt,15,00+,163,216,216,216,216,2180684,7.47,9.91,9.91,9.91,9.91
2023-01-10,Sachsen-Anhalt,15,00+,137,226,226,226,226,2180684,6.28,10.36,10.36,10.36,10.36
2023-01-09,Sachsen-Anhalt,15,00+,159,242,242,242,242,2180684,7.29,11.1,11.1,11.1,11.1
2023-01-08,Sachsen-Anhalt,15,00+,162,241,241,241,241,2180684,7.43,11.05,11.05,11.05,11.05
2023-01-07,Sachsen-Anhalt,15,00+,164,0,0,0,0,2180684,7.52,0,0,0,0
2023-01-06,Sachsen-Anhalt,15,00+,203,0,0,0,0,2180684,9.31,0,0,0,0
2023-01-05,Sachsen-Anhalt,15,00+,213,0,0,0,0,2180684,9.77,0,0,0,0
2023-01-04,Sachsen-Anhalt,15,00+,233,0,0,0,0,2180684,10.68,0,0,0,0
2023-01-03,Sachsen-Anhalt,15,00+,271,0,0,0,0,2180684,12.43,0,0,0,0
2023-01-02,Sachsen-Anhalt,15,00+,225,0,0,0,0,2180684,10.32,0,0,0,0
2023-12-23,Thüringen,16,00+,313,313,NA,NA,NA,2120237,14.76,14.76,NA,NA,NA
2023-12-22,Thüringen,16,00+,350,382,NA,NA,NA,2120237,16.51,18.02,NA,NA,NA
2023-12-21,Thüringen,16,00+,363,389,NA,NA,NA,2120237,17.12,18.35,NA,NA,NA
2023-12-20,Thüringen,16,00+,355,414,463,452,474,2120237,16.74,19.53,21.87,21.36,22.38
2023-12-19,Thüringen,16,00+,338,421,465,455,475,2120237,15.94,19.86,21.95,21.47,22.44
2023-12-18,Thüringen,16,00+,352,392,425,417,434,2120237,16.6,18.49,20.06,19.69,20.49
2023-12-17,Thüringen,16,00+,353,391,424,416,433,2120237,16.65,18.44,20.01,19.64,20.43
2023-12-16,Thüringen,16,00+,356,389,421,414,430,2120237,16.79,18.35,19.89,19.53,20.31
2023-12-15,Thüringen,16,00+,263,327,350,344,357,2120237,12.4,15.42,16.54,16.27,16.87
2023-12-14,Thüringen,16,00+,261,348,369,364,376,2120237,12.31,16.41,17.44,17.17,17.76
2023-12-13,Thüringen,16,00+,251,334,352,347,358,2120237,11.84,15.75,16.62,16.39,16.92
2023-12-12,Thüringen,16,00+,238,305,319,315,324,2120237,11.23,14.39,15.05,14.87,15.31
2023-12-11,Thüringen,16,00+,230,289,298,295,303,2120237,10.85,13.63,14.09,13.94,14.31
2023-12-10,Thüringen,16,00+,233,292,301,298,306,2120237,10.99,13.77,14.23,14.09,14.45
2023-12-09,Thüringen,16,00+,235,291,300,297,305,2120237,11.08,13.72,14.18,14.03,14.4
2023-12-08,Thüringen,16,00+,224,285,293,290,298,2120237,10.56,13.44,13.86,13.72,14.07
2023-12-07,Thüringen,16,00+,204,256,262,260,266,2120237,9.62,12.07,12.4,12.28,12.58
2023-12-06,Thüringen,16,00+,193,261,267,264,270,2120237,9.1,12.31,12.6,12.49,12.78
2023-12-05,Thüringen,16,00+,188,260,265,263,269,2120237,8.87,12.26,12.52,12.42,12.69
2023-12-04,Thüringen,16,00+,192,239,242,241,246,2120237,9.06,11.27,11.46,11.38,11.6
2023-12-03,Thüringen,16,00+,196,240,243,242,246,2120237,9.24,11.32,11.51,11.42,11.65
2023-12-02,Thüringen,16,00+,200,242,245,244,248,2120237,9.43,11.41,11.6,11.52,11.74
2023-12-01,Thüringen,16,00+,192,241,244,243,247,2120237,9.06,11.37,11.54,11.46,11.67
2023-11-30,Thüringen,16,00+,197,244,247,245,249,2120237,9.29,11.51,11.66,11.59,11.79
2023-11-29,Thüringen,16,00+,177,241,243,242,246,2120237,8.35,11.37,11.5,11.44,11.61
2023-11-28,Thüringen,16,00+,189,245,247,246,249,2120237,8.91,11.56,11.67,11.62,11.77
2023-11-27,Thüringen,16,00+,234,278,280,279,281,2120237,11.04,13.11,13.21,13.17,13.27
2023-11-26,Thüringen,16,00+,237,279,281,280,282,2120237,11.18,13.16,13.25,13.22,13.32
2023-11-25,Thüringen,16,00+,239,277,278,278,280,2120237,11.27,13.06,13.16,13.12,13.22
2023-11-24,Thüringen,16,00+,240,283,284,284,285,2120237,11.32,13.35,13.43,13.4,13.49
2023-11-23,Thüringen,16,00+,261,295,296,295,297,2120237,12.31,13.91,13.99,13.96,14.03
2023-11-22,Thüringen,16,00+,242,311,312,311,312,2120237,11.41,14.67,14.73,14.71,14.76
2023-11-21,Thüringen,16,00+,248,307,307,307,308,2120237,11.7,14.48,14.53,14.51,14.54
2023-11-20,Thüringen,16,00+,238,283,283,283,283,2120237,11.23,13.35,13.37,13.36,13.38
2023-11-19,Thüringen,16,00+,239,278,278,278,278,2120237,11.27,13.11,13.13,13.13,13.14
2023-11-18,Thüringen,16,00+,244,281,281,281,281,2120237,11.51,13.25,13.27,13.27,13.28
2023-11-17,Thüringen,16,00+,231,297,297,297,297,2120237,10.9,14.01,14.02,14.02,14.03
2023-11-16,Thüringen,16,00+,256,314,314,314,314,2120237,12.07,14.81,14.82,14.82,14.82
2023-11-15,Thüringen,16,00+,245,303,303,303,303,2120237,11.56,14.29,14.3,14.29,14.3
2023-11-14,Thüringen,16,00+,223,291,291,291,291,2120237,10.52,13.72,13.73,13.73,13.73
2023-11-13,Thüringen,16,00+,312,368,368,368,368,2120237,14.72,17.36,17.36,17.36,17.36
2023-11-12,Thüringen,16,00+,312,367,367,367,367,2120237,14.72,17.31,17.31,17.31,17.31
2023-11-11,Thüringen,16,00+,317,367,367,367,367,2120237,14.95,17.31,17.31,17.31,17.31
2023-11-10,Thüringen,16,00+,294,358,358,358,358,2120237,13.87,16.88,16.88,16.88,16.88
2023-11-09,Thüringen,16,00+,284,324,324,324,324,2120237,13.39,15.28,15.28,15.28,15.28
2023-11-08,Thüringen,16,00+,328,381,381,381,381,2120237,15.47,17.97,17.97,17.97,17.97
2023-11-07,Thüringen,16,00+,214,358,358,358,358,2120237,10.09,16.88,16.88,16.88,16.88
2023-11-06,Thüringen,16,00+,188,249,249,249,249,2120237,8.87,11.74,11.74,11.74,11.74
2023-11-05,Thüringen,16,00+,190,251,251,251,251,2120237,8.96,11.84,11.84,11.84,11.84
2023-11-04,Thüringen,16,00+,191,247,247,247,247,2120237,9.01,11.65,11.65,11.65,11.65
2023-11-03,Thüringen,16,00+,190,242,242,242,242,2120237,8.96,11.41,11.41,11.41,11.41
2023-11-02,Thüringen,16,00+,180,234,234,234,234,2120237,8.49,11.04,11.04,11.04,11.04
2023-11-01,Thüringen,16,00+,106,160,160,160,160,2120237,5,7.55,7.55,7.55,7.55
2023-10-31,Thüringen,16,00+,159,211,211,211,211,2120237,7.5,9.95,9.95,9.95,9.95
2023-10-30,Thüringen,16,00+,182,222,222,222,222,2120237,8.58,10.47,10.47,10.47,10.47
2023-10-29,Thüringen,16,00+,184,222,222,222,222,2120237,8.68,10.47,10.47,10.47,10.47
2023-10-28,Thüringen,16,00+,185,223,223,223,223,2120237,8.73,10.52,10.52,10.52,10.52
2023-10-27,Thüringen,16,00+,159,208,208,208,208,2120237,7.5,9.81,9.81,9.81,9.81
2023-10-26,Thüringen,16,00+,153,193,193,193,193,2120237,7.22,9.1,9.1,9.1,9.1
2023-10-25,Thüringen,16,00+,132,188,188,188,188,2120237,6.23,8.87,8.87,8.87,8.87
2023-10-24,Thüringen,16,00+,110,151,151,151,151,2120237,5.19,7.12,7.12,7.12,7.12
2023-10-23,Thüringen,16,00+,124,157,157,157,157,2120237,5.85,7.4,7.4,7.4,7.4
2023-10-22,Thüringen,16,00+,124,159,159,159,159,2120237,5.85,7.5,7.5,7.5,7.5
2023-10-21,Thüringen,16,00+,124,158,158,158,158,2120237,5.85,7.45,7.45,7.45,7.45
2023-10-20,Thüringen,16,00+,130,164,164,164,164,2120237,6.13,7.73,7.73,7.73,7.73
2023-10-19,Thüringen,16,00+,133,178,178,178,178,2120237,6.27,8.4,8.4,8.4,8.4
2023-10-18,Thüringen,16,00+,130,169,169,169,169,2120237,6.13,7.97,7.97,7.97,7.97
2023-10-17,Thüringen,16,00+,135,177,177,177,177,2120237,6.37,8.35,8.35,8.35,8.35
2023-10-16,Thüringen,16,00+,108,140,140,140,140,2120237,5.09,6.6,6.6,6.6,6.6
2023-10-15,Thüringen,16,00+,108,136,136,136,136,2120237,5.09,6.41,6.41,6.41,6.41
2023-10-14,Thüringen,16,00+,108,136,136,136,136,2120237,5.09,6.41,6.41,6.41,6.41
2023-10-13,Thüringen,16,00+,87,128,128,128,128,2120237,4.1,6.04,6.04,6.04,6.04
2023-10-12,Thüringen,16,00+,88,111,111,111,111,2120237,4.15,5.24,5.24,5.24,5.24
2023-10-11,Thüringen,16,00+,95,125,125,125,125,2120237,4.48,5.9,5.9,5.9,5.9
2023-10-10,Thüringen,16,00+,74,95,95,95,95,2120237,3.49,4.48,4.48,4.48,4.48
2023-10-09,Thüringen,16,00+,66,81,81,81,81,2120237,3.11,3.82,3.82,3.82,3.82
2023-10-08,Thüringen,16,00+,67,82,82,82,82,2120237,3.16,3.87,3.87,3.87,3.87
2023-10-07,Thüringen,16,00+,68,82,82,82,82,2120237,3.21,3.87,3.87,3.87,3.87
2023-10-06,Thüringen,16,00+,59,74,74,74,74,2120237,2.78,3.49,3.49,3.49,3.49
2023-10-05,Thüringen,16,00+,59,73,73,73,73,2120237,2.78,3.44,3.44,3.44,3.44
2023-10-04,Thüringen,16,00+,30,49,49,49,49,2120237,1.41,2.31,2.31,2.31,2.31
2023-10-03,Thüringen,16,00+,42,61,61,61,61,2120237,1.98,2.88,2.88,2.88,2.88
2023-10-02,Thüringen,16,00+,61,77,77,77,77,2120237,2.88,3.63,3.63,3.63,3.63
2023-10-01,Thüringen,16,00+,61,76,76,76,76,2120237,2.88,3.58,3.58,3.58,3.58
2023-09-30,Thüringen,16,00+,61,75,75,75,75,2120237,2.88,3.54,3.54,3.54,3.54
2023-09-29,Thüringen,16,00+,54,76,76,76,76,2120237,2.55,3.58,3.58,3.58,3.58
2023-09-28,Thüringen,16,00+,50,77,77,77,77,2120237,2.36,3.63,3.63,3.63,3.63
2023-09-27,Thüringen,16,00+,51,69,69,69,69,2120237,2.41,3.25,3.25,3.25,3.25
2023-09-26,Thüringen,16,00+,47,71,71,71,71,2120237,2.22,3.35,3.35,3.35,3.35
2023-09-25,Thüringen,16,00+,37,62,62,62,62,2120237,1.75,2.92,2.92,2.92,2.92
2023-09-24,Thüringen,16,00+,38,63,63,63,63,2120237,1.79,2.97,2.97,2.97,2.97
2023-09-23,Thüringen,16,00+,39,64,64,64,64,2120237,1.84,3.02,3.02,3.02,3.02
2023-09-22,Thüringen,16,00+,35,61,61,61,61,2120237,1.65,2.88,2.88,2.88,2.88
2023-09-21,Thüringen,16,00+,38,59,59,59,59,2120237,1.79,2.78,2.78,2.78,2.78
2023-09-20,Thüringen,16,00+,41,63,63,63,63,2120237,1.93,2.97,2.97,2.97,2.97
2023-09-19,Thüringen,16,00+,40,62,62,62,62,2120237,1.89,2.92,2.92,2.92,2.92
2023-09-18,Thüringen,16,00+,38,58,58,58,58,2120237,1.79,2.74,2.74,2.74,2.74
2023-09-17,Thüringen,16,00+,38,57,57,57,57,2120237,1.79,2.69,2.69,2.69,2.69
2023-09-16,Thüringen,16,00+,38,56,56,56,56,2120237,1.79,2.64,2.64,2.64,2.64
2023-09-15,Thüringen,16,00+,33,57,57,57,57,2120237,1.56,2.69,2.69,2.69,2.69
2023-09-14,Thüringen,16,00+,34,56,56,56,56,2120237,1.6,2.64,2.64,2.64,2.64
2023-09-13,Thüringen,16,00+,35,61,61,61,61,2120237,1.65,2.88,2.88,2.88,2.88
2023-09-12,Thüringen,16,00+,36,57,57,57,57,2120237,1.7,2.69,2.69,2.69,2.69
2023-09-11,Thüringen,16,00+,39,53,53,53,53,2120237,1.84,2.5,2.5,2.5,2.5
2023-09-10,Thüringen,16,00+,39,53,53,53,53,2120237,1.84,2.5,2.5,2.5,2.5
2023-09-09,Thüringen,16,00+,39,53,53,53,53,2120237,1.84,2.5,2.5,2.5,2.5
2023-09-08,Thüringen,16,00+,42,57,57,57,57,2120237,1.98,2.69,2.69,2.69,2.69
2023-09-07,Thüringen,16,00+,44,55,55,55,55,2120237,2.08,2.59,2.59,2.59,2.59
2023-09-06,Thüringen,16,00+,38,50,50,50,50,2120237,1.79,2.36,2.36,2.36,2.36
2023-09-05,Thüringen,16,00+,32,45,45,45,45,2120237,1.51,2.12,2.12,2.12,2.12
2023-09-04,Thüringen,16,00+,28,38,38,38,38,2120237,1.32,1.79,1.79,1.79,1.79
2023-09-03,Thüringen,16,00+,28,38,38,38,38,2120237,1.32,1.79,1.79,1.79,1.79
2023-09-02,Thüringen,16,00+,28,38,38,38,38,2120237,1.32,1.79,1.79,1.79,1.79
2023-09-01,Thüringen,16,00+,20,28,28,28,28,2120237,0.94,1.32,1.32,1.32,1.32
2023-08-31,Thüringen,16,00+,21,24,24,24,24,2120237,0.99,1.13,1.13,1.13,1.13
2023-08-30,Thüringen,16,00+,20,21,21,21,21,2120237,0.94,0.99,0.99,0.99,0.99
2023-08-29,Thüringen,16,00+,31,32,32,32,32,2120237,1.46,1.51,1.51,1.51,1.51
2023-08-28,Thüringen,16,00+,0,39,39,39,39,2120237,0,1.84,1.84,1.84,1.84
2023-08-27,Thüringen,16,00+,0,40,40,40,40,2120237,0,1.89,1.89,1.89,1.89
2023-08-26,Thüringen,16,00+,0,41,41,41,41,2120237,0,1.93,1.93,1.93,1.93
2023-08-25,Thüringen,16,00+,0,47,47,47,47,2120237,0,2.22,2.22,2.22,2.22
2023-08-24,Thüringen,16,00+,47,50,50,50,50,2120237,2.22,2.36,2.36,2.36,2.36
2023-08-23,Thüringen,16,00+,46,51,51,51,51,2120237,2.17,2.41,2.41,2.41,2.41
2023-08-22,Thüringen,16,00+,37,42,42,42,42,2120237,1.75,1.98,1.98,1.98,1.98
2023-08-21,Thüringen,16,00+,25,41,41,41,41,2120237,1.18,1.93,1.93,1.93,1.93
2023-08-20,Thüringen,16,00+,25,40,40,40,40,2120237,1.18,1.89,1.89,1.89,1.89
2023-08-19,Thüringen,16,00+,26,40,40,40,40,2120237,1.23,1.89,1.89,1.89,1.89
2023-08-18,Thüringen,16,00+,20,32,32,32,32,2120237,0.94,1.51,1.51,1.51,1.51
2023-08-17,Thüringen,16,00+,20,28,28,28,28,2120237,0.94,1.32,1.32,1.32,1.32
2023-08-16,Thüringen,16,00+,18,25,25,25,25,2120237,0.85,1.18,1.18,1.18,1.18
2023-08-15,Thüringen,16,00+,16,25,25,25,25,2120237,0.75,1.18,1.18,1.18,1.18
2023-08-14,Thüringen,16,00+,22,24,24,24,24,2120237,1.04,1.13,1.13,1.13,1.13
2023-08-13,Thüringen,16,00+,23,25,25,25,25,2120237,1.08,1.18,1.18,1.18,1.18
2023-08-12,Thüringen,16,00+,23,24,24,24,24,2120237,1.08,1.13,1.13,1.13,1.13
2023-08-11,Thüringen,16,00+,23,26,26,26,26,2120237,1.08,1.23,1.23,1.23,1.23
2023-08-10,Thüringen,16,00+,21,21,21,21,21,2120237,0.99,0.99,0.99,0.99,0.99
2023-08-09,Thüringen,16,00+,17,24,24,24,24,2120237,0.8,1.13,1.13,1.13,1.13
2023-08-08,Thüringen,16,00+,11,20,20,20,20,2120237,0.52,0.94,0.94,0.94,0.94
2023-08-07,Thüringen,16,00+,11,15,15,15,15,2120237,0.52,0.71,0.71,0.71,0.71
2023-08-06,Thüringen,16,00+,12,15,15,15,15,2120237,0.57,0.71,0.71,0.71,0.71
2023-08-05,Thüringen,16,00+,12,15,15,15,15,2120237,0.57,0.71,0.71,0.71,0.71
2023-08-04,Thüringen,16,00+,12,13,13,13,13,2120237,0.57,0.61,0.61,0.61,0.61
2023-08-03,Thüringen,16,00+,18,20,20,20,20,2120237,0.85,0.94,0.94,0.94,0.94
2023-08-02,Thüringen,16,00+,23,27,27,27,27,2120237,1.08,1.27,1.27,1.27,1.27
2023-08-01,Thüringen,16,00+,24,28,28,28,28,2120237,1.13,1.32,1.32,1.32,1.32
2023-07-31,Thüringen,16,00+,19,24,24,24,24,2120237,0.9,1.13,1.13,1.13,1.13
2023-07-30,Thüringen,16,00+,19,23,23,23,23,2120237,0.9,1.08,1.08,1.08,1.08
2023-07-29,Thüringen,16,00+,20,24,24,24,24,2120237,0.94,1.13,1.13,1.13,1.13
2023-07-28,Thüringen,16,00+,17,25,25,25,25,2120237,0.8,1.18,1.18,1.18,1.18
2023-07-27,Thüringen,16,00+,15,19,19,19,19,2120237,0.71,0.9,0.9,0.9,0.9
2023-07-26,Thüringen,16,00+,6,10,10,10,10,2120237,0.28,0.47,0.47,0.47,0.47
2023-07-25,Thüringen,16,00+,8,10,10,10,10,2120237,0.38,0.47,0.47,0.47,0.47
2023-07-24,Thüringen,16,00+,7,11,11,11,11,2120237,0.33,0.52,0.52,0.52,0.52
2023-07-23,Thüringen,16,00+,7,11,11,11,11,2120237,0.33,0.52,0.52,0.52,0.52
2023-07-22,Thüringen,16,00+,8,11,11,11,11,2120237,0.38,0.52,0.52,0.52,0.52
2023-07-21,Thüringen,16,00+,10,12,12,12,12,2120237,0.47,0.57,0.57,0.57,0.57
2023-07-20,Thüringen,16,00+,11,12,12,12,12,2120237,0.52,0.57,0.57,0.57,0.57
2023-07-19,Thüringen,16,00+,8,15,15,15,15,2120237,0.38,0.71,0.71,0.71,0.71
2023-07-18,Thüringen,16,00+,8,11,11,11,11,2120237,0.38,0.52,0.52,0.52,0.52
2023-07-17,Thüringen,16,00+,9,13,13,13,13,2120237,0.42,0.61,0.61,0.61,0.61
2023-07-16,Thüringen,16,00+,9,13,13,13,13,2120237,0.42,0.61,0.61,0.61,0.61
2023-07-15,Thüringen,16,00+,9,12,12,12,12,2120237,0.42,0.57,0.57,0.57,0.57
2023-07-14,Thüringen,16,00+,7,11,11,11,11,2120237,0.33,0.52,0.52,0.52,0.52
2023-07-13,Thüringen,16,00+,12,15,15,15,15,2120237,0.57,0.71,0.71,0.71,0.71
2023-07-12,Thüringen,16,00+,12,12,12,12,12,2120237,0.57,0.57,0.57,0.57,0.57
2023-07-11,Thüringen,16,00+,10,12,12,12,12,2120237,0.47,0.57,0.57,0.57,0.57
2023-07-10,Thüringen,16,00+,10,11,11,11,11,2120237,0.47,0.52,0.52,0.52,0.52
2023-07-09,Thüringen,16,00+,10,11,11,11,11,2120237,0.47,0.52,0.52,0.52,0.52
2023-07-08,Thüringen,16,00+,10,11,11,11,11,2120237,0.47,0.52,0.52,0.52,0.52
2023-07-07,Thüringen,16,00+,10,12,12,12,12,2120237,0.47,0.57,0.57,0.57,0.57
2023-07-06,Thüringen,16,00+,8,8,8,8,8,2120237,0.38,0.38,0.38,0.38,0.38
2023-07-05,Thüringen,16,00+,11,12,12,12,12,2120237,0.52,0.57,0.57,0.57,0.57
2023-07-04,Thüringen,16,00+,8,15,15,15,15,2120237,0.38,0.71,0.71,0.71,0.71
2023-07-03,Thüringen,16,00+,8,13,13,13,13,2120237,0.38,0.61,0.61,0.61,0.61
2023-07-02,Thüringen,16,00+,8,13,13,13,13,2120237,0.38,0.61,0.61,0.61,0.61
2023-07-01,Thüringen,16,00+,8,13,13,13,13,2120237,0.38,0.61,0.61,0.61,0.61
2023-06-30,Thüringen,16,00+,6,12,12,12,12,2120237,0.28,0.57,0.57,0.57,0.57
2023-06-29,Thüringen,16,00+,7,12,12,12,12,2120237,0.33,0.57,0.57,0.57,0.57
2023-06-28,Thüringen,16,00+,7,13,13,13,13,2120237,0.33,0.61,0.61,0.61,0.61
2023-06-27,Thüringen,16,00+,7,11,11,11,11,2120237,0.33,0.52,0.52,0.52,0.52
2023-06-26,Thüringen,16,00+,12,14,14,14,14,2120237,0.57,0.66,0.66,0.66,0.66
2023-06-25,Thüringen,16,00+,12,14,14,14,14,2120237,0.57,0.66,0.66,0.66,0.66
2023-06-24,Thüringen,16,00+,12,14,14,14,14,2120237,0.57,0.66,0.66,0.66,0.66
2023-06-23,Thüringen,16,00+,15,16,16,16,16,2120237,0.71,0.75,0.75,0.75,0.75
2023-06-22,Thüringen,16,00+,20,23,23,23,23,2120237,0.94,1.08,1.08,1.08,1.08
2023-06-21,Thüringen,16,00+,17,17,17,17,17,2120237,0.8,0.8,0.8,0.8,0.8
2023-06-20,Thüringen,16,00+,21,22,22,22,22,2120237,0.99,1.04,1.04,1.04,1.04
2023-06-19,Thüringen,16,00+,22,29,29,29,29,2120237,1.04,1.37,1.37,1.37,1.37
2023-06-18,Thüringen,16,00+,23,30,30,30,30,2120237,1.08,1.41,1.41,1.41,1.41
2023-06-17,Thüringen,16,00+,23,30,30,30,30,2120237,1.08,1.41,1.41,1.41,1.41
2023-06-16,Thüringen,16,00+,22,31,31,31,31,2120237,1.04,1.46,1.46,1.46,1.46
2023-06-15,Thüringen,16,00+,20,24,24,24,24,2120237,0.94,1.13,1.13,1.13,1.13
2023-06-14,Thüringen,16,00+,17,25,25,25,25,2120237,0.8,1.18,1.18,1.18,1.18
2023-06-13,Thüringen,16,00+,19,27,27,27,27,2120237,0.9,1.27,1.27,1.27,1.27
2023-06-12,Thüringen,16,00+,20,27,27,27,27,2120237,0.94,1.27,1.27,1.27,1.27
2023-06-11,Thüringen,16,00+,20,26,26,26,26,2120237,0.94,1.23,1.23,1.23,1.23
2023-06-10,Thüringen,16,00+,20,26,26,26,26,2120237,0.94,1.23,1.23,1.23,1.23
2023-06-09,Thüringen,16,00+,18,24,24,24,24,2120237,0.85,1.13,1.13,1.13,1.13
2023-06-08,Thüringen,16,00+,15,27,27,27,27,2120237,0.71,1.27,1.27,1.27,1.27
2023-06-07,Thüringen,16,00+,20,31,31,31,31,2120237,0.94,1.46,1.46,1.46,1.46
2023-06-06,Thüringen,16,00+,25,36,36,36,36,2120237,1.18,1.7,1.7,1.7,1.7
2023-06-05,Thüringen,16,00+,19,24,24,24,24,2120237,0.9,1.13,1.13,1.13,1.13
2023-06-04,Thüringen,16,00+,19,24,24,24,24,2120237,0.9,1.13,1.13,1.13,1.13
2023-06-03,Thüringen,16,00+,19,24,24,24,24,2120237,0.9,1.13,1.13,1.13,1.13
2023-06-02,Thüringen,16,00+,19,26,26,26,26,2120237,0.9,1.23,1.23,1.23,1.23
2023-06-01,Thüringen,16,00+,19,34,34,34,34,2120237,0.9,1.6,1.6,1.6,1.6
2023-05-31,Thüringen,16,00+,21,36,36,36,36,2120237,0.99,1.7,1.7,1.7,1.7
2023-05-30,Thüringen,16,00+,14,25,25,25,25,2120237,0.66,1.18,1.18,1.18,1.18
2023-05-29,Thüringen,16,00+,29,40,40,40,40,2120237,1.37,1.89,1.89,1.89,1.89
2023-05-28,Thüringen,16,00+,29,40,40,40,40,2120237,1.37,1.89,1.89,1.89,1.89
2023-05-27,Thüringen,16,00+,29,41,41,41,41,2120237,1.37,1.93,1.93,1.93,1.93
2023-05-26,Thüringen,16,00+,31,43,43,43,43,2120237,1.46,2.03,2.03,2.03,2.03
2023-05-25,Thüringen,16,00+,29,35,35,35,35,2120237,1.37,1.65,1.65,1.65,1.65
2023-05-24,Thüringen,16,00+,32,38,38,38,38,2120237,1.51,1.79,1.79,1.79,1.79
2023-05-23,Thüringen,16,00+,38,53,53,53,53,2120237,1.79,2.5,2.5,2.5,2.5
2023-05-22,Thüringen,16,00+,27,46,46,46,46,2120237,1.27,2.17,2.17,2.17,2.17
2023-05-21,Thüringen,16,00+,27,46,46,46,46,2120237,1.27,2.17,2.17,2.17,2.17
2023-05-20,Thüringen,16,00+,27,45,45,45,45,2120237,1.27,2.12,2.12,2.12,2.12
2023-05-19,Thüringen,16,00+,34,48,48,48,48,2120237,1.6,2.26,2.26,2.26,2.26
2023-05-18,Thüringen,16,00+,44,57,57,57,57,2120237,2.08,2.69,2.69,2.69,2.69
2023-05-17,Thüringen,16,00+,39,52,52,52,52,2120237,1.84,2.45,2.45,2.45,2.45
2023-05-16,Thüringen,16,00+,38,47,47,47,47,2120237,1.79,2.22,2.22,2.22,2.22
2023-05-15,Thüringen,16,00+,68,77,77,77,77,2120237,3.21,3.63,3.63,3.63,3.63
2023-05-14,Thüringen,16,00+,68,78,78,78,78,2120237,3.21,3.68,3.68,3.68,3.68
2023-05-13,Thüringen,16,00+,71,81,81,81,81,2120237,3.35,3.82,3.82,3.82,3.82
2023-05-12,Thüringen,16,00+,69,78,78,78,78,2120237,3.25,3.68,3.68,3.68,3.68
2023-05-11,Thüringen,16,00+,64,73,73,73,73,2120237,3.02,3.44,3.44,3.44,3.44
2023-05-10,Thüringen,16,00+,68,86,86,86,86,2120237,3.21,4.06,4.06,4.06,4.06
2023-05-09,Thüringen,16,00+,97,115,115,115,115,2120237,4.57,5.42,5.42,5.42,5.42
2023-05-08,Thüringen,16,00+,68,79,79,79,79,2120237,3.21,3.73,3.73,3.73,3.73
2023-05-07,Thüringen,16,00+,69,79,79,79,79,2120237,3.25,3.73,3.73,3.73,3.73
2023-05-06,Thüringen,16,00+,73,80,80,80,80,2120237,3.44,3.77,3.77,3.77,3.77
2023-05-05,Thüringen,16,00+,74,90,90,90,90,2120237,3.49,4.24,4.24,4.24,4.24
2023-05-04,Thüringen,16,00+,80,99,99,99,99,2120237,3.77,4.67,4.67,4.67,4.67
2023-05-03,Thüringen,16,00+,77,102,102,102,102,2120237,3.63,4.81,4.81,4.81,4.81
2023-05-02,Thüringen,16,00+,65,87,87,87,87,2120237,3.07,4.1,4.1,4.1,4.1
2023-05-01,Thüringen,16,00+,92,116,116,116,116,2120237,4.34,5.47,5.47,5.47,5.47
2023-04-30,Thüringen,16,00+,95,119,119,119,119,2120237,4.48,5.61,5.61,5.61,5.61
2023-04-29,Thüringen,16,00+,96,116,116,116,116,2120237,4.53,5.47,5.47,5.47,5.47
2023-04-28,Thüringen,16,00+,90,113,113,113,113,2120237,4.24,5.33,5.33,5.33,5.33
2023-04-27,Thüringen,16,00+,72,104,104,104,104,2120237,3.4,4.91,4.91,4.91,4.91
2023-04-26,Thüringen,16,00+,59,90,90,90,90,2120237,2.78,4.24,4.24,4.24,4.24
2023-04-25,Thüringen,16,00+,55,82,82,82,82,2120237,2.59,3.87,3.87,3.87,3.87
2023-04-24,Thüringen,16,00+,58,81,81,81,81,2120237,2.74,3.82,3.82,3.82,3.82
2023-04-23,Thüringen,16,00+,59,78,78,78,78,2120237,2.78,3.68,3.68,3.68,3.68
2023-04-22,Thüringen,16,00+,61,81,81,81,81,2120237,2.88,3.82,3.82,3.82,3.82
2023-04-21,Thüringen,16,00+,70,88,88,88,88,2120237,3.3,4.15,4.15,4.15,4.15
2023-04-20,Thüringen,16,00+,86,111,111,111,111,2120237,4.06,5.24,5.24,5.24,5.24
2023-04-19,Thüringen,16,00+,102,133,133,133,133,2120237,4.81,6.27,6.27,6.27,6.27
2023-04-18,Thüringen,16,00+,136,182,182,182,182,2120237,6.41,8.58,8.58,8.58,8.58
2023-04-17,Thüringen,16,00+,116,153,153,153,153,2120237,5.47,7.22,7.22,7.22,7.22
2023-04-16,Thüringen,16,00+,123,160,160,160,160,2120237,5.8,7.55,7.55,7.55,7.55
2023-04-15,Thüringen,16,00+,125,158,158,158,158,2120237,5.9,7.45,7.45,7.45,7.45
2023-04-14,Thüringen,16,00+,106,143,143,143,143,2120237,5,6.74,6.74,6.74,6.74
2023-04-13,Thüringen,16,00+,105,144,144,144,144,2120237,4.95,6.79,6.79,6.79,6.79
2023-04-12,Thüringen,16,00+,90,138,138,138,138,2120237,4.24,6.51,6.51,6.51,6.51
2023-04-11,Thüringen,16,00+,69,113,113,113,113,2120237,3.25,5.33,5.33,5.33,5.33
2023-04-10,Thüringen,16,00+,115,159,159,159,159,2120237,5.42,7.5,7.5,7.5,7.5
2023-04-09,Thüringen,16,00+,125,161,161,161,161,2120237,5.9,7.59,7.59,7.59,7.59
2023-04-08,Thüringen,16,00+,128,162,162,162,162,2120237,6.04,7.64,7.64,7.64,7.64
2023-04-07,Thüringen,16,00+,144,173,173,173,173,2120237,6.79,8.16,8.16,8.16,8.16
2023-04-06,Thüringen,16,00+,151,184,184,184,184,2120237,7.12,8.68,8.68,8.68,8.68
2023-04-05,Thüringen,16,00+,122,187,187,187,187,2120237,5.75,8.82,8.82,8.82,8.82
2023-04-04,Thüringen,16,00+,141,188,188,188,188,2120237,6.65,8.87,8.87,8.87,8.87
2023-04-03,Thüringen,16,00+,172,206,206,206,206,2120237,8.11,9.72,9.72,9.72,9.72
2023-04-02,Thüringen,16,00+,179,203,203,203,203,2120237,8.44,9.57,9.57,9.57,9.57
2023-04-01,Thüringen,16,00+,181,203,203,203,203,2120237,8.54,9.57,9.57,9.57,9.57
2023-03-31,Thüringen,16,00+,194,224,224,224,224,2120237,9.15,10.56,10.56,10.56,10.56
2023-03-30,Thüringen,16,00+,212,228,228,228,228,2120237,10,10.75,10.75,10.75,10.75
2023-03-29,Thüringen,16,00+,202,239,239,239,239,2120237,9.53,11.27,11.27,11.27,11.27
2023-03-28,Thüringen,16,00+,236,266,266,266,266,2120237,11.13,12.55,12.55,12.55,12.55
2023-03-27,Thüringen,16,00+,248,294,294,294,294,2120237,11.7,13.87,13.87,13.87,13.87
2023-03-26,Thüringen,16,00+,256,296,296,296,296,2120237,12.07,13.96,13.96,13.96,13.96
2023-03-25,Thüringen,16,00+,263,301,301,301,301,2120237,12.4,14.2,14.2,14.2,14.2
2023-03-24,Thüringen,16,00+,276,319,319,319,319,2120237,13.02,15.05,15.05,15.05,15.05
2023-03-23,Thüringen,16,00+,280,327,327,327,327,2120237,13.21,15.42,15.42,15.42,15.42
2023-03-22,Thüringen,16,00+,284,336,336,336,336,2120237,13.39,15.85,15.85,15.85,15.85
2023-03-21,Thüringen,16,00+,297,356,356,356,356,2120237,14.01,16.79,16.79,16.79,16.79
2023-03-20,Thüringen,16,00+,278,351,351,351,351,2120237,13.11,16.55,16.55,16.55,16.55
2023-03-19,Thüringen,16,00+,285,350,350,350,350,2120237,13.44,16.51,16.51,16.51,16.51
2023-03-18,Thüringen,16,00+,293,351,351,351,351,2120237,13.82,16.55,16.55,16.55,16.55
2023-03-17,Thüringen,16,00+,286,361,361,361,361,2120237,13.49,17.03,17.03,17.03,17.03
2023-03-16,Thüringen,16,00+,283,349,349,349,349,2120237,13.35,16.46,16.46,16.46,16.46
2023-03-15,Thüringen,16,00+,277,352,352,352,352,2120237,13.06,16.6,16.6,16.6,16.6
2023-03-14,Thüringen,16,00+,266,335,335,335,335,2120237,12.55,15.8,15.8,15.8,15.8
2023-03-13,Thüringen,16,00+,242,319,319,319,319,2120237,11.41,15.05,15.05,15.05,15.05
2023-03-12,Thüringen,16,00+,245,315,315,315,315,2120237,11.56,14.86,14.86,14.86,14.86
2023-03-11,Thüringen,16,00+,247,308,308,308,308,2120237,11.65,14.53,14.53,14.53,14.53
2023-03-10,Thüringen,16,00+,213,272,272,272,272,2120237,10.05,12.83,12.83,12.83,12.83
2023-03-09,Thüringen,16,00+,203,268,268,268,268,2120237,9.57,12.64,12.64,12.64,12.64
2023-03-08,Thüringen,16,00+,200,273,273,273,273,2120237,9.43,12.88,12.88,12.88,12.88
2023-03-07,Thüringen,16,00+,190,250,250,250,250,2120237,8.96,11.79,11.79,11.79,11.79
2023-03-06,Thüringen,16,00+,212,255,255,255,255,2120237,10,12.03,12.03,12.03,12.03
2023-03-05,Thüringen,16,00+,216,255,255,255,255,2120237,10.19,12.03,12.03,12.03,12.03
2023-03-04,Thüringen,16,00+,221,258,258,258,258,2120237,10.42,12.17,12.17,12.17,12.17
2023-03-03,Thüringen,16,00+,219,262,262,262,262,2120237,10.33,12.36,12.36,12.36,12.36
2023-03-02,Thüringen,16,00+,218,267,267,267,267,2120237,10.28,12.59,12.59,12.59,12.59
2023-03-01,Thüringen,16,00+,219,267,267,267,267,2120237,10.33,12.59,12.59,12.59,12.59
2023-02-28,Thüringen,16,00+,220,293,293,293,293,2120237,10.38,13.82,13.82,13.82,13.82
2023-02-27,Thüringen,16,00+,229,280,280,280,280,2120237,10.8,13.21,13.21,13.21,13.21
2023-02-26,Thüringen,16,00+,234,282,282,282,282,2120237,11.04,13.3,13.3,13.3,13.3
2023-02-25,Thüringen,16,00+,239,282,282,282,282,2120237,11.27,13.3,13.3,13.3,13.3
2023-02-24,Thüringen,16,00+,227,281,281,281,281,2120237,10.71,13.25,13.25,13.25,13.25
2023-02-23,Thüringen,16,00+,239,295,295,295,295,2120237,11.27,13.91,13.91,13.91,13.91
2023-02-22,Thüringen,16,00+,184,274,274,274,274,2120237,8.68,12.92,12.92,12.92,12.92
2023-02-21,Thüringen,16,00+,186,255,255,255,255,2120237,8.77,12.03,12.03,12.03,12.03
2023-02-20,Thüringen,16,00+,188,255,255,255,255,2120237,8.87,12.03,12.03,12.03,12.03
2023-02-19,Thüringen,16,00+,194,255,255,255,255,2120237,9.15,12.03,12.03,12.03,12.03
2023-02-18,Thüringen,16,00+,202,259,259,259,259,2120237,9.53,12.22,12.22,12.22,12.22
2023-02-17,Thüringen,16,00+,188,262,262,262,262,2120237,8.87,12.36,12.36,12.36,12.36
2023-02-16,Thüringen,16,00+,198,243,243,243,243,2120237,9.34,11.46,11.46,11.46,11.46
2023-02-15,Thüringen,16,00+,158,234,234,234,234,2120237,7.45,11.04,11.04,11.04,11.04
2023-02-14,Thüringen,16,00+,162,205,205,205,205,2120237,7.64,9.67,9.67,9.67,9.67
2023-02-13,Thüringen,16,00+,117,176,176,176,176,2120237,5.52,8.3,8.3,8.3,8.3
2023-02-12,Thüringen,16,00+,121,175,175,175,175,2120237,5.71,8.25,8.25,8.25,8.25
2023-02-11,Thüringen,16,00+,123,168,168,168,168,2120237,5.8,7.92,7.92,7.92,7.92
2023-02-10,Thüringen,16,00+,114,157,157,157,157,2120237,5.38,7.4,7.4,7.4,7.4
2023-02-09,Thüringen,16,00+,115,145,145,145,145,2120237,5.42,6.84,6.84,6.84,6.84
2023-02-08,Thüringen,16,00+,112,143,143,143,143,2120237,5.28,6.74,6.74,6.74,6.74
2023-02-07,Thüringen,16,00+,107,143,143,143,143,2120237,5.05,6.74,6.74,6.74,6.74
2023-02-06,Thüringen,16,00+,95,142,142,142,142,2120237,4.48,6.7,6.7,6.7,6.7
2023-02-05,Thüringen,16,00+,102,144,144,144,144,2120237,4.81,6.79,6.79,6.79,6.79
2023-02-04,Thüringen,16,00+,103,143,143,143,143,2120237,4.86,6.74,6.74,6.74,6.74
2023-02-03,Thüringen,16,00+,80,132,132,132,132,2120237,3.77,6.23,6.23,6.23,6.23
2023-02-02,Thüringen,16,00+,82,119,119,119,119,2120237,3.87,5.61,5.61,5.61,5.61
2023-02-01,Thüringen,16,00+,62,110,110,110,110,2120237,2.92,5.19,5.19,5.19,5.19
2023-01-31,Thüringen,16,00+,65,102,102,102,102,2120237,3.07,4.81,4.81,4.81,4.81
2023-01-30,Thüringen,16,00+,78,99,99,99,99,2120237,3.68,4.67,4.67,4.67,4.67
2023-01-29,Thüringen,16,00+,80,94,94,94,94,2120237,3.77,4.43,4.43,4.43,4.43
2023-01-28,Thüringen,16,00+,81,94,94,94,94,2120237,3.82,4.43,4.43,4.43,4.43
2023-01-27,Thüringen,16,00+,76,94,94,94,94,2120237,3.58,4.43,4.43,4.43,4.43
2023-01-26,Thüringen,16,00+,74,97,97,97,97,2120237,3.49,4.57,4.57,4.57,4.57
2023-01-25,Thüringen,16,00+,74,102,102,102,102,2120237,3.49,4.81,4.81,4.81,4.81
2023-01-24,Thüringen,16,00+,82,108,108,108,108,2120237,3.87,5.09,5.09,5.09,5.09
2023-01-23,Thüringen,16,00+,82,110,110,110,110,2120237,3.87,5.19,5.19,5.19,5.19
2023-01-22,Thüringen,16,00+,85,111,111,111,111,2120237,4.01,5.24,5.24,5.24,5.24
2023-01-21,Thüringen,16,00+,87,112,112,112,112,2120237,4.1,5.28,5.28,5.28,5.28
2023-01-20,Thüringen,16,00+,94,116,116,116,116,2120237,4.43,5.47,5.47,5.47,5.47
2023-01-19,Thüringen,16,00+,102,126,126,126,126,2120237,4.81,5.94,5.94,5.94,5.94
2023-01-18,Thüringen,16,00+,104,142,142,142,142,2120237,4.91,6.7,6.7,6.7,6.7
2023-01-17,Thüringen,16,00+,110,151,151,151,151,2120237,5.19,7.12,7.12,7.12,7.12
2023-01-16,Thüringen,16,00+,105,156,156,156,156,2120237,4.95,7.36,7.36,7.36,7.36
2023-01-15,Thüringen,16,00+,115,163,163,163,163,2120237,5.42,7.69,7.69,7.69,7.69
2023-01-14,Thüringen,16,00+,118,164,164,164,164,2120237,5.57,7.73,7.73,7.73,7.73
2023-01-13,Thüringen,16,00+,118,172,172,172,172,2120237,5.57,8.11,8.11,8.11,8.11
2023-01-12,Thüringen,16,00+,130,186,186,186,186,2120237,6.13,8.77,8.77,8.77,8.77
2023-01-11,Thüringen,16,00+,152,208,208,208,208,2120237,7.17,9.81,9.81,9.81,9.81
2023-01-10,Thüringen,16,00+,169,226,226,226,226,2120237,7.97,10.66,10.66,10.66,10.66
2023-01-09,Thüringen,16,00+,177,291,291,291,291,2120237,8.35,13.72,13.72,13.72,13.72
2023-01-08,Thüringen,16,00+,186,291,291,291,291,2120237,8.77,13.72,13.72,13.72,13.72
2023-01-07,Thüringen,16,00+,191,0,0,0,0,2120237,9.01,0,0,0,0
2023-01-06,Thüringen,16,00+,192,0,0,0,0,2120237,9.06,0,0,0,0
2023-01-05,Thüringen,16,00+,223,0,0,0,0,2120237,10.52,0,0,0,0
2023-01-04,Thüringen,16,00+,216,0,0,0,0,2120237,10.19,0,0,0,0
2023-01-03,Thüringen,16,00+,238,0,0,0,0,2120237,11.23,0,0,0,0
2023-01-02,Thüringen,16,00+,195,0,0,0,0,2120237,9.2,0,0,0,0
