Datum,Bundesland,Bundesland_Id,Altersgruppe,fixierte_7T_Hospitalisierung_Faelle,aktualisierte_7T_Hospitalisierung_Faelle,PS_adjustierte_7T_Hospitalisierung_Faelle,UG_PI_adjustierte_7T_Hospitalisierung_Faelle,OG_PI_adjustierte_7T_Hospitalisierung_Faelle,Bevoelkerung,fixierte_7T_Hospitalisierung_Inzidenz,aktualisierte_7T_Hospitalisierung_Inzidenz,PS_adjustierte_7T_Hospitalisierung_Inzidenz,UG_PI_adjustierte_7T_Hospitalisierung_Inzidenz,OG_PI_adjustierte_7T_Hospitalisierung_Inzidenz
2024-04-19,Bundesgebiet,00,00+,129,129,NA,NA,NA,83155031,0.16,0.16,NA,NA,NA
2024-04-18,Bundesgebiet,00,00+,140,150,NA,NA,NA,83155031,0.17,0.18,NA,NA,NA
2024-04-17,Bundesgebiet,00,00+,142,165,NA,NA,NA,83155031,0.17,0.2,NA,NA,NA
2024-04-16,Bundesgebiet,00,00+,156,185,223,198,279,83155031,0.19,0.22,0.27,0.24,0.34
2024-04-15,Bundesgebiet,00,00+,188,221,253,228,313,83155031,0.23,0.27,0.3,0.27,0.38
2024-04-14,Bundesgebiet,00,00+,193,225,257,232,318,83155031,0.23,0.27,0.31,0.28,0.38
2024-04-13,Bundesgebiet,00,00+,196,228,260,235,322,83155031,0.24,0.27,0.31,0.28,0.39
2024-04-12,Bundesgebiet,00,00+,201,232,262,237,322,83155031,0.24,0.28,0.32,0.29,0.39
2024-04-11,Bundesgebiet,00,00+,217,256,284,260,341,83155031,0.26,0.31,0.34,0.31,0.41
2024-04-10,Bundesgebiet,00,00+,205,265,290,268,343,83155031,0.25,0.32,0.35,0.32,0.41
2024-04-09,Bundesgebiet,00,00+,281,354,380,357,436,83155031,0.34,0.43,0.46,0.43,0.53
2024-04-08,Bundesgebiet,00,00+,211,277,293,279,329,83155031,0.25,0.33,0.35,0.34,0.4
2024-04-07,Bundesgebiet,00,00+,217,279,295,281,331,83155031,0.26,0.34,0.36,0.34,0.4
2024-04-06,Bundesgebiet,00,00+,222,280,296,282,331,83155031,0.27,0.34,0.36,0.34,0.4
2024-04-05,Bundesgebiet,00,00+,178,252,265,253,295,83155031,0.21,0.3,0.32,0.31,0.35
2024-04-04,Bundesgebiet,00,00+,176,250,261,251,287,83155031,0.21,0.3,0.31,0.3,0.35
2024-04-03,Bundesgebiet,00,00+,157,257,267,258,291,83155031,0.19,0.31,0.32,0.31,0.35
2024-04-02,Bundesgebiet,00,00+,111,183,188,183,199,83155031,0.13,0.22,0.23,0.22,0.24
2024-04-01,Bundesgebiet,00,00+,206,289,296,290,311,83155031,0.25,0.35,0.36,0.35,0.37
2024-03-31,Bundesgebiet,00,00+,207,283,290,284,304,83155031,0.25,0.34,0.35,0.34,0.37
2024-03-30,Bundesgebiet,00,00+,214,287,294,288,308,83155031,0.26,0.35,0.35,0.35,0.37
2024-03-29,Bundesgebiet,00,00+,249,324,331,325,347,83155031,0.3,0.39,0.4,0.39,0.42
2024-03-28,Bundesgebiet,00,00+,242,311,317,311,331,83155031,0.29,0.37,0.38,0.38,0.4
2024-03-27,Bundesgebiet,00,00+,229,310,315,310,327,83155031,0.28,0.37,0.38,0.37,0.39
2024-03-26,Bundesgebiet,00,00+,227,324,328,324,338,83155031,0.27,0.39,0.4,0.39,0.41
2024-03-25,Bundesgebiet,00,00+,262,334,337,334,343,83155031,0.32,0.4,0.41,0.4,0.41
2024-03-24,Bundesgebiet,00,00+,266,338,341,338,347,83155031,0.32,0.41,0.41,0.41,0.42
2024-03-23,Bundesgebiet,00,00+,267,330,332,330,338,83155031,0.32,0.4,0.4,0.4,0.41
2024-03-22,Bundesgebiet,00,00+,290,351,353,351,357,83155031,0.35,0.42,0.42,0.42,0.43
2024-03-21,Bundesgebiet,00,00+,305,372,373,372,376,83155031,0.37,0.45,0.45,0.45,0.45
2024-03-20,Bundesgebiet,00,00+,308,383,384,383,386,83155031,0.37,0.46,0.46,0.46,0.46
2024-03-19,Bundesgebiet,00,00+,292,389,389,389,391,83155031,0.35,0.47,0.47,0.47,0.47
2024-03-18,Bundesgebiet,00,00+,322,407,407,407,407,83155031,0.39,0.49,0.49,0.49,0.49
2024-03-17,Bundesgebiet,00,00+,329,409,409,409,409,83155031,0.4,0.49,0.49,0.49,0.49
2024-03-16,Bundesgebiet,00,00+,336,418,418,418,418,83155031,0.4,0.5,0.5,0.5,0.5
2024-03-15,Bundesgebiet,00,00+,341,434,434,434,434,83155031,0.41,0.52,0.52,0.52,0.52
2024-03-14,Bundesgebiet,00,00+,325,434,434,434,434,83155031,0.39,0.52,0.52,0.52,0.52
2024-03-13,Bundesgebiet,00,00+,342,462,462,462,462,83155031,0.41,0.56,0.56,0.56,0.56
2024-03-12,Bundesgebiet,00,00+,355,498,498,498,498,83155031,0.43,0.6,0.6,0.6,0.6
2024-03-11,Bundesgebiet,00,00+,346,530,530,530,530,83155031,0.42,0.64,0.64,0.64,0.64
2024-03-10,Bundesgebiet,00,00+,349,528,528,528,528,83155031,0.42,0.63,0.63,0.63,0.63
2024-03-09,Bundesgebiet,00,00+,355,526,526,526,526,83155031,0.43,0.63,0.63,0.63,0.63
2024-03-08,Bundesgebiet,00,00+,414,512,512,512,512,83155031,0.5,0.62,0.62,0.62,0.62
2024-03-07,Bundesgebiet,00,00+,413,546,546,546,546,83155031,0.5,0.66,0.66,0.66,0.66
2024-03-06,Bundesgebiet,00,00+,415,551,551,551,551,83155031,0.5,0.66,0.66,0.66,0.66
2024-03-05,Bundesgebiet,00,00+,403,566,566,566,566,83155031,0.48,0.68,0.68,0.68,0.68
2024-03-04,Bundesgebiet,00,00+,458,589,589,589,589,83155031,0.55,0.71,0.71,0.71,0.71
2024-03-03,Bundesgebiet,00,00+,467,593,593,593,593,83155031,0.56,0.71,0.71,0.71,0.71
2024-03-02,Bundesgebiet,00,00+,475,595,595,595,595,83155031,0.57,0.72,0.72,0.72,0.72
2024-03-01,Bundesgebiet,00,00+,485,623,623,623,623,83155031,0.58,0.75,0.75,0.75,0.75
2024-02-29,Bundesgebiet,00,00+,500,649,649,649,649,83155031,0.6,0.78,0.78,0.78,0.78
2024-02-28,Bundesgebiet,00,00+,520,663,663,663,663,83155031,0.63,0.8,0.8,0.8,0.8
2024-02-27,Bundesgebiet,00,00+,532,705,705,705,705,83155031,0.64,0.85,0.85,0.85,0.85
2024-02-26,Bundesgebiet,00,00+,663,822,822,822,822,83155031,0.8,0.99,0.99,0.99,0.99
2024-02-25,Bundesgebiet,00,00+,677,828,828,828,828,83155031,0.81,1,1,1,1
2024-02-24,Bundesgebiet,00,00+,695,837,837,837,837,83155031,0.84,1.01,1.01,1.01,1.01
2024-02-23,Bundesgebiet,00,00+,714,899,899,899,899,83155031,0.86,1.08,1.08,1.08,1.08
2024-02-22,Bundesgebiet,00,00+,729,936,936,936,936,83155031,0.88,1.13,1.13,1.13,1.13
2024-02-21,Bundesgebiet,00,00+,764,1010,1010,1010,1010,83155031,0.92,1.21,1.21,1.21,1.21
2024-02-20,Bundesgebiet,00,00+,796,1107,1107,1107,1107,83155031,0.96,1.33,1.33,1.33,1.33
2024-02-19,Bundesgebiet,00,00+,841,1106,1106,1106,1106,83155031,1.01,1.33,1.33,1.33,1.33
2024-02-18,Bundesgebiet,00,00+,855,1107,1107,1107,1107,83155031,1.03,1.33,1.33,1.33,1.33
2024-02-17,Bundesgebiet,00,00+,882,1119,1119,1119,1119,83155031,1.06,1.35,1.35,1.35,1.35
2024-02-16,Bundesgebiet,00,00+,937,1164,1164,1164,1164,83155031,1.13,1.4,1.4,1.4,1.4
2024-02-15,Bundesgebiet,00,00+,932,1198,1198,1198,1198,83155031,1.12,1.44,1.44,1.44,1.44
2024-02-14,Bundesgebiet,00,00+,957,1247,1247,1247,1247,83155031,1.15,1.5,1.5,1.5,1.5
2024-02-13,Bundesgebiet,00,00+,869,1255,1255,1255,1255,83155031,1.05,1.51,1.51,1.51,1.51
2024-02-12,Bundesgebiet,00,00+,1152,1469,1469,1469,1469,83155031,1.39,1.77,1.77,1.77,1.77
2024-02-11,Bundesgebiet,00,00+,1171,1472,1472,1472,1472,83155031,1.41,1.77,1.77,1.77,1.77
2024-02-10,Bundesgebiet,00,00+,1195,1468,1468,1468,1468,83155031,1.44,1.77,1.77,1.77,1.77
2024-02-09,Bundesgebiet,00,00+,1186,1514,1514,1514,1514,83155031,1.43,1.82,1.82,1.82,1.82
2024-02-08,Bundesgebiet,00,00+,1276,1623,1623,1623,1623,83155031,1.53,1.95,1.95,1.95,1.95
2024-02-07,Bundesgebiet,00,00+,1069,1685,1685,1685,1685,83155031,1.29,2.03,2.03,2.03,2.03
2024-02-06,Bundesgebiet,00,00+,1255,1744,1744,1744,1744,83155031,1.51,2.1,2.1,2.1,2.1
2024-02-05,Bundesgebiet,00,00+,1420,1834,1834,1834,1834,83155031,1.71,2.21,2.21,2.21,2.21
2024-02-04,Bundesgebiet,00,00+,1440,1840,1840,1840,1840,83155031,1.73,2.21,2.21,2.21,2.21
2024-02-03,Bundesgebiet,00,00+,1457,1834,1834,1834,1834,83155031,1.75,2.21,2.21,2.21,2.21
2024-02-02,Bundesgebiet,00,00+,1387,1854,1854,1854,1854,83155031,1.67,2.23,2.23,2.23,2.23
2024-02-01,Bundesgebiet,00,00+,1412,1874,1874,1874,1874,83155031,1.7,2.25,2.25,2.25,2.25
2024-01-31,Bundesgebiet,00,00+,1383,1893,1893,1893,1893,83155031,1.66,2.28,2.28,2.28,2.28
2024-01-30,Bundesgebiet,00,00+,1340,1961,1961,1961,1961,83155031,1.61,2.36,2.36,2.36,2.36
2024-01-29,Bundesgebiet,00,00+,1566,2023,2023,2023,2023,83155031,1.88,2.43,2.43,2.43,2.43
2024-01-28,Bundesgebiet,00,00+,1602,2036,2036,2036,2036,83155031,1.93,2.45,2.45,2.45,2.45
2024-01-27,Bundesgebiet,00,00+,1630,2045,2045,2045,2045,83155031,1.96,2.46,2.46,2.46,2.46
2024-01-26,Bundesgebiet,00,00+,1550,2109,2109,2109,2109,83155031,1.86,2.54,2.54,2.54,2.54
2024-01-25,Bundesgebiet,00,00+,1579,2167,2167,2167,2167,83155031,1.9,2.61,2.61,2.61,2.61
2024-01-24,Bundesgebiet,00,00+,1644,2215,2215,2215,2215,83155031,1.98,2.66,2.66,2.66,2.66
2024-01-23,Bundesgebiet,00,00+,1638,2283,2283,2283,2283,83155031,1.97,2.75,2.75,2.75,2.75
2024-01-22,Bundesgebiet,00,00+,1869,2466,2466,2466,2466,83155031,2.25,2.97,2.97,2.97,2.97
2024-01-21,Bundesgebiet,00,00+,1888,2454,2454,2454,2454,83155031,2.27,2.95,2.95,2.95,2.95
2024-01-20,Bundesgebiet,00,00+,1940,2477,2477,2477,2477,83155031,2.33,2.98,2.98,2.98,2.98
2024-01-19,Bundesgebiet,00,00+,1881,2509,2509,2509,2509,83155031,2.26,3.02,3.02,3.02,3.02
2024-01-18,Bundesgebiet,00,00+,1993,2636,2636,2636,2636,83155031,2.4,3.17,3.17,3.17,3.17
2024-01-17,Bundesgebiet,00,00+,2091,2838,2838,2838,2838,83155031,2.51,3.41,3.41,3.41,3.41
2024-01-16,Bundesgebiet,00,00+,2145,3011,3011,3011,3011,83155031,2.58,3.62,3.62,3.62,3.62
2024-01-15,Bundesgebiet,00,00+,2485,3242,3242,3242,3242,83155031,2.99,3.9,3.9,3.9,3.9
2024-01-14,Bundesgebiet,00,00+,2533,3273,3273,3273,3273,83155031,3.05,3.94,3.94,3.94,3.94
2024-01-13,Bundesgebiet,00,00+,2570,3266,3266,3266,3266,83155031,3.09,3.93,3.93,3.93,3.93
2024-01-12,Bundesgebiet,00,00+,2654,3508,3508,3508,3508,83155031,3.19,4.22,4.22,4.22,4.22
2024-01-11,Bundesgebiet,00,00+,2935,3848,3848,3848,3848,83155031,3.53,4.63,4.63,4.63,4.63
2024-01-10,Bundesgebiet,00,00+,3376,4473,4473,4473,4473,83155031,4.06,5.38,5.38,5.38,5.38
2024-01-09,Bundesgebiet,00,00+,4993,6453,6453,6453,6453,83155031,6,7.76,7.76,7.76,7.76
2024-01-08,Bundesgebiet,00,00+,4210,5504,5504,5504,5504,83155031,5.06,6.62,6.62,6.62,6.62
2024-01-07,Bundesgebiet,00,00+,4315,5575,5575,5575,5575,83155031,5.19,6.7,6.7,6.7,6.7
2024-01-06,Bundesgebiet,00,00+,4432,5664,5664,5664,5664,83155031,5.33,6.81,6.81,6.81,6.81
2024-01-05,Bundesgebiet,00,00+,4505,6092,6092,6092,6092,83155031,5.42,7.33,7.33,7.33,7.33
2024-01-04,Bundesgebiet,00,00+,4741,6651,6651,6651,6651,83155031,5.7,8,8,8,8
2024-01-03,Bundesgebiet,00,00+,5716,8542,8542,8542,8542,83155031,6.87,10.27,10.27,10.27,10.27
2024-01-02,Bundesgebiet,00,00+,3881,6044,6044,6044,6044,83155031,4.67,7.27,7.27,7.27,7.27
2024-01-01,Bundesgebiet,00,00+,4010,6081,6081,6081,6081,83155031,4.82,7.31,7.31,7.31,7.31
2023-12-31,Bundesgebiet,00,00+,4074,6046,6046,6046,6046,83155031,4.9,7.27,7.27,7.27,7.27
2023-12-30,Bundesgebiet,00,00+,4175,6068,6068,6068,6068,83155031,5.02,7.3,7.3,7.3,7.3
2023-12-29,Bundesgebiet,00,00+,3973,6156,6156,6156,6156,83155031,4.78,7.4,7.4,7.4,7.4
2023-12-28,Bundesgebiet,00,00+,3446,6156,6156,6156,6156,83155031,4.14,7.4,7.4,7.4,7.4
2023-12-27,Bundesgebiet,00,00+,2773,4630,4630,4630,4630,83155031,3.33,5.57,5.57,5.57,5.57
2023-12-26,Bundesgebiet,00,00+,4434,6436,6436,6436,6436,83155031,5.33,7.74,7.74,7.74,7.74
2023-12-25,Bundesgebiet,00,00+,7160,9320,9320,9320,9320,83155031,8.61,11.21,11.21,11.21,11.21
2023-12-24,Bundesgebiet,00,00+,7295,9383,9383,9383,9383,83155031,8.77,11.28,11.28,11.28,11.28
2023-12-23,Bundesgebiet,00,00+,7445,9397,9397,9397,9397,83155031,8.95,11.3,11.3,11.3,11.3
2023-12-22,Bundesgebiet,00,00+,7340,9756,9756,9756,9756,83155031,8.83,11.73,11.73,11.73,11.73
2023-12-21,Bundesgebiet,00,00+,7398,10116,10116,10116,10116,83155031,8.9,12.17,12.17,12.17,12.17
2023-12-20,Bundesgebiet,00,00+,7379,10388,10388,10388,10388,83155031,8.87,12.49,12.49,12.49,12.49
2023-12-19,Bundesgebiet,00,00+,7049,10537,10537,10537,10537,83155031,8.48,12.67,12.67,12.67,12.67
2023-12-18,Bundesgebiet,00,00+,7998,10862,10862,10862,10862,83155031,9.62,13.06,13.06,13.06,13.06
2023-12-17,Bundesgebiet,00,00+,8152,10882,10882,10882,10882,83155031,9.8,13.09,13.09,13.09,13.09
2023-12-16,Bundesgebiet,00,00+,8301,10886,10886,10886,10886,83155031,9.98,13.09,13.09,13.09,13.09
2023-12-15,Bundesgebiet,00,00+,7790,10886,10886,10886,10886,83155031,9.37,13.09,13.09,13.09,13.09
2023-12-14,Bundesgebiet,00,00+,7730,10770,10770,10770,10770,83155031,9.3,12.95,12.95,12.95,12.95
2023-12-13,Bundesgebiet,00,00+,7313,10576,10576,10576,10576,83155031,8.79,12.72,12.72,12.72,12.72
2023-12-12,Bundesgebiet,00,00+,6703,10436,10436,10436,10436,83155031,8.06,12.55,12.55,12.55,12.55
2023-12-11,Bundesgebiet,00,00+,6553,9428,9428,9428,9428,83155031,7.88,11.34,11.34,11.34,11.34
2023-12-10,Bundesgebiet,00,00+,6646,9373,9373,9373,9373,83155031,7.99,11.27,11.27,11.27,11.27
2023-12-09,Bundesgebiet,00,00+,6756,9328,9328,9328,9328,83155031,8.12,11.22,11.22,11.22,11.22
2023-12-08,Bundesgebiet,00,00+,6266,9007,9007,9007,9007,83155031,7.54,10.83,10.83,10.83,10.83
2023-12-07,Bundesgebiet,00,00+,5916,8631,8631,8631,8631,83155031,7.11,10.38,10.38,10.38,10.38
2023-12-06,Bundesgebiet,00,00+,5397,8373,8373,8373,8373,83155031,6.49,10.07,10.07,10.07,10.07
2023-12-05,Bundesgebiet,00,00+,5145,8109,8109,8109,8109,83155031,6.19,9.75,9.75,9.75,9.75
2023-12-04,Bundesgebiet,00,00+,5940,8240,8240,8240,8240,83155031,7.14,9.91,9.91,9.91,9.91
2023-12-03,Bundesgebiet,00,00+,6062,8255,8255,8255,8255,83155031,7.29,9.93,9.93,9.93,9.93
2023-12-02,Bundesgebiet,00,00+,6173,8270,8270,8270,8270,83155031,7.42,9.95,9.95,9.95,9.95
2023-12-01,Bundesgebiet,00,00+,5859,8229,8229,8229,8229,83155031,7.05,9.9,9.9,9.9,9.9
2023-11-30,Bundesgebiet,00,00+,5595,8145,8145,8145,8145,83155031,6.73,9.79,9.79,9.79,9.79
2023-11-29,Bundesgebiet,00,00+,5310,8063,8063,8063,8063,83155031,6.39,9.7,9.7,9.7,9.7
2023-11-28,Bundesgebiet,00,00+,5312,8149,8149,8149,8149,83155031,6.39,9.8,9.8,9.8,9.8
2023-11-27,Bundesgebiet,00,00+,5849,8257,8257,8257,8257,83155031,7.03,9.93,9.93,9.93,9.93
2023-11-26,Bundesgebiet,00,00+,5939,8241,8241,8241,8241,83155031,7.14,9.91,9.91,9.91,9.91
2023-11-25,Bundesgebiet,00,00+,6041,8222,8222,8222,8222,83155031,7.26,9.89,9.89,9.89,9.89
2023-11-24,Bundesgebiet,00,00+,5732,8144,8144,8144,8144,83155031,6.89,9.79,9.79,9.79,9.79
2023-11-23,Bundesgebiet,00,00+,5735,8256,8256,8256,8256,83155031,6.9,9.93,9.93,9.93,9.93
2023-11-22,Bundesgebiet,00,00+,5505,8184,8184,8184,8184,83155031,6.62,9.84,9.84,9.84,9.84
2023-11-21,Bundesgebiet,00,00+,5128,7800,7800,7800,7800,83155031,6.17,9.38,9.38,9.38,9.38
2023-11-20,Bundesgebiet,00,00+,5433,7431,7431,7431,7431,83155031,6.53,8.94,8.94,8.94,8.94
2023-11-19,Bundesgebiet,00,00+,5531,7433,7433,7433,7433,83155031,6.65,8.94,8.94,8.94,8.94
2023-11-18,Bundesgebiet,00,00+,5667,7460,7460,7460,7460,83155031,6.81,8.97,8.97,8.97,8.97
2023-11-17,Bundesgebiet,00,00+,5189,7379,7379,7379,7379,83155031,6.24,8.87,8.87,8.87,8.87
2023-11-16,Bundesgebiet,00,00+,5146,7357,7357,7357,7357,83155031,6.19,8.85,8.85,8.85,8.85
2023-11-15,Bundesgebiet,00,00+,5206,7611,7611,7611,7611,83155031,6.26,9.15,9.15,9.15,9.15
2023-11-14,Bundesgebiet,00,00+,4600,7297,7297,7297,7297,83155031,5.53,8.78,8.78,8.78,8.78
2023-11-13,Bundesgebiet,00,00+,5425,7478,7478,7478,7478,83155031,6.52,8.99,8.99,8.99,8.99
2023-11-12,Bundesgebiet,00,00+,5530,7474,7474,7474,7474,83155031,6.65,8.99,8.99,8.99,8.99
2023-11-11,Bundesgebiet,00,00+,5636,7446,7446,7446,7446,83155031,6.78,8.95,8.95,8.95,8.95
2023-11-10,Bundesgebiet,00,00+,5392,7534,7534,7534,7534,83155031,6.48,9.06,9.06,9.06,9.06
2023-11-09,Bundesgebiet,00,00+,5457,7840,7840,7840,7840,83155031,6.56,9.43,9.43,9.43,9.43
2023-11-08,Bundesgebiet,00,00+,5357,7514,7514,7514,7514,83155031,6.44,9.04,9.04,9.04,9.04
2023-11-07,Bundesgebiet,00,00+,4787,7466,7466,7466,7466,83155031,5.76,8.98,8.98,8.98,8.98
2023-11-06,Bundesgebiet,00,00+,4985,7127,7127,7127,7127,83155031,5.99,8.57,8.57,8.57,8.57
2023-11-05,Bundesgebiet,00,00+,5093,7135,7135,7135,7135,83155031,6.12,8.58,8.58,8.58,8.58
2023-11-04,Bundesgebiet,00,00+,5173,7112,7112,7112,7112,83155031,6.22,8.55,8.55,8.55,8.55
2023-11-03,Bundesgebiet,00,00+,4642,7005,7005,7005,7005,83155031,5.58,8.42,8.42,8.42,8.42
2023-11-02,Bundesgebiet,00,00+,4097,6530,6530,6530,6530,83155031,4.93,7.85,7.85,7.85,7.85
2023-11-01,Bundesgebiet,00,00+,4201,6497,6497,6497,6497,83155031,5.05,7.81,7.81,7.81,7.81
2023-10-31,Bundesgebiet,00,00+,4378,6723,6723,6723,6723,83155031,5.26,8.08,8.08,8.08,8.08
2023-10-30,Bundesgebiet,00,00+,4683,6588,6588,6588,6588,83155031,5.63,7.92,7.92,7.92,7.92
2023-10-29,Bundesgebiet,00,00+,4798,6590,6590,6590,6590,83155031,5.77,7.92,7.92,7.92,7.92
2023-10-28,Bundesgebiet,00,00+,4885,6584,6584,6584,6584,83155031,5.87,7.92,7.92,7.92,7.92
2023-10-27,Bundesgebiet,00,00+,4437,6337,6337,6337,6337,83155031,5.34,7.62,7.62,7.62,7.62
2023-10-26,Bundesgebiet,00,00+,4141,5954,5954,5954,5954,83155031,4.98,7.16,7.16,7.16,7.16
2023-10-25,Bundesgebiet,00,00+,3741,5524,5524,5524,5524,83155031,4.5,6.64,6.64,6.64,6.64
2023-10-24,Bundesgebiet,00,00+,3100,5064,5064,5064,5064,83155031,3.73,6.09,6.09,6.09,6.09
2023-10-23,Bundesgebiet,00,00+,3085,4413,4413,4413,4413,83155031,3.71,5.31,5.31,5.31,5.31
2023-10-22,Bundesgebiet,00,00+,3145,4358,4358,4358,4358,83155031,3.78,5.24,5.24,5.24,5.24
2023-10-21,Bundesgebiet,00,00+,3214,4343,4343,4343,4343,83155031,3.87,5.22,5.22,5.22,5.22
2023-10-20,Bundesgebiet,00,00+,3106,4261,4261,4261,4261,83155031,3.74,5.12,5.12,5.12,5.12
2023-10-19,Bundesgebiet,00,00+,2997,4152,4152,4152,4152,83155031,3.6,4.99,4.99,4.99,4.99
2023-10-18,Bundesgebiet,00,00+,2735,4090,4090,4090,4090,83155031,3.29,4.92,4.92,4.92,4.92
2023-10-17,Bundesgebiet,00,00+,2585,4043,4043,4043,4043,83155031,3.11,4.86,4.86,4.86,4.86
2023-10-16,Bundesgebiet,00,00+,2718,3847,3847,3847,3847,83155031,3.27,4.63,4.63,4.63,4.63
2023-10-15,Bundesgebiet,00,00+,2777,3847,3847,3847,3847,83155031,3.34,4.63,4.63,4.63,4.63
2023-10-14,Bundesgebiet,00,00+,2833,3831,3831,3831,3831,83155031,3.41,4.61,4.61,4.61,4.61
2023-10-13,Bundesgebiet,00,00+,2598,3741,3741,3741,3741,83155031,3.12,4.5,4.5,4.5,4.5
2023-10-12,Bundesgebiet,00,00+,2609,3737,3737,3737,3737,83155031,3.14,4.49,4.49,4.49,4.49
2023-10-11,Bundesgebiet,00,00+,2828,4035,4035,4035,4035,83155031,3.4,4.85,4.85,4.85,4.85
2023-10-10,Bundesgebiet,00,00+,2157,3379,3379,3379,3379,83155031,2.59,4.06,4.06,4.06,4.06
2023-10-09,Bundesgebiet,00,00+,2094,3136,3136,3136,3136,83155031,2.52,3.77,3.77,3.77,3.77
2023-10-08,Bundesgebiet,00,00+,2130,3108,3108,3108,3108,83155031,2.56,3.74,3.74,3.74,3.74
2023-10-07,Bundesgebiet,00,00+,2173,3096,3096,3096,3096,83155031,2.61,3.72,3.72,3.72,3.72
2023-10-06,Bundesgebiet,00,00+,1985,2956,2956,2956,2956,83155031,2.39,3.55,3.55,3.55,3.55
2023-10-05,Bundesgebiet,00,00+,1643,2772,2772,2772,2772,83155031,1.98,3.33,3.33,3.33,3.33
2023-10-04,Bundesgebiet,00,00+,1173,2222,2222,2222,2222,83155031,1.41,2.67,2.67,2.67,2.67
2023-10-03,Bundesgebiet,00,00+,1586,2633,2633,2633,2633,83155031,1.91,3.17,3.17,3.17,3.17
2023-10-02,Bundesgebiet,00,00+,1691,2452,2452,2452,2452,83155031,2.03,2.95,2.95,2.95,2.95
2023-10-01,Bundesgebiet,00,00+,1721,2440,2440,2440,2440,83155031,2.07,2.93,2.93,2.93,2.93
2023-09-30,Bundesgebiet,00,00+,1755,2424,2424,2424,2424,83155031,2.11,2.92,2.92,2.92,2.92
2023-09-29,Bundesgebiet,00,00+,1652,2345,2345,2345,2345,83155031,1.99,2.82,2.82,2.82,2.82
2023-09-28,Bundesgebiet,00,00+,1647,2292,2292,2292,2292,83155031,1.98,2.76,2.76,2.76,2.76
2023-09-27,Bundesgebiet,00,00+,1557,2245,2245,2245,2245,83155031,1.87,2.7,2.7,2.7,2.7
2023-09-26,Bundesgebiet,00,00+,1424,2221,2221,2221,2221,83155031,1.71,2.67,2.67,2.67,2.67
2023-09-25,Bundesgebiet,00,00+,1610,2215,2215,2215,2215,83155031,1.94,2.66,2.66,2.66,2.66
2023-09-24,Bundesgebiet,00,00+,1641,2220,2220,2220,2220,83155031,1.97,2.67,2.67,2.67,2.67
2023-09-23,Bundesgebiet,00,00+,1692,2238,2238,2238,2238,83155031,2.03,2.69,2.69,2.69,2.69
2023-09-22,Bundesgebiet,00,00+,1631,2222,2222,2222,2222,83155031,1.96,2.67,2.67,2.67,2.67
2023-09-21,Bundesgebiet,00,00+,1574,2167,2167,2167,2167,83155031,1.89,2.61,2.61,2.61,2.61
2023-09-20,Bundesgebiet,00,00+,1495,2183,2183,2183,2183,83155031,1.8,2.63,2.63,2.63,2.63
2023-09-19,Bundesgebiet,00,00+,1387,2193,2193,2193,2193,83155031,1.67,2.64,2.64,2.64,2.64
2023-09-18,Bundesgebiet,00,00+,1596,2231,2231,2231,2231,83155031,1.92,2.68,2.68,2.68,2.68
2023-09-17,Bundesgebiet,00,00+,1627,2228,2228,2228,2228,83155031,1.96,2.68,2.68,2.68,2.68
2023-09-16,Bundesgebiet,00,00+,1656,2208,2208,2208,2208,83155031,1.99,2.66,2.66,2.66,2.66
2023-09-15,Bundesgebiet,00,00+,1688,2292,2292,2292,2292,83155031,2.03,2.76,2.76,2.76,2.76
2023-09-14,Bundesgebiet,00,00+,1736,2361,2361,2361,2361,83155031,2.09,2.84,2.84,2.84,2.84
2023-09-13,Bundesgebiet,00,00+,1642,2383,2383,2383,2383,83155031,1.97,2.87,2.87,2.87,2.87
2023-09-12,Bundesgebiet,00,00+,1501,2315,2315,2315,2315,83155031,1.81,2.78,2.78,2.78,2.78
2023-09-11,Bundesgebiet,00,00+,1507,2092,2092,2092,2092,83155031,1.81,2.52,2.52,2.52,2.52
2023-09-10,Bundesgebiet,00,00+,1538,2089,2089,2089,2089,83155031,1.85,2.51,2.51,2.51,2.51
2023-09-09,Bundesgebiet,00,00+,1561,2080,2080,2080,2080,83155031,1.88,2.5,2.5,2.5,2.5
2023-09-08,Bundesgebiet,00,00+,1374,1948,1948,1948,1948,83155031,1.65,2.34,2.34,2.34,2.34
2023-09-07,Bundesgebiet,00,00+,1244,1798,1798,1798,1798,83155031,1.5,2.16,2.16,2.16,2.16
2023-09-06,Bundesgebiet,00,00+,1149,1701,1701,1701,1701,83155031,1.38,2.05,2.05,2.05,2.05
2023-09-05,Bundesgebiet,00,00+,985,1575,1575,1575,1575,83155031,1.18,1.89,1.89,1.89,1.89
2023-09-04,Bundesgebiet,00,00+,1112,1558,1558,1558,1558,83155031,1.34,1.87,1.87,1.87,1.87
2023-09-03,Bundesgebiet,00,00+,1129,1545,1545,1545,1545,83155031,1.36,1.86,1.86,1.86,1.86
2023-09-02,Bundesgebiet,00,00+,1151,1549,1549,1549,1549,83155031,1.38,1.86,1.86,1.86,1.86
2023-09-01,Bundesgebiet,00,00+,1130,1550,1550,1550,1550,83155031,1.36,1.86,1.86,1.86,1.86
2023-08-31,Bundesgebiet,00,00+,1102,1556,1556,1556,1556,83155031,1.33,1.87,1.87,1.87,1.87
2023-08-30,Bundesgebiet,00,00+,1058,1533,1533,1533,1533,83155031,1.27,1.84,1.84,1.84,1.84
2023-08-29,Bundesgebiet,00,00+,1085,1596,1596,1596,1596,83155031,1.3,1.92,1.92,1.92,1.92
2023-08-28,Bundesgebiet,00,00+,0,1583,1583,1583,1583,83155031,0,1.9,1.9,1.9,1.9
2023-08-27,Bundesgebiet,00,00+,0,1590,1590,1590,1590,83155031,0,1.91,1.91,1.91,1.91
2023-08-26,Bundesgebiet,00,00+,0,1595,1595,1595,1595,83155031,0,1.92,1.92,1.92,1.92
2023-08-25,Bundesgebiet,00,00+,0,1547,1547,1547,1547,83155031,0,1.86,1.86,1.86,1.86
2023-08-24,Bundesgebiet,00,00+,1096,1528,1528,1528,1528,83155031,1.32,1.84,1.84,1.84,1.84
2023-08-23,Bundesgebiet,00,00+,1071,1526,1526,1526,1526,83155031,1.29,1.84,1.84,1.84,1.84
2023-08-22,Bundesgebiet,00,00+,865,1392,1392,1392,1392,83155031,1.04,1.67,1.67,1.67,1.67
2023-08-21,Bundesgebiet,00,00+,848,1290,1290,1290,1290,83155031,1.02,1.55,1.55,1.55,1.55
2023-08-20,Bundesgebiet,00,00+,868,1287,1287,1287,1287,83155031,1.04,1.55,1.55,1.55,1.55
2023-08-19,Bundesgebiet,00,00+,882,1267,1267,1267,1267,83155031,1.06,1.52,1.52,1.52,1.52
2023-08-18,Bundesgebiet,00,00+,809,1203,1203,1203,1203,83155031,0.97,1.45,1.45,1.45,1.45
2023-08-17,Bundesgebiet,00,00+,737,1109,1109,1109,1109,83155031,0.89,1.33,1.33,1.33,1.33
2023-08-16,Bundesgebiet,00,00+,661,992,992,992,992,83155031,0.79,1.19,1.19,1.19,1.19
2023-08-15,Bundesgebiet,00,00+,558,940,940,940,940,83155031,0.67,1.13,1.13,1.13,1.13
2023-08-14,Bundesgebiet,00,00+,544,770,770,770,770,83155031,0.65,0.93,0.93,0.93,0.93
2023-08-13,Bundesgebiet,00,00+,556,760,760,760,760,83155031,0.67,0.91,0.91,0.91,0.91
2023-08-12,Bundesgebiet,00,00+,567,757,757,757,757,83155031,0.68,0.91,0.91,0.91,0.91
2023-08-11,Bundesgebiet,00,00+,501,718,718,718,718,83155031,0.6,0.86,0.86,0.86,0.86
2023-08-10,Bundesgebiet,00,00+,458,655,655,655,655,83155031,0.55,0.79,0.79,0.79,0.79
2023-08-09,Bundesgebiet,00,00+,419,624,624,624,624,83155031,0.5,0.75,0.75,0.75,0.75
2023-08-08,Bundesgebiet,00,00+,383,598,598,598,598,83155031,0.46,0.72,0.72,0.72,0.72
2023-08-07,Bundesgebiet,00,00+,413,577,577,577,577,83155031,0.5,0.69,0.69,0.69,0.69
2023-08-06,Bundesgebiet,00,00+,421,572,572,572,572,83155031,0.51,0.69,0.69,0.69,0.69
2023-08-05,Bundesgebiet,00,00+,439,581,581,581,581,83155031,0.53,0.7,0.7,0.7,0.7
2023-08-04,Bundesgebiet,00,00+,389,558,558,558,558,83155031,0.47,0.67,0.67,0.67,0.67
2023-08-03,Bundesgebiet,00,00+,377,567,567,567,567,83155031,0.45,0.68,0.68,0.68,0.68
2023-08-02,Bundesgebiet,00,00+,350,553,553,553,553,83155031,0.42,0.67,0.67,0.67,0.67
2023-08-01,Bundesgebiet,00,00+,329,517,517,517,517,83155031,0.4,0.62,0.62,0.62,0.62
2023-07-31,Bundesgebiet,00,00+,346,483,483,483,483,83155031,0.42,0.58,0.58,0.58,0.58
2023-07-30,Bundesgebiet,00,00+,353,482,482,482,482,83155031,0.42,0.58,0.58,0.58,0.58
2023-07-29,Bundesgebiet,00,00+,362,472,472,472,472,83155031,0.44,0.57,0.57,0.57,0.57
2023-07-28,Bundesgebiet,00,00+,339,463,463,463,463,83155031,0.41,0.56,0.56,0.56,0.56
2023-07-27,Bundesgebiet,00,00+,323,438,438,438,438,83155031,0.39,0.53,0.53,0.53,0.53
2023-07-26,Bundesgebiet,00,00+,270,410,410,410,410,83155031,0.32,0.49,0.49,0.49,0.49
2023-07-25,Bundesgebiet,00,00+,241,378,378,378,378,83155031,0.29,0.45,0.45,0.45,0.45
2023-07-24,Bundesgebiet,00,00+,254,362,362,362,362,83155031,0.31,0.44,0.44,0.44,0.44
2023-07-23,Bundesgebiet,00,00+,258,359,359,359,359,83155031,0.31,0.43,0.43,0.43,0.43
2023-07-22,Bundesgebiet,00,00+,262,354,354,354,354,83155031,0.32,0.43,0.43,0.43,0.43
2023-07-21,Bundesgebiet,00,00+,259,354,354,354,354,83155031,0.31,0.43,0.43,0.43,0.43
2023-07-20,Bundesgebiet,00,00+,251,351,351,351,351,83155031,0.3,0.42,0.42,0.42,0.42
2023-07-19,Bundesgebiet,00,00+,237,356,356,356,356,83155031,0.29,0.43,0.43,0.43,0.43
2023-07-18,Bundesgebiet,00,00+,228,372,372,372,372,83155031,0.27,0.45,0.45,0.45,0.45
2023-07-17,Bundesgebiet,00,00+,239,339,339,339,339,83155031,0.29,0.41,0.41,0.41,0.41
2023-07-16,Bundesgebiet,00,00+,242,338,338,338,338,83155031,0.29,0.41,0.41,0.41,0.41
2023-07-15,Bundesgebiet,00,00+,245,335,335,335,335,83155031,0.29,0.4,0.4,0.4,0.4
2023-07-14,Bundesgebiet,00,00+,226,319,319,319,319,83155031,0.27,0.38,0.38,0.38,0.38
2023-07-13,Bundesgebiet,00,00+,209,305,305,305,305,83155031,0.25,0.37,0.37,0.37,0.37
2023-07-12,Bundesgebiet,00,00+,183,299,299,299,299,83155031,0.22,0.36,0.36,0.36,0.36
2023-07-11,Bundesgebiet,00,00+,187,277,277,277,277,83155031,0.22,0.33,0.33,0.33,0.33
2023-07-10,Bundesgebiet,00,00+,193,259,259,259,259,83155031,0.23,0.31,0.31,0.31,0.31
2023-07-09,Bundesgebiet,00,00+,198,262,262,262,262,83155031,0.24,0.32,0.32,0.32,0.32
2023-07-08,Bundesgebiet,00,00+,203,265,265,265,265,83155031,0.24,0.32,0.32,0.32,0.32
2023-07-07,Bundesgebiet,00,00+,225,295,295,295,295,83155031,0.27,0.35,0.35,0.35,0.35
2023-07-06,Bundesgebiet,00,00+,227,308,308,308,308,83155031,0.27,0.37,0.37,0.37,0.37
2023-07-05,Bundesgebiet,00,00+,251,328,328,328,328,83155031,0.3,0.39,0.39,0.39,0.39
2023-07-04,Bundesgebiet,00,00+,238,328,328,328,328,83155031,0.29,0.39,0.39,0.39,0.39
2023-07-03,Bundesgebiet,00,00+,256,355,355,355,355,83155031,0.31,0.43,0.43,0.43,0.43
2023-07-02,Bundesgebiet,00,00+,262,356,356,356,356,83155031,0.32,0.43,0.43,0.43,0.43
2023-07-01,Bundesgebiet,00,00+,269,357,357,357,357,83155031,0.32,0.43,0.43,0.43,0.43
2023-06-30,Bundesgebiet,00,00+,258,335,335,335,335,83155031,0.31,0.4,0.4,0.4,0.4
2023-06-29,Bundesgebiet,00,00+,246,337,337,337,337,83155031,0.3,0.41,0.41,0.41,0.41
2023-06-28,Bundesgebiet,00,00+,243,350,350,350,350,83155031,0.29,0.42,0.42,0.42,0.42
2023-06-27,Bundesgebiet,00,00+,269,361,361,361,361,83155031,0.32,0.43,0.43,0.43,0.43
2023-06-26,Bundesgebiet,00,00+,331,430,430,430,430,83155031,0.4,0.52,0.52,0.52,0.52
2023-06-25,Bundesgebiet,00,00+,337,429,429,429,429,83155031,0.41,0.52,0.52,0.52,0.52
2023-06-24,Bundesgebiet,00,00+,342,430,430,430,430,83155031,0.41,0.52,0.52,0.52,0.52
2023-06-23,Bundesgebiet,00,00+,353,463,463,463,463,83155031,0.42,0.56,0.56,0.56,0.56
2023-06-22,Bundesgebiet,00,00+,402,522,522,522,522,83155031,0.48,0.63,0.63,0.63,0.63
2023-06-21,Bundesgebiet,00,00+,399,534,534,534,534,83155031,0.48,0.64,0.64,0.64,0.64
2023-06-20,Bundesgebiet,00,00+,448,609,609,609,609,83155031,0.54,0.73,0.73,0.73,0.73
2023-06-19,Bundesgebiet,00,00+,487,658,658,658,658,83155031,0.59,0.79,0.79,0.79,0.79
2023-06-18,Bundesgebiet,00,00+,505,678,678,678,678,83155031,0.61,0.82,0.82,0.82,0.82
2023-06-17,Bundesgebiet,00,00+,519,687,687,687,687,83155031,0.62,0.83,0.83,0.83,0.83
2023-06-16,Bundesgebiet,00,00+,521,727,727,727,727,83155031,0.63,0.87,0.87,0.87,0.87
2023-06-15,Bundesgebiet,00,00+,469,681,681,681,681,83155031,0.56,0.82,0.82,0.82,0.82
2023-06-14,Bundesgebiet,00,00+,489,713,713,713,713,83155031,0.59,0.86,0.86,0.86,0.86
2023-06-13,Bundesgebiet,00,00+,470,732,732,732,732,83155031,0.57,0.88,0.88,0.88,0.88
2023-06-12,Bundesgebiet,00,00+,529,780,780,780,780,83155031,0.64,0.94,0.94,0.94,0.94
2023-06-11,Bundesgebiet,00,00+,542,770,770,770,770,83155031,0.65,0.93,0.93,0.93,0.93
2023-06-10,Bundesgebiet,00,00+,550,764,764,764,764,83155031,0.66,0.92,0.92,0.92,0.92
2023-06-09,Bundesgebiet,00,00+,517,761,761,761,761,83155031,0.62,0.92,0.92,0.92,0.92
2023-06-08,Bundesgebiet,00,00+,592,861,861,861,861,83155031,0.71,1.04,1.04,1.04,1.04
2023-06-07,Bundesgebiet,00,00+,626,917,917,917,917,83155031,0.75,1.1,1.1,1.1,1.1
2023-06-06,Bundesgebiet,00,00+,808,1122,1122,1122,1122,83155031,0.97,1.35,1.35,1.35,1.35
2023-06-05,Bundesgebiet,00,00+,655,879,879,879,879,83155031,0.79,1.06,1.06,1.06,1.06
2023-06-04,Bundesgebiet,00,00+,666,878,878,878,878,83155031,0.8,1.06,1.06,1.06,1.06
2023-06-03,Bundesgebiet,00,00+,680,884,884,884,884,83155031,0.82,1.06,1.06,1.06,1.06
2023-06-02,Bundesgebiet,00,00+,652,912,912,912,912,83155031,0.78,1.1,1.1,1.1,1.1
2023-06-01,Bundesgebiet,00,00+,633,911,911,911,911,83155031,0.76,1.1,1.1,1.1,1.1
2023-05-31,Bundesgebiet,00,00+,631,957,957,957,957,83155031,0.76,1.15,1.15,1.15,1.15
2023-05-30,Bundesgebiet,00,00+,570,866,866,866,866,83155031,0.69,1.04,1.04,1.04,1.04
2023-05-29,Bundesgebiet,00,00+,1043,1373,1373,1373,1373,83155031,1.25,1.65,1.65,1.65,1.65
2023-05-28,Bundesgebiet,00,00+,1068,1387,1387,1387,1387,83155031,1.28,1.67,1.67,1.67,1.67
2023-05-27,Bundesgebiet,00,00+,1100,1405,1405,1405,1405,83155031,1.32,1.69,1.69,1.69,1.69
2023-05-26,Bundesgebiet,00,00+,1161,1482,1482,1482,1482,83155031,1.4,1.78,1.78,1.78,1.78
2023-05-25,Bundesgebiet,00,00+,962,1344,1344,1344,1344,83155031,1.16,1.62,1.62,1.62,1.62
2023-05-24,Bundesgebiet,00,00+,1017,1407,1407,1407,1407,83155031,1.22,1.69,1.69,1.69,1.69
2023-05-23,Bundesgebiet,00,00+,882,1425,1425,1425,1425,83155031,1.06,1.71,1.71,1.71,1.71
2023-05-22,Bundesgebiet,00,00+,933,1390,1390,1390,1390,83155031,1.12,1.67,1.67,1.67,1.67
2023-05-21,Bundesgebiet,00,00+,958,1392,1392,1392,1392,83155031,1.15,1.67,1.67,1.67,1.67
2023-05-20,Bundesgebiet,00,00+,995,1399,1399,1399,1399,83155031,1.2,1.68,1.68,1.68,1.68
2023-05-19,Bundesgebiet,00,00+,1036,1460,1460,1460,1460,83155031,1.25,1.76,1.76,1.76,1.76
2023-05-18,Bundesgebiet,00,00+,1274,1699,1699,1699,1699,83155031,1.53,2.04,2.04,2.04,2.04
2023-05-17,Bundesgebiet,00,00+,1229,1692,1692,1692,1692,83155031,1.48,2.03,2.03,2.03,2.03
2023-05-16,Bundesgebiet,00,00+,1290,1835,1835,1835,1835,83155031,1.55,2.21,2.21,2.21,2.21
2023-05-15,Bundesgebiet,00,00+,1535,2002,2002,2002,2002,83155031,1.85,2.41,2.41,2.41,2.41
2023-05-14,Bundesgebiet,00,00+,1575,2017,2017,2017,2017,83155031,1.89,2.43,2.43,2.43,2.43
2023-05-13,Bundesgebiet,00,00+,1626,2032,2032,2032,2032,83155031,1.96,2.44,2.44,2.44,2.44
2023-05-12,Bundesgebiet,00,00+,1656,2094,2094,2094,2094,83155031,1.99,2.52,2.52,2.52,2.52
2023-05-11,Bundesgebiet,00,00+,1663,2217,2217,2217,2217,83155031,2,2.67,2.67,2.67,2.67
2023-05-10,Bundesgebiet,00,00+,1698,2385,2385,2385,2385,83155031,2.04,2.87,2.87,2.87,2.87
2023-05-09,Bundesgebiet,00,00+,2144,2883,2883,2883,2883,83155031,2.58,3.47,3.47,3.47,3.47
2023-05-08,Bundesgebiet,00,00+,1639,2303,2303,2303,2303,83155031,1.97,2.77,2.77,2.77,2.77
2023-05-07,Bundesgebiet,00,00+,1699,2326,2326,2326,2326,83155031,2.04,2.8,2.8,2.8,2.8
2023-05-06,Bundesgebiet,00,00+,1770,2347,2347,2347,2347,83155031,2.13,2.82,2.82,2.82,2.82
2023-05-05,Bundesgebiet,00,00+,1678,2349,2349,2349,2349,83155031,2.02,2.82,2.82,2.82,2.82
2023-05-04,Bundesgebiet,00,00+,1606,2332,2332,2332,2332,83155031,1.93,2.8,2.8,2.8,2.8
2023-05-03,Bundesgebiet,00,00+,1408,2314,2314,2314,2314,83155031,1.69,2.78,2.78,2.78,2.78
2023-05-02,Bundesgebiet,00,00+,1261,1960,1960,1960,1960,83155031,1.52,2.36,2.36,2.36,2.36
2023-05-01,Bundesgebiet,00,00+,2055,2766,2766,2766,2766,83155031,2.47,3.33,3.33,3.33,3.33
2023-04-30,Bundesgebiet,00,00+,2124,2783,2783,2783,2783,83155031,2.55,3.35,3.35,3.35,3.35
2023-04-29,Bundesgebiet,00,00+,2174,2760,2760,2760,2760,83155031,2.61,3.32,3.32,3.32,3.32
2023-04-28,Bundesgebiet,00,00+,2179,2819,2819,2819,2819,83155031,2.62,3.39,3.39,3.39,3.39
2023-04-27,Bundesgebiet,00,00+,2206,2958,2958,2958,2958,83155031,2.65,3.56,3.56,3.56,3.56
2023-04-26,Bundesgebiet,00,00+,2184,3055,3055,3055,3055,83155031,2.63,3.67,3.67,3.67,3.67
2023-04-25,Bundesgebiet,00,00+,2179,3179,3179,3179,3179,83155031,2.62,3.82,3.82,3.82,3.82
2023-04-24,Bundesgebiet,00,00+,2422,3349,3349,3349,3349,83155031,2.91,4.03,4.03,4.03,4.03
2023-04-23,Bundesgebiet,00,00+,2499,3352,3352,3352,3352,83155031,3.01,4.03,4.03,4.03,4.03
2023-04-22,Bundesgebiet,00,00+,2570,3379,3379,3379,3379,83155031,3.09,4.06,4.06,4.06,4.06
2023-04-21,Bundesgebiet,00,00+,2623,3498,3498,3498,3498,83155031,3.15,4.21,4.21,4.21,4.21
2023-04-20,Bundesgebiet,00,00+,2724,3691,3691,3691,3691,83155031,3.28,4.44,4.44,4.44,4.44
2023-04-19,Bundesgebiet,00,00+,2867,3914,3914,3914,3914,83155031,3.45,4.71,4.71,4.71,4.71
2023-04-18,Bundesgebiet,00,00+,3576,4943,4943,4943,4943,83155031,4.3,5.94,5.94,5.94,5.94
2023-04-17,Bundesgebiet,00,00+,2839,4017,4017,4017,4017,83155031,3.41,4.83,4.83,4.83,4.83
2023-04-16,Bundesgebiet,00,00+,2946,4052,4052,4052,4052,83155031,3.54,4.87,4.87,4.87,4.87
2023-04-15,Bundesgebiet,00,00+,3051,4098,4098,4098,4098,83155031,3.67,4.93,4.93,4.93,4.93
2023-04-14,Bundesgebiet,00,00+,2627,3655,3655,3655,3655,83155031,3.16,4.4,4.4,4.4,4.4
2023-04-13,Bundesgebiet,00,00+,2435,3566,3566,3566,3566,83155031,2.93,4.29,4.29,4.29,4.29
2023-04-12,Bundesgebiet,00,00+,1921,3502,3502,3502,3502,83155031,2.31,4.21,4.21,4.21,4.21
2023-04-11,Bundesgebiet,00,00+,1448,2713,2713,2713,2713,83155031,1.74,3.26,3.26,3.26,3.26
2023-04-10,Bundesgebiet,00,00+,2709,4060,4060,4060,4060,83155031,3.26,4.88,4.88,4.88,4.88
2023-04-09,Bundesgebiet,00,00+,2835,4081,4081,4081,4081,83155031,3.41,4.91,4.91,4.91,4.91
2023-04-08,Bundesgebiet,00,00+,2957,4099,4099,4099,4099,83155031,3.56,4.93,4.93,4.93,4.93
2023-04-07,Bundesgebiet,00,00+,3576,4733,4733,4733,4733,83155031,4.3,5.69,5.69,5.69,5.69
2023-04-06,Bundesgebiet,00,00+,3646,4947,4947,4947,4947,83155031,4.38,5.95,5.95,5.95,5.95
2023-04-05,Bundesgebiet,00,00+,3678,5207,5207,5207,5207,83155031,4.42,6.26,6.26,6.26,6.26
2023-04-04,Bundesgebiet,00,00+,3623,5346,5346,5346,5346,83155031,4.36,6.43,6.43,6.43,6.43
2023-04-03,Bundesgebiet,00,00+,4178,5769,5769,5769,5769,83155031,5.02,6.94,6.94,6.94,6.94
2023-04-02,Bundesgebiet,00,00+,4338,5811,5811,5811,5811,83155031,5.22,6.99,6.99,6.99,6.99
2023-04-01,Bundesgebiet,00,00+,4475,5828,5828,5828,5828,83155031,5.38,7.01,7.01,7.01,7.01
2023-03-31,Bundesgebiet,00,00+,4557,6076,6076,6076,6076,83155031,5.48,7.31,7.31,7.31,7.31
2023-03-30,Bundesgebiet,00,00+,4691,6374,6374,6374,6374,83155031,5.64,7.67,7.67,7.67,7.67
2023-03-29,Bundesgebiet,00,00+,4754,6724,6724,6724,6724,83155031,5.72,8.09,8.09,8.09,8.09
2023-03-28,Bundesgebiet,00,00+,4726,7170,7170,7170,7170,83155031,5.68,8.62,8.62,8.62,8.62
2023-03-27,Bundesgebiet,00,00+,5383,7723,7723,7723,7723,83155031,6.47,9.29,9.29,9.29,9.29
2023-03-26,Bundesgebiet,00,00+,5610,7789,7789,7789,7789,83155031,6.75,9.37,9.37,9.37,9.37
2023-03-25,Bundesgebiet,00,00+,5839,7903,7903,7903,7903,83155031,7.02,9.5,9.5,9.5,9.5
2023-03-24,Bundesgebiet,00,00+,5809,8140,8140,8140,8140,83155031,6.99,9.79,9.79,9.79,9.79
2023-03-23,Bundesgebiet,00,00+,5917,8450,8450,8450,8450,83155031,7.12,10.16,10.16,10.16,10.16
2023-03-22,Bundesgebiet,00,00+,5838,8678,8678,8678,8678,83155031,7.02,10.44,10.44,10.44,10.44
2023-03-21,Bundesgebiet,00,00+,5948,9020,9020,9020,9020,83155031,7.15,10.85,10.85,10.85,10.85
2023-03-20,Bundesgebiet,00,00+,6427,9229,9229,9229,9229,83155031,7.73,11.1,11.1,11.1,11.1
2023-03-19,Bundesgebiet,00,00+,6673,9265,9265,9265,9265,83155031,8.02,11.14,11.14,11.14,11.14
2023-03-18,Bundesgebiet,00,00+,6929,9275,9275,9275,9275,83155031,8.33,11.15,11.15,11.15,11.15
2023-03-17,Bundesgebiet,00,00+,6831,9334,9334,9334,9334,83155031,8.21,11.22,11.22,11.22,11.22
2023-03-16,Bundesgebiet,00,00+,6494,9363,9363,9363,9363,83155031,7.81,11.26,11.26,11.26,11.26
2023-03-15,Bundesgebiet,00,00+,6255,9151,9151,9151,9151,83155031,7.52,11,11,11,11
2023-03-14,Bundesgebiet,00,00+,5791,8935,8935,8935,8935,83155031,6.96,10.74,10.74,10.74,10.74
2023-03-13,Bundesgebiet,00,00+,5823,8615,8615,8615,8615,83155031,7,10.36,10.36,10.36,10.36
2023-03-12,Bundesgebiet,00,00+,6048,8572,8572,8572,8572,83155031,7.27,10.31,10.31,10.31,10.31
2023-03-11,Bundesgebiet,00,00+,6251,8515,8515,8515,8515,83155031,7.52,10.24,10.24,10.24,10.24
2023-03-10,Bundesgebiet,00,00+,5976,8340,8340,8340,8340,83155031,7.19,10.03,10.03,10.03,10.03
2023-03-09,Bundesgebiet,00,00+,5616,8101,8101,8101,8101,83155031,6.75,9.74,9.74,9.74,9.74
2023-03-08,Bundesgebiet,00,00+,5464,8197,8197,8197,8197,83155031,6.57,9.86,9.86,9.86,9.86
2023-03-07,Bundesgebiet,00,00+,5499,8358,8358,8358,8358,83155031,6.61,10.05,10.05,10.05,10.05
2023-03-06,Bundesgebiet,00,00+,5999,8737,8737,8737,8737,83155031,7.21,10.51,10.51,10.51,10.51
2023-03-05,Bundesgebiet,00,00+,6288,8809,8809,8809,8809,83155031,7.56,10.59,10.59,10.59,10.59
2023-03-04,Bundesgebiet,00,00+,6569,8904,8904,8904,8904,83155031,7.9,10.71,10.71,10.71,10.71
2023-03-03,Bundesgebiet,00,00+,6625,9184,9184,9184,9184,83155031,7.97,11.04,11.04,11.04,11.04
2023-03-02,Bundesgebiet,00,00+,6686,9558,9558,9558,9558,83155031,8.04,11.49,11.49,11.49,11.49
2023-03-01,Bundesgebiet,00,00+,6823,9985,9985,9985,9985,83155031,8.21,12.01,12.01,12.01,12.01
2023-02-28,Bundesgebiet,00,00+,6770,10230,10230,10230,10230,83155031,8.14,12.3,12.3,12.3,12.3
2023-02-27,Bundesgebiet,00,00+,6629,9854,9854,9854,9854,83155031,7.97,11.85,11.85,11.85,11.85
2023-02-26,Bundesgebiet,00,00+,6933,9903,9903,9903,9903,83155031,8.34,11.91,11.91,11.91,11.91
2023-02-25,Bundesgebiet,00,00+,7171,9855,9855,9855,9855,83155031,8.62,11.85,11.85,11.85,11.85
2023-02-24,Bundesgebiet,00,00+,6781,9832,9832,9832,9832,83155031,8.15,11.82,11.82,11.82,11.82
2023-02-23,Bundesgebiet,00,00+,6507,9678,9678,9678,9678,83155031,7.83,11.64,11.64,11.64,11.64
2023-02-22,Bundesgebiet,00,00+,5776,9477,9477,9477,9477,83155031,6.95,11.4,11.4,11.4,11.4
2023-02-21,Bundesgebiet,00,00+,5478,9190,9190,9190,9190,83155031,6.59,11.05,11.05,11.05,11.05
2023-02-20,Bundesgebiet,00,00+,6127,9241,9241,9241,9241,83155031,7.37,11.11,11.11,11.11,11.11
2023-02-19,Bundesgebiet,00,00+,6362,9150,9150,9150,9150,83155031,7.65,11,11,11,11
2023-02-18,Bundesgebiet,00,00+,6607,9144,9144,9144,9144,83155031,7.95,11,11,11,11
2023-02-17,Bundesgebiet,00,00+,6220,8856,8856,8856,8856,83155031,7.48,10.65,10.65,10.65,10.65
2023-02-16,Bundesgebiet,00,00+,5856,8616,8616,8616,8616,83155031,7.04,10.36,10.36,10.36,10.36
2023-02-15,Bundesgebiet,00,00+,5333,8220,8220,8220,8220,83155031,6.41,9.89,9.89,9.89,9.89
2023-02-14,Bundesgebiet,00,00+,4958,7796,7796,7796,7796,83155031,5.96,9.38,9.38,9.38,9.38
2023-02-13,Bundesgebiet,00,00+,4926,7341,7341,7341,7341,83155031,5.92,8.83,8.83,8.83,8.83
2023-02-12,Bundesgebiet,00,00+,5114,7280,7280,7280,7280,83155031,6.15,8.75,8.75,8.75,8.75
2023-02-11,Bundesgebiet,00,00+,5302,7218,7218,7218,7218,83155031,6.38,8.68,8.68,8.68,8.68
2023-02-10,Bundesgebiet,00,00+,5200,7173,7173,7173,7173,83155031,6.25,8.63,8.63,8.63,8.63
2023-02-09,Bundesgebiet,00,00+,4870,6909,6909,6909,6909,83155031,5.86,8.31,8.31,8.31,8.31
2023-02-08,Bundesgebiet,00,00+,4574,6709,6709,6709,6709,83155031,5.5,8.07,8.07,8.07,8.07
2023-02-07,Bundesgebiet,00,00+,4293,6539,6539,6539,6539,83155031,5.16,7.86,7.86,7.86,7.86
2023-02-06,Bundesgebiet,00,00+,4101,6127,6127,6127,6127,83155031,4.93,7.37,7.37,7.37,7.37
2023-02-05,Bundesgebiet,00,00+,4276,6102,6102,6102,6102,83155031,5.14,7.34,7.34,7.34,7.34
2023-02-04,Bundesgebiet,00,00+,4420,6052,6052,6052,6052,83155031,5.32,7.28,7.28,7.28,7.28
2023-02-03,Bundesgebiet,00,00+,4182,5818,5818,5818,5818,83155031,5.03,7,7,7,7
2023-02-02,Bundesgebiet,00,00+,4236,5771,5771,5771,5771,83155031,5.09,6.94,6.94,6.94,6.94
2023-02-01,Bundesgebiet,00,00+,3923,5512,5512,5512,5512,83155031,4.72,6.63,6.63,6.63,6.63
2023-01-31,Bundesgebiet,00,00+,3542,5324,5324,5324,5324,83155031,4.26,6.4,6.4,6.4,6.4
2023-01-30,Bundesgebiet,00,00+,3525,5143,5143,5143,5143,83155031,4.24,6.18,6.18,6.18,6.18
2023-01-29,Bundesgebiet,00,00+,3664,5108,5108,5108,5108,83155031,4.41,6.14,6.14,6.14,6.14
2023-01-28,Bundesgebiet,00,00+,3787,5084,5084,5084,5084,83155031,4.55,6.11,6.11,6.11,6.11
2023-01-27,Bundesgebiet,00,00+,3601,4912,4912,4912,4912,83155031,4.33,5.91,5.91,5.91,5.91
2023-01-26,Bundesgebiet,00,00+,3483,4767,4767,4767,4767,83155031,4.19,5.73,5.73,5.73,5.73
2023-01-25,Bundesgebiet,00,00+,3382,4758,4758,4758,4758,83155031,4.07,5.72,5.72,5.72,5.72
2023-01-24,Bundesgebiet,00,00+,3236,4680,4680,4680,4680,83155031,3.89,5.63,5.63,5.63,5.63
2023-01-23,Bundesgebiet,00,00+,3451,4888,4888,4888,4888,83155031,4.15,5.88,5.88,5.88,5.88
2023-01-22,Bundesgebiet,00,00+,3589,4885,4885,4885,4885,83155031,4.32,5.87,5.87,5.87,5.87
2023-01-21,Bundesgebiet,00,00+,3728,4912,4912,4912,4912,83155031,4.48,5.91,5.91,5.91,5.91
2023-01-20,Bundesgebiet,00,00+,3739,5117,5117,5117,5117,83155031,4.5,6.15,6.15,6.15,6.15
2023-01-19,Bundesgebiet,00,00+,3742,5263,5263,5263,5263,83155031,4.5,6.33,6.33,6.33,6.33
2023-01-18,Bundesgebiet,00,00+,3883,5549,5549,5549,5549,83155031,4.67,6.67,6.67,6.67,6.67
2023-01-17,Bundesgebiet,00,00+,3934,5952,5952,5952,5952,83155031,4.73,7.16,7.16,7.16,7.16
2023-01-16,Bundesgebiet,00,00+,4661,6673,6673,6673,6673,83155031,5.61,8.02,8.02,8.02,8.02
2023-01-15,Bundesgebiet,00,00+,4847,6728,6728,6728,6728,83155031,5.83,8.09,8.09,8.09,8.09
2023-01-14,Bundesgebiet,00,00+,5057,6809,6809,6809,6809,83155031,6.08,8.19,8.19,8.19,8.19
2023-01-13,Bundesgebiet,00,00+,4966,6861,6861,6861,6861,83155031,5.97,8.25,8.25,8.25,8.25
2023-01-12,Bundesgebiet,00,00+,5316,7424,7424,7424,7424,83155031,6.39,8.93,8.93,8.93,8.93
2023-01-11,Bundesgebiet,00,00+,5486,7983,7983,7983,7983,83155031,6.6,9.6,9.6,9.6,9.6
2023-01-10,Bundesgebiet,00,00+,5550,8606,8606,8606,8606,83155031,6.67,10.35,10.35,10.35,10.35
2023-01-09,Bundesgebiet,00,00+,5953,9134,9134,9134,9134,83155031,7.16,10.98,10.98,10.98,10.98
2023-01-08,Bundesgebiet,00,00+,6217,9249,9249,9249,9249,83155031,7.48,11.12,11.12,11.12,11.12
2023-01-07,Bundesgebiet,00,00+,6497,0,0,0,0,83155031,7.81,0,0,0,0
2023-01-06,Bundesgebiet,00,00+,6818,0,0,0,0,83155031,8.2,0,0,0,0
2023-01-05,Bundesgebiet,00,00+,7033,0,0,0,0,83155031,8.46,0,0,0,0
2023-01-04,Bundesgebiet,00,00+,7137,0,0,0,0,83155031,8.58,0,0,0,0
2023-01-03,Bundesgebiet,00,00+,7733,0,0,0,0,83155031,9.3,0,0,0,0
2023-01-02,Bundesgebiet,00,00+,5820,0,0,0,0,83155031,7,0,0,0,0
2024-04-19,Schleswig-Holstein,01,00+,8,8,NA,NA,NA,2910875,0.27,0.27,NA,NA,NA
2024-04-18,Schleswig-Holstein,01,00+,8,8,NA,NA,NA,2910875,0.27,0.27,NA,NA,NA
2024-04-17,Schleswig-Holstein,01,00+,6,10,NA,NA,NA,2910875,0.21,0.34,NA,NA,NA
2024-04-16,Schleswig-Holstein,01,00+,8,10,12,10,15,2910875,0.27,0.34,0.42,0.37,0.54
2024-04-15,Schleswig-Holstein,01,00+,9,12,13,12,17,2910875,0.31,0.41,0.48,0.43,0.58
2024-04-14,Schleswig-Holstein,01,00+,9,12,13,12,17,2910875,0.31,0.41,0.48,0.43,0.58
2024-04-13,Schleswig-Holstein,01,00+,9,12,13,12,17,2910875,0.31,0.41,0.48,0.43,0.58
2024-04-12,Schleswig-Holstein,01,00+,7,8,9,8,11,2910875,0.24,0.27,0.31,0.28,0.38
2024-04-11,Schleswig-Holstein,01,00+,12,14,15,14,18,2910875,0.41,0.48,0.53,0.49,0.63
2024-04-10,Schleswig-Holstein,01,00+,9,12,13,12,15,2910875,0.31,0.41,0.45,0.42,0.53
2024-04-09,Schleswig-Holstein,01,00+,10,13,14,13,16,2910875,0.34,0.45,0.48,0.45,0.55
2024-04-08,Schleswig-Holstein,01,00+,4,10,10,10,12,2910875,0.14,0.34,0.37,0.35,0.42
2024-04-07,Schleswig-Holstein,01,00+,4,10,10,10,12,2910875,0.14,0.34,0.37,0.35,0.42
2024-04-06,Schleswig-Holstein,01,00+,4,10,10,10,12,2910875,0.14,0.34,0.37,0.35,0.42
2024-04-05,Schleswig-Holstein,01,00+,3,9,9,9,10,2910875,0.1,0.31,0.33,0.31,0.37
2024-04-04,Schleswig-Holstein,01,00+,2,3,3,3,3,2910875,0.07,0.1,0.11,0.1,0.12
2024-04-03,Schleswig-Holstein,01,00+,2,3,3,3,3,2910875,0.07,0.1,0.11,0.1,0.12
2024-04-02,Schleswig-Holstein,01,00+,2,2,2,2,2,2910875,0.07,0.07,0.07,0.07,0.07
2024-04-01,Schleswig-Holstein,01,00+,4,5,5,5,5,2910875,0.14,0.17,0.18,0.17,0.19
2024-03-31,Schleswig-Holstein,01,00+,4,5,5,5,5,2910875,0.14,0.17,0.18,0.17,0.19
2024-03-30,Schleswig-Holstein,01,00+,4,5,5,5,5,2910875,0.14,0.17,0.18,0.17,0.19
2024-03-29,Schleswig-Holstein,01,00+,4,5,5,5,5,2910875,0.14,0.17,0.18,0.17,0.19
2024-03-28,Schleswig-Holstein,01,00+,5,6,6,6,6,2910875,0.17,0.21,0.21,0.21,0.22
2024-03-27,Schleswig-Holstein,01,00+,5,8,8,8,8,2910875,0.17,0.27,0.28,0.28,0.29
2024-03-26,Schleswig-Holstein,01,00+,4,7,7,7,7,2910875,0.14,0.24,0.24,0.24,0.25
2024-03-25,Schleswig-Holstein,01,00+,3,5,5,5,5,2910875,0.1,0.17,0.17,0.17,0.18
2024-03-24,Schleswig-Holstein,01,00+,3,5,5,5,5,2910875,0.1,0.17,0.17,0.17,0.18
2024-03-23,Schleswig-Holstein,01,00+,3,5,5,5,5,2910875,0.1,0.17,0.17,0.17,0.18
2024-03-22,Schleswig-Holstein,01,00+,4,6,6,6,6,2910875,0.14,0.21,0.21,0.21,0.21
2024-03-21,Schleswig-Holstein,01,00+,4,5,5,5,5,2910875,0.14,0.17,0.17,0.17,0.18
2024-03-20,Schleswig-Holstein,01,00+,6,6,6,6,6,2910875,0.21,0.21,0.21,0.21,0.21
2024-03-19,Schleswig-Holstein,01,00+,7,7,7,7,7,2910875,0.24,0.24,0.24,0.24,0.24
2024-03-18,Schleswig-Holstein,01,00+,11,13,13,13,13,2910875,0.38,0.45,0.45,0.45,0.45
2024-03-17,Schleswig-Holstein,01,00+,11,13,13,13,13,2910875,0.38,0.45,0.45,0.45,0.45
2024-03-16,Schleswig-Holstein,01,00+,12,14,14,14,14,2910875,0.41,0.48,0.48,0.48,0.48
2024-03-15,Schleswig-Holstein,01,00+,13,15,15,15,15,2910875,0.45,0.52,0.52,0.52,0.52
2024-03-14,Schleswig-Holstein,01,00+,10,16,16,16,16,2910875,0.34,0.55,0.55,0.55,0.55
2024-03-13,Schleswig-Holstein,01,00+,13,16,16,16,16,2910875,0.45,0.55,0.55,0.55,0.55
2024-03-12,Schleswig-Holstein,01,00+,17,24,24,24,24,2910875,0.58,0.82,0.82,0.82,0.82
2024-03-11,Schleswig-Holstein,01,00+,15,19,19,19,19,2910875,0.52,0.65,0.65,0.65,0.65
2024-03-10,Schleswig-Holstein,01,00+,15,19,19,19,19,2910875,0.52,0.65,0.65,0.65,0.65
2024-03-09,Schleswig-Holstein,01,00+,16,19,19,19,19,2910875,0.55,0.65,0.65,0.65,0.65
2024-03-08,Schleswig-Holstein,01,00+,16,17,17,17,17,2910875,0.55,0.58,0.58,0.58,0.58
2024-03-07,Schleswig-Holstein,01,00+,18,23,23,23,23,2910875,0.62,0.79,0.79,0.79,0.79
2024-03-06,Schleswig-Holstein,01,00+,16,24,24,24,24,2910875,0.55,0.82,0.82,0.82,0.82
2024-03-05,Schleswig-Holstein,01,00+,20,21,21,21,21,2910875,0.69,0.72,0.72,0.72,0.72
2024-03-04,Schleswig-Holstein,01,00+,22,25,25,25,25,2910875,0.76,0.86,0.86,0.86,0.86
2024-03-03,Schleswig-Holstein,01,00+,22,25,25,25,25,2910875,0.76,0.86,0.86,0.86,0.86
2024-03-02,Schleswig-Holstein,01,00+,23,25,25,25,25,2910875,0.79,0.86,0.86,0.86,0.86
2024-03-01,Schleswig-Holstein,01,00+,20,27,27,27,27,2910875,0.69,0.93,0.93,0.93,0.93
2024-02-29,Schleswig-Holstein,01,00+,22,26,26,26,26,2910875,0.76,0.89,0.89,0.89,0.89
2024-02-28,Schleswig-Holstein,01,00+,22,24,24,24,24,2910875,0.76,0.82,0.82,0.82,0.82
2024-02-27,Schleswig-Holstein,01,00+,18,21,21,21,21,2910875,0.62,0.72,0.72,0.72,0.72
2024-02-26,Schleswig-Holstein,01,00+,24,27,27,27,27,2910875,0.82,0.93,0.93,0.93,0.93
2024-02-25,Schleswig-Holstein,01,00+,25,28,28,28,28,2910875,0.86,0.96,0.96,0.96,0.96
2024-02-24,Schleswig-Holstein,01,00+,29,31,31,31,31,2910875,1,1.06,1.06,1.06,1.06
2024-02-23,Schleswig-Holstein,01,00+,27,33,33,33,33,2910875,0.93,1.13,1.13,1.13,1.13
2024-02-22,Schleswig-Holstein,01,00+,32,36,36,36,36,2910875,1.1,1.24,1.24,1.24,1.24
2024-02-21,Schleswig-Holstein,01,00+,30,35,35,35,35,2910875,1.03,1.2,1.2,1.2,1.2
2024-02-20,Schleswig-Holstein,01,00+,29,38,38,38,38,2910875,1,1.31,1.31,1.31,1.31
2024-02-19,Schleswig-Holstein,01,00+,30,37,37,37,37,2910875,1.03,1.27,1.27,1.27,1.27
2024-02-18,Schleswig-Holstein,01,00+,30,36,36,36,36,2910875,1.03,1.24,1.24,1.24,1.24
2024-02-17,Schleswig-Holstein,01,00+,33,36,36,36,36,2910875,1.13,1.24,1.24,1.24,1.24
2024-02-16,Schleswig-Holstein,01,00+,28,38,38,38,38,2910875,0.96,1.31,1.31,1.31,1.31
2024-02-15,Schleswig-Holstein,01,00+,25,32,32,32,32,2910875,0.86,1.1,1.1,1.1,1.1
2024-02-14,Schleswig-Holstein,01,00+,34,42,42,42,42,2910875,1.17,1.44,1.44,1.44,1.44
2024-02-13,Schleswig-Holstein,01,00+,32,45,45,45,45,2910875,1.1,1.55,1.55,1.55,1.55
2024-02-12,Schleswig-Holstein,01,00+,38,50,50,50,50,2910875,1.31,1.72,1.72,1.72,1.72
2024-02-11,Schleswig-Holstein,01,00+,39,51,51,51,51,2910875,1.34,1.75,1.75,1.75,1.75
2024-02-10,Schleswig-Holstein,01,00+,39,47,47,47,47,2910875,1.34,1.61,1.61,1.61,1.61
2024-02-09,Schleswig-Holstein,01,00+,35,43,43,43,43,2910875,1.2,1.48,1.48,1.48,1.48
2024-02-08,Schleswig-Holstein,01,00+,37,48,48,48,48,2910875,1.27,1.65,1.65,1.65,1.65
2024-02-07,Schleswig-Holstein,01,00+,18,45,45,45,45,2910875,0.62,1.55,1.55,1.55,1.55
2024-02-06,Schleswig-Holstein,01,00+,29,46,46,46,46,2910875,1,1.58,1.58,1.58,1.58
2024-02-05,Schleswig-Holstein,01,00+,45,52,52,52,52,2910875,1.55,1.79,1.79,1.79,1.79
2024-02-04,Schleswig-Holstein,01,00+,47,53,53,53,53,2910875,1.61,1.82,1.82,1.82,1.82
2024-02-03,Schleswig-Holstein,01,00+,50,56,56,56,56,2910875,1.72,1.92,1.92,1.92,1.92
2024-02-02,Schleswig-Holstein,01,00+,58,65,65,65,65,2910875,1.99,2.23,2.23,2.23,2.23
2024-02-01,Schleswig-Holstein,01,00+,61,68,68,68,68,2910875,2.1,2.34,2.34,2.34,2.34
2024-01-31,Schleswig-Holstein,01,00+,61,75,75,75,75,2910875,2.1,2.58,2.58,2.58,2.58
2024-01-30,Schleswig-Holstein,01,00+,70,86,86,86,86,2910875,2.4,2.95,2.95,2.95,2.95
2024-01-29,Schleswig-Holstein,01,00+,73,94,94,94,94,2910875,2.51,3.23,3.23,3.23,3.23
2024-01-28,Schleswig-Holstein,01,00+,73,92,92,92,92,2910875,2.51,3.16,3.16,3.16,3.16
2024-01-27,Schleswig-Holstein,01,00+,76,92,92,92,92,2910875,2.61,3.16,3.16,3.16,3.16
2024-01-26,Schleswig-Holstein,01,00+,83,99,99,99,99,2910875,2.85,3.4,3.4,3.4,3.4
2024-01-25,Schleswig-Holstein,01,00+,86,107,107,107,107,2910875,2.95,3.68,3.68,3.68,3.68
2024-01-24,Schleswig-Holstein,01,00+,82,103,103,103,103,2910875,2.82,3.54,3.54,3.54,3.54
2024-01-23,Schleswig-Holstein,01,00+,75,101,101,101,101,2910875,2.58,3.47,3.47,3.47,3.47
2024-01-22,Schleswig-Holstein,01,00+,76,109,109,109,109,2910875,2.61,3.74,3.74,3.74,3.74
2024-01-21,Schleswig-Holstein,01,00+,77,110,110,110,110,2910875,2.65,3.78,3.78,3.78,3.78
2024-01-20,Schleswig-Holstein,01,00+,91,121,121,121,121,2910875,3.13,4.16,4.16,4.16,4.16
2024-01-19,Schleswig-Holstein,01,00+,91,115,115,115,115,2910875,3.13,3.95,3.95,3.95,3.95
2024-01-18,Schleswig-Holstein,01,00+,91,108,108,108,108,2910875,3.13,3.71,3.71,3.71,3.71
2024-01-17,Schleswig-Holstein,01,00+,95,116,116,116,116,2910875,3.26,3.99,3.99,3.99,3.99
2024-01-16,Schleswig-Holstein,01,00+,81,112,112,112,112,2910875,2.78,3.85,3.85,3.85,3.85
2024-01-15,Schleswig-Holstein,01,00+,74,109,109,109,109,2910875,2.54,3.74,3.74,3.74,3.74
2024-01-14,Schleswig-Holstein,01,00+,79,113,113,113,113,2910875,2.71,3.88,3.88,3.88,3.88
2024-01-13,Schleswig-Holstein,01,00+,80,100,100,100,100,2910875,2.75,3.44,3.44,3.44,3.44
2024-01-12,Schleswig-Holstein,01,00+,82,99,99,99,99,2910875,2.82,3.4,3.4,3.4,3.4
2024-01-11,Schleswig-Holstein,01,00+,93,112,112,112,112,2910875,3.19,3.85,3.85,3.85,3.85
2024-01-10,Schleswig-Holstein,01,00+,87,116,116,116,116,2910875,2.99,3.99,3.99,3.99,3.99
2024-01-09,Schleswig-Holstein,01,00+,121,163,163,163,163,2910875,4.16,5.6,5.6,5.6,5.6
2024-01-08,Schleswig-Holstein,01,00+,108,136,136,136,136,2910875,3.71,4.67,4.67,4.67,4.67
2024-01-07,Schleswig-Holstein,01,00+,113,137,137,137,137,2910875,3.88,4.71,4.71,4.71,4.71
2024-01-06,Schleswig-Holstein,01,00+,120,146,146,146,146,2910875,4.12,5.02,5.02,5.02,5.02
2024-01-05,Schleswig-Holstein,01,00+,125,172,172,172,172,2910875,4.29,5.91,5.91,5.91,5.91
2024-01-04,Schleswig-Holstein,01,00+,164,217,217,217,217,2910875,5.63,7.45,7.45,7.45,7.45
2024-01-03,Schleswig-Holstein,01,00+,240,317,317,317,317,2910875,8.24,10.89,10.89,10.89,10.89
2024-01-02,Schleswig-Holstein,01,00+,196,264,264,264,264,2910875,6.73,9.07,9.07,9.07,9.07
2024-01-01,Schleswig-Holstein,01,00+,208,269,269,269,269,2910875,7.15,9.24,9.24,9.24,9.24
2023-12-31,Schleswig-Holstein,01,00+,217,275,275,275,275,2910875,7.45,9.45,9.45,9.45,9.45
2023-12-30,Schleswig-Holstein,01,00+,220,272,272,272,272,2910875,7.56,9.34,9.34,9.34,9.34
2023-12-29,Schleswig-Holstein,01,00+,215,277,277,277,277,2910875,7.39,9.52,9.52,9.52,9.52
2023-12-28,Schleswig-Holstein,01,00+,163,261,261,261,261,2910875,5.6,8.97,8.97,8.97,8.97
2023-12-27,Schleswig-Holstein,01,00+,105,204,204,204,204,2910875,3.61,7.01,7.01,7.01,7.01
2023-12-26,Schleswig-Holstein,01,00+,162,251,251,251,251,2910875,5.57,8.62,8.62,8.62,8.62
2023-12-25,Schleswig-Holstein,01,00+,258,337,337,337,337,2910875,8.86,11.58,11.58,11.58,11.58
2023-12-24,Schleswig-Holstein,01,00+,264,334,334,334,334,2910875,9.07,11.47,11.47,11.47,11.47
2023-12-23,Schleswig-Holstein,01,00+,274,341,341,341,341,2910875,9.41,11.71,11.71,11.71,11.71
2023-12-22,Schleswig-Holstein,01,00+,281,343,343,343,343,2910875,9.65,11.78,11.78,11.78,11.78
2023-12-21,Schleswig-Holstein,01,00+,229,334,334,334,334,2910875,7.87,11.47,11.47,11.47,11.47
2023-12-20,Schleswig-Holstein,01,00+,265,342,342,342,342,2910875,9.1,11.75,11.75,11.75,11.75
2023-12-19,Schleswig-Holstein,01,00+,256,381,381,381,381,2910875,8.79,13.09,13.09,13.09,13.09
2023-12-18,Schleswig-Holstein,01,00+,315,418,418,418,418,2910875,10.82,14.36,14.36,14.36,14.36
2023-12-17,Schleswig-Holstein,01,00+,323,419,419,419,419,2910875,11.1,14.39,14.39,14.39,14.39
2023-12-16,Schleswig-Holstein,01,00+,333,417,417,417,417,2910875,11.44,14.33,14.33,14.33,14.33
2023-12-15,Schleswig-Holstein,01,00+,328,428,428,428,428,2910875,11.27,14.7,14.7,14.7,14.7
2023-12-14,Schleswig-Holstein,01,00+,342,456,456,456,456,2910875,11.75,15.67,15.67,15.67,15.67
2023-12-13,Schleswig-Holstein,01,00+,337,455,455,455,455,2910875,11.58,15.63,15.63,15.63,15.63
2023-12-12,Schleswig-Holstein,01,00+,298,434,434,434,434,2910875,10.24,14.91,14.91,14.91,14.91
2023-12-11,Schleswig-Holstein,01,00+,292,402,402,402,402,2910875,10.03,13.81,13.81,13.81,13.81
2023-12-10,Schleswig-Holstein,01,00+,303,405,405,405,405,2910875,10.41,13.91,13.91,13.91,13.91
2023-12-09,Schleswig-Holstein,01,00+,311,402,402,402,402,2910875,10.68,13.81,13.81,13.81,13.81
2023-12-08,Schleswig-Holstein,01,00+,256,408,408,408,408,2910875,8.79,14.02,14.02,14.02,14.02
2023-12-07,Schleswig-Holstein,01,00+,246,384,384,384,384,2910875,8.45,13.19,13.19,13.19,13.19
2023-12-06,Schleswig-Holstein,01,00+,241,359,359,359,359,2910875,8.28,12.33,12.33,12.33,12.33
2023-12-05,Schleswig-Holstein,01,00+,244,362,362,362,362,2910875,8.38,12.44,12.44,12.44,12.44
2023-12-04,Schleswig-Holstein,01,00+,289,385,385,385,385,2910875,9.93,13.23,13.23,13.23,13.23
2023-12-03,Schleswig-Holstein,01,00+,295,379,379,379,379,2910875,10.13,13.02,13.02,13.02,13.02
2023-12-02,Schleswig-Holstein,01,00+,302,377,377,377,377,2910875,10.37,12.95,12.95,12.95,12.95
2023-12-01,Schleswig-Holstein,01,00+,290,359,359,359,359,2910875,9.96,12.33,12.33,12.33,12.33
2023-11-30,Schleswig-Holstein,01,00+,239,352,352,352,352,2910875,8.21,12.09,12.09,12.09,12.09
2023-11-29,Schleswig-Holstein,01,00+,204,371,371,371,371,2910875,7.01,12.75,12.75,12.75,12.75
2023-11-28,Schleswig-Holstein,01,00+,220,355,355,355,355,2910875,7.56,12.2,12.2,12.2,12.2
2023-11-27,Schleswig-Holstein,01,00+,237,318,318,318,318,2910875,8.14,10.92,10.92,10.92,10.92
2023-11-26,Schleswig-Holstein,01,00+,241,315,315,315,315,2910875,8.28,10.82,10.82,10.82,10.82
2023-11-25,Schleswig-Holstein,01,00+,250,317,317,317,317,2910875,8.59,10.89,10.89,10.89,10.89
2023-11-24,Schleswig-Holstein,01,00+,248,305,305,305,305,2910875,8.52,10.48,10.48,10.48,10.48
2023-11-23,Schleswig-Holstein,01,00+,202,298,298,298,298,2910875,6.94,10.24,10.24,10.24,10.24
2023-11-22,Schleswig-Holstein,01,00+,178,289,289,289,289,2910875,6.11,9.93,9.93,9.93,9.93
2023-11-21,Schleswig-Holstein,01,00+,221,289,289,289,289,2910875,7.59,9.93,9.93,9.93,9.93
2023-11-20,Schleswig-Holstein,01,00+,217,259,259,259,259,2910875,7.45,8.9,8.9,8.9,8.9
2023-11-19,Schleswig-Holstein,01,00+,225,263,263,263,263,2910875,7.73,9.04,9.04,9.04,9.04
2023-11-18,Schleswig-Holstein,01,00+,231,260,260,260,260,2910875,7.94,8.93,8.93,8.93,8.93
2023-11-17,Schleswig-Holstein,01,00+,227,263,263,263,263,2910875,7.8,9.04,9.04,9.04,9.04
2023-11-16,Schleswig-Holstein,01,00+,185,280,280,280,280,2910875,6.36,9.62,9.62,9.62,9.62
2023-11-15,Schleswig-Holstein,01,00+,226,290,290,290,290,2910875,7.76,9.96,9.96,9.96,9.96
2023-11-14,Schleswig-Holstein,01,00+,217,270,270,270,270,2910875,7.45,9.28,9.28,9.28,9.28
2023-11-13,Schleswig-Holstein,01,00+,273,348,348,348,348,2910875,9.38,11.96,11.96,11.96,11.96
2023-11-12,Schleswig-Holstein,01,00+,276,343,343,343,343,2910875,9.48,11.78,11.78,11.78,11.78
2023-11-11,Schleswig-Holstein,01,00+,284,345,345,345,345,2910875,9.76,11.85,11.85,11.85,11.85
2023-11-10,Schleswig-Holstein,01,00+,290,354,354,354,354,2910875,9.96,12.16,12.16,12.16,12.16
2023-11-09,Schleswig-Holstein,01,00+,295,387,387,387,387,2910875,10.13,13.29,13.29,13.29,13.29
2023-11-08,Schleswig-Holstein,01,00+,309,413,413,413,413,2910875,10.62,14.19,14.19,14.19,14.19
2023-11-07,Schleswig-Holstein,01,00+,203,387,387,387,387,2910875,6.97,13.29,13.29,13.29,13.29
2023-11-06,Schleswig-Holstein,01,00+,289,372,372,372,372,2910875,9.93,12.78,12.78,12.78,12.78
2023-11-05,Schleswig-Holstein,01,00+,294,375,375,375,375,2910875,10.1,12.88,12.88,12.88,12.88
2023-11-04,Schleswig-Holstein,01,00+,304,378,378,378,378,2910875,10.44,12.99,12.99,12.99,12.99
2023-11-03,Schleswig-Holstein,01,00+,292,376,376,376,376,2910875,10.03,12.92,12.92,12.92,12.92
2023-11-02,Schleswig-Holstein,01,00+,218,339,339,339,339,2910875,7.49,11.65,11.65,11.65,11.65
2023-11-01,Schleswig-Holstein,01,00+,155,296,296,296,296,2910875,5.32,10.17,10.17,10.17,10.17
2023-10-31,Schleswig-Holstein,01,00+,217,344,344,344,344,2910875,7.45,11.82,11.82,11.82,11.82
2023-10-30,Schleswig-Holstein,01,00+,231,324,324,324,324,2910875,7.94,11.13,11.13,11.13,11.13
2023-10-29,Schleswig-Holstein,01,00+,240,327,327,327,327,2910875,8.24,11.23,11.23,11.23,11.23
2023-10-28,Schleswig-Holstein,01,00+,248,324,324,324,324,2910875,8.52,11.13,11.13,11.13,11.13
2023-10-27,Schleswig-Holstein,01,00+,230,312,312,312,312,2910875,7.9,10.72,10.72,10.72,10.72
2023-10-26,Schleswig-Holstein,01,00+,205,289,289,289,289,2910875,7.04,9.93,9.93,9.93,9.93
2023-10-25,Schleswig-Holstein,01,00+,193,278,278,278,278,2910875,6.63,9.55,9.55,9.55,9.55
2023-10-24,Schleswig-Holstein,01,00+,140,241,241,241,241,2910875,4.81,8.28,8.28,8.28,8.28
2023-10-23,Schleswig-Holstein,01,00+,117,179,179,179,179,2910875,4.02,6.15,6.15,6.15,6.15
2023-10-22,Schleswig-Holstein,01,00+,121,173,173,173,173,2910875,4.16,5.94,5.94,5.94,5.94
2023-10-21,Schleswig-Holstein,01,00+,126,172,172,172,172,2910875,4.33,5.91,5.91,5.91,5.91
2023-10-20,Schleswig-Holstein,01,00+,110,165,165,165,165,2910875,3.78,5.67,5.67,5.67,5.67
2023-10-19,Schleswig-Holstein,01,00+,112,161,161,161,161,2910875,3.85,5.53,5.53,5.53,5.53
2023-10-18,Schleswig-Holstein,01,00+,90,139,139,139,139,2910875,3.09,4.78,4.78,4.78,4.78
2023-10-17,Schleswig-Holstein,01,00+,94,136,136,136,136,2910875,3.23,4.67,4.67,4.67,4.67
2023-10-16,Schleswig-Holstein,01,00+,98,127,127,127,127,2910875,3.37,4.36,4.36,4.36,4.36
2023-10-15,Schleswig-Holstein,01,00+,100,126,126,126,126,2910875,3.44,4.33,4.33,4.33,4.33
2023-10-14,Schleswig-Holstein,01,00+,104,125,125,125,125,2910875,3.57,4.29,4.29,4.29,4.29
2023-10-13,Schleswig-Holstein,01,00+,91,124,124,124,124,2910875,3.13,4.26,4.26,4.26,4.26
2023-10-12,Schleswig-Holstein,01,00+,98,129,129,129,129,2910875,3.37,4.43,4.43,4.43,4.43
2023-10-11,Schleswig-Holstein,01,00+,124,145,145,145,145,2910875,4.26,4.98,4.98,4.98,4.98
2023-10-10,Schleswig-Holstein,01,00+,92,125,125,125,125,2910875,3.16,4.29,4.29,4.29,4.29
2023-10-09,Schleswig-Holstein,01,00+,97,136,136,136,136,2910875,3.33,4.67,4.67,4.67,4.67
2023-10-08,Schleswig-Holstein,01,00+,97,134,134,134,134,2910875,3.33,4.6,4.6,4.6,4.6
2023-10-07,Schleswig-Holstein,01,00+,100,132,132,132,132,2910875,3.44,4.53,4.53,4.53,4.53
2023-10-06,Schleswig-Holstein,01,00+,83,129,129,129,129,2910875,2.85,4.43,4.43,4.43,4.43
2023-10-05,Schleswig-Holstein,01,00+,83,123,123,123,123,2910875,2.85,4.23,4.23,4.23,4.23
2023-10-04,Schleswig-Holstein,01,00+,59,107,107,107,107,2910875,2.03,3.68,3.68,3.68,3.68
2023-10-03,Schleswig-Holstein,01,00+,80,126,126,126,126,2910875,2.75,4.33,4.33,4.33,4.33
2023-10-02,Schleswig-Holstein,01,00+,77,112,112,112,112,2910875,2.65,3.85,3.85,3.85,3.85
2023-10-01,Schleswig-Holstein,01,00+,77,112,112,112,112,2910875,2.65,3.85,3.85,3.85,3.85
2023-09-30,Schleswig-Holstein,01,00+,83,114,114,114,114,2910875,2.85,3.92,3.92,3.92,3.92
2023-09-29,Schleswig-Holstein,01,00+,86,112,112,112,112,2910875,2.95,3.85,3.85,3.85,3.85
2023-09-28,Schleswig-Holstein,01,00+,95,114,114,114,114,2910875,3.26,3.92,3.92,3.92,3.92
2023-09-27,Schleswig-Holstein,01,00+,87,110,110,110,110,2910875,2.99,3.78,3.78,3.78,3.78
2023-09-26,Schleswig-Holstein,01,00+,66,117,117,117,117,2910875,2.27,4.02,4.02,4.02,4.02
2023-09-25,Schleswig-Holstein,01,00+,96,119,119,119,119,2910875,3.3,4.09,4.09,4.09,4.09
2023-09-24,Schleswig-Holstein,01,00+,96,120,120,120,120,2910875,3.3,4.12,4.12,4.12,4.12
2023-09-23,Schleswig-Holstein,01,00+,101,119,119,119,119,2910875,3.47,4.09,4.09,4.09,4.09
2023-09-22,Schleswig-Holstein,01,00+,100,118,118,118,118,2910875,3.44,4.05,4.05,4.05,4.05
2023-09-21,Schleswig-Holstein,01,00+,98,116,116,116,116,2910875,3.37,3.99,3.99,3.99,3.99
2023-09-20,Schleswig-Holstein,01,00+,92,127,127,127,127,2910875,3.16,4.36,4.36,4.36,4.36
2023-09-19,Schleswig-Holstein,01,00+,67,123,123,123,123,2910875,2.3,4.23,4.23,4.23,4.23
2023-09-18,Schleswig-Holstein,01,00+,100,125,125,125,125,2910875,3.44,4.29,4.29,4.29,4.29
2023-09-17,Schleswig-Holstein,01,00+,103,127,127,127,127,2910875,3.54,4.36,4.36,4.36,4.36
2023-09-16,Schleswig-Holstein,01,00+,108,127,127,127,127,2910875,3.71,4.36,4.36,4.36,4.36
2023-09-15,Schleswig-Holstein,01,00+,110,132,132,132,132,2910875,3.78,4.53,4.53,4.53,4.53
2023-09-14,Schleswig-Holstein,01,00+,110,130,130,130,130,2910875,3.78,4.47,4.47,4.47,4.47
2023-09-13,Schleswig-Holstein,01,00+,84,121,121,121,121,2910875,2.89,4.16,4.16,4.16,4.16
2023-09-12,Schleswig-Holstein,01,00+,69,112,112,112,112,2910875,2.37,3.85,3.85,3.85,3.85
2023-09-11,Schleswig-Holstein,01,00+,77,110,110,110,110,2910875,2.65,3.78,3.78,3.78,3.78
2023-09-10,Schleswig-Holstein,01,00+,79,110,110,110,110,2910875,2.71,3.78,3.78,3.78,3.78
2023-09-09,Schleswig-Holstein,01,00+,80,106,106,106,106,2910875,2.75,3.64,3.64,3.64,3.64
2023-09-08,Schleswig-Holstein,01,00+,79,95,95,95,95,2910875,2.71,3.26,3.26,3.26,3.26
2023-09-07,Schleswig-Holstein,01,00+,69,86,86,86,86,2910875,2.37,2.95,2.95,2.95,2.95
2023-09-06,Schleswig-Holstein,01,00+,56,87,87,87,87,2910875,1.92,2.99,2.99,2.99,2.99
2023-09-05,Schleswig-Holstein,01,00+,57,83,83,83,83,2910875,1.96,2.85,2.85,2.85,2.85
2023-09-04,Schleswig-Holstein,01,00+,64,90,90,90,90,2910875,2.2,3.09,3.09,3.09,3.09
2023-09-03,Schleswig-Holstein,01,00+,66,90,90,90,90,2910875,2.27,3.09,3.09,3.09,3.09
2023-09-02,Schleswig-Holstein,01,00+,67,90,90,90,90,2910875,2.3,3.09,3.09,3.09,3.09
2023-09-01,Schleswig-Holstein,01,00+,67,93,93,93,93,2910875,2.3,3.19,3.19,3.19,3.19
2023-08-31,Schleswig-Holstein,01,00+,72,98,98,98,98,2910875,2.47,3.37,3.37,3.37,3.37
2023-08-30,Schleswig-Holstein,01,00+,71,94,94,94,94,2910875,2.44,3.23,3.23,3.23,3.23
2023-08-29,Schleswig-Holstein,01,00+,96,119,119,119,119,2910875,3.3,4.09,4.09,4.09,4.09
2023-08-28,Schleswig-Holstein,01,00+,0,102,102,102,102,2910875,0,3.5,3.5,3.5,3.5
2023-08-27,Schleswig-Holstein,01,00+,0,101,101,101,101,2910875,0,3.47,3.47,3.47,3.47
2023-08-26,Schleswig-Holstein,01,00+,0,106,106,106,106,2910875,0,3.64,3.64,3.64,3.64
2023-08-25,Schleswig-Holstein,01,00+,0,101,101,101,101,2910875,0,3.47,3.47,3.47,3.47
2023-08-24,Schleswig-Holstein,01,00+,87,107,107,107,107,2910875,2.99,3.68,3.68,3.68,3.68
2023-08-23,Schleswig-Holstein,01,00+,85,112,112,112,112,2910875,2.92,3.85,3.85,3.85,3.85
2023-08-22,Schleswig-Holstein,01,00+,61,90,90,90,90,2910875,2.1,3.09,3.09,3.09,3.09
2023-08-21,Schleswig-Holstein,01,00+,68,96,96,96,96,2910875,2.34,3.3,3.3,3.3,3.3
2023-08-20,Schleswig-Holstein,01,00+,72,99,99,99,99,2910875,2.47,3.4,3.4,3.4,3.4
2023-08-19,Schleswig-Holstein,01,00+,72,93,93,93,93,2910875,2.47,3.19,3.19,3.19,3.19
2023-08-18,Schleswig-Holstein,01,00+,70,93,93,93,93,2910875,2.4,3.19,3.19,3.19,3.19
2023-08-17,Schleswig-Holstein,01,00+,60,86,86,86,86,2910875,2.06,2.95,2.95,2.95,2.95
2023-08-16,Schleswig-Holstein,01,00+,62,76,76,76,76,2910875,2.13,2.61,2.61,2.61,2.61
2023-08-15,Schleswig-Holstein,01,00+,44,71,71,71,71,2910875,1.51,2.44,2.44,2.44,2.44
2023-08-14,Schleswig-Holstein,01,00+,39,52,52,52,52,2910875,1.34,1.79,1.79,1.79,1.79
2023-08-13,Schleswig-Holstein,01,00+,39,47,47,47,47,2910875,1.34,1.61,1.61,1.61,1.61
2023-08-12,Schleswig-Holstein,01,00+,39,47,47,47,47,2910875,1.34,1.61,1.61,1.61,1.61
2023-08-11,Schleswig-Holstein,01,00+,24,42,42,42,42,2910875,0.82,1.44,1.44,1.44,1.44
2023-08-10,Schleswig-Holstein,01,00+,25,34,34,34,34,2910875,0.86,1.17,1.17,1.17,1.17
2023-08-09,Schleswig-Holstein,01,00+,21,30,30,30,30,2910875,0.72,1.03,1.03,1.03,1.03
2023-08-08,Schleswig-Holstein,01,00+,25,30,30,30,30,2910875,0.86,1.03,1.03,1.03,1.03
2023-08-07,Schleswig-Holstein,01,00+,26,32,32,32,32,2910875,0.89,1.1,1.1,1.1,1.1
2023-08-06,Schleswig-Holstein,01,00+,26,32,32,32,32,2910875,0.89,1.1,1.1,1.1,1.1
2023-08-05,Schleswig-Holstein,01,00+,28,34,34,34,34,2910875,0.96,1.17,1.17,1.17,1.17
2023-08-04,Schleswig-Holstein,01,00+,24,33,33,33,33,2910875,0.82,1.13,1.13,1.13,1.13
2023-08-03,Schleswig-Holstein,01,00+,20,28,28,28,28,2910875,0.69,0.96,0.96,0.96,0.96
2023-08-02,Schleswig-Holstein,01,00+,16,25,25,25,25,2910875,0.55,0.86,0.86,0.86,0.86
2023-08-01,Schleswig-Holstein,01,00+,8,15,15,15,15,2910875,0.27,0.52,0.52,0.52,0.52
2023-07-31,Schleswig-Holstein,01,00+,7,13,13,13,13,2910875,0.24,0.45,0.45,0.45,0.45
2023-07-30,Schleswig-Holstein,01,00+,8,14,14,14,14,2910875,0.27,0.48,0.48,0.48,0.48
2023-07-29,Schleswig-Holstein,01,00+,10,14,14,14,14,2910875,0.34,0.48,0.48,0.48,0.48
2023-07-28,Schleswig-Holstein,01,00+,13,16,16,16,16,2910875,0.45,0.55,0.55,0.55,0.55
2023-07-27,Schleswig-Holstein,01,00+,17,20,20,20,20,2910875,0.58,0.69,0.69,0.69,0.69
2023-07-26,Schleswig-Holstein,01,00+,17,20,20,20,20,2910875,0.58,0.69,0.69,0.69,0.69
2023-07-25,Schleswig-Holstein,01,00+,14,22,22,22,22,2910875,0.48,0.76,0.76,0.76,0.76
2023-07-24,Schleswig-Holstein,01,00+,11,18,18,18,18,2910875,0.38,0.62,0.62,0.62,0.62
2023-07-23,Schleswig-Holstein,01,00+,12,18,18,18,18,2910875,0.41,0.62,0.62,0.62,0.62
2023-07-22,Schleswig-Holstein,01,00+,12,17,17,17,17,2910875,0.41,0.58,0.58,0.58,0.58
2023-07-21,Schleswig-Holstein,01,00+,11,16,16,16,16,2910875,0.38,0.55,0.55,0.55,0.55
2023-07-20,Schleswig-Holstein,01,00+,12,15,15,15,15,2910875,0.41,0.52,0.52,0.52,0.52
2023-07-19,Schleswig-Holstein,01,00+,19,22,22,22,22,2910875,0.65,0.76,0.76,0.76,0.76
2023-07-18,Schleswig-Holstein,01,00+,18,24,24,24,24,2910875,0.62,0.82,0.82,0.82,0.82
2023-07-17,Schleswig-Holstein,01,00+,17,26,26,26,26,2910875,0.58,0.89,0.89,0.89,0.89
2023-07-16,Schleswig-Holstein,01,00+,17,25,25,25,25,2910875,0.58,0.86,0.86,0.86,0.86
2023-07-15,Schleswig-Holstein,01,00+,17,24,24,24,24,2910875,0.58,0.82,0.82,0.82,0.82
2023-07-14,Schleswig-Holstein,01,00+,18,23,23,23,23,2910875,0.62,0.79,0.79,0.79,0.79
2023-07-13,Schleswig-Holstein,01,00+,12,20,20,20,20,2910875,0.41,0.69,0.69,0.69,0.69
2023-07-12,Schleswig-Holstein,01,00+,9,16,16,16,16,2910875,0.31,0.55,0.55,0.55,0.55
2023-07-11,Schleswig-Holstein,01,00+,10,14,14,14,14,2910875,0.34,0.48,0.48,0.48,0.48
2023-07-10,Schleswig-Holstein,01,00+,9,12,12,12,12,2910875,0.31,0.41,0.41,0.41,0.41
2023-07-09,Schleswig-Holstein,01,00+,9,13,13,13,13,2910875,0.31,0.45,0.45,0.45,0.45
2023-07-08,Schleswig-Holstein,01,00+,10,14,14,14,14,2910875,0.34,0.48,0.48,0.48,0.48
2023-07-07,Schleswig-Holstein,01,00+,12,17,17,17,17,2910875,0.41,0.58,0.58,0.58,0.58
2023-07-06,Schleswig-Holstein,01,00+,11,19,19,19,19,2910875,0.38,0.65,0.65,0.65,0.65
2023-07-05,Schleswig-Holstein,01,00+,16,20,20,20,20,2910875,0.55,0.69,0.69,0.69,0.69
2023-07-04,Schleswig-Holstein,01,00+,12,17,17,17,17,2910875,0.41,0.58,0.58,0.58,0.58
2023-07-03,Schleswig-Holstein,01,00+,12,16,16,16,16,2910875,0.41,0.55,0.55,0.55,0.55
2023-07-02,Schleswig-Holstein,01,00+,12,15,15,15,15,2910875,0.41,0.52,0.52,0.52,0.52
2023-07-01,Schleswig-Holstein,01,00+,12,14,14,14,14,2910875,0.41,0.48,0.48,0.48,0.48
2023-06-30,Schleswig-Holstein,01,00+,12,15,15,15,15,2910875,0.41,0.52,0.52,0.52,0.52
2023-06-29,Schleswig-Holstein,01,00+,12,15,15,15,15,2910875,0.41,0.52,0.52,0.52,0.52
2023-06-28,Schleswig-Holstein,01,00+,10,11,11,11,11,2910875,0.34,0.38,0.38,0.38,0.38
2023-06-27,Schleswig-Holstein,01,00+,10,13,13,13,13,2910875,0.34,0.45,0.45,0.45,0.45
2023-06-26,Schleswig-Holstein,01,00+,15,24,24,24,24,2910875,0.52,0.82,0.82,0.82,0.82
2023-06-25,Schleswig-Holstein,01,00+,15,24,24,24,24,2910875,0.52,0.82,0.82,0.82,0.82
2023-06-24,Schleswig-Holstein,01,00+,16,25,25,25,25,2910875,0.55,0.86,0.86,0.86,0.86
2023-06-23,Schleswig-Holstein,01,00+,19,23,23,23,23,2910875,0.65,0.79,0.79,0.79,0.79
2023-06-22,Schleswig-Holstein,01,00+,25,28,28,28,28,2910875,0.86,0.96,0.96,0.96,0.96
2023-06-21,Schleswig-Holstein,01,00+,29,39,39,39,39,2910875,1,1.34,1.34,1.34,1.34
2023-06-20,Schleswig-Holstein,01,00+,42,49,49,49,49,2910875,1.44,1.68,1.68,1.68,1.68
2023-06-19,Schleswig-Holstein,01,00+,48,52,52,52,52,2910875,1.65,1.79,1.79,1.79,1.79
2023-06-18,Schleswig-Holstein,01,00+,50,54,54,54,54,2910875,1.72,1.86,1.86,1.86,1.86
2023-06-17,Schleswig-Holstein,01,00+,51,54,54,54,54,2910875,1.75,1.86,1.86,1.86,1.86
2023-06-16,Schleswig-Holstein,01,00+,49,57,57,57,57,2910875,1.68,1.96,1.96,1.96,1.96
2023-06-15,Schleswig-Holstein,01,00+,39,63,63,63,63,2910875,1.34,2.16,2.16,2.16,2.16
2023-06-14,Schleswig-Holstein,01,00+,47,60,60,60,60,2910875,1.61,2.06,2.06,2.06,2.06
2023-06-13,Schleswig-Holstein,01,00+,51,65,65,65,65,2910875,1.75,2.23,2.23,2.23,2.23
2023-06-12,Schleswig-Holstein,01,00+,61,71,71,71,71,2910875,2.1,2.44,2.44,2.44,2.44
2023-06-11,Schleswig-Holstein,01,00+,62,71,71,71,71,2910875,2.13,2.44,2.44,2.44,2.44
2023-06-10,Schleswig-Holstein,01,00+,62,70,70,70,70,2910875,2.13,2.4,2.4,2.4,2.4
2023-06-09,Schleswig-Holstein,01,00+,63,74,74,74,74,2910875,2.16,2.54,2.54,2.54,2.54
2023-06-08,Schleswig-Holstein,01,00+,56,76,76,76,76,2910875,1.92,2.61,2.61,2.61,2.61
2023-06-07,Schleswig-Holstein,01,00+,59,85,85,85,85,2910875,2.03,2.92,2.92,2.92,2.92
2023-06-06,Schleswig-Holstein,01,00+,75,97,97,97,97,2910875,2.58,3.33,3.33,3.33,3.33
2023-06-05,Schleswig-Holstein,01,00+,61,76,76,76,76,2910875,2.1,2.61,2.61,2.61,2.61
2023-06-04,Schleswig-Holstein,01,00+,64,77,77,77,77,2910875,2.2,2.65,2.65,2.65,2.65
2023-06-03,Schleswig-Holstein,01,00+,66,80,80,80,80,2910875,2.27,2.75,2.75,2.75,2.75
2023-06-02,Schleswig-Holstein,01,00+,61,83,83,83,83,2910875,2.1,2.85,2.85,2.85,2.85
2023-06-01,Schleswig-Holstein,01,00+,62,82,82,82,82,2910875,2.13,2.82,2.82,2.82,2.82
2023-05-31,Schleswig-Holstein,01,00+,72,90,90,90,90,2910875,2.47,3.09,3.09,3.09,3.09
2023-05-30,Schleswig-Holstein,01,00+,52,78,78,78,78,2910875,1.79,2.68,2.68,2.68,2.68
2023-05-29,Schleswig-Holstein,01,00+,78,105,105,105,105,2910875,2.68,3.61,3.61,3.61,3.61
2023-05-28,Schleswig-Holstein,01,00+,82,106,106,106,106,2910875,2.82,3.64,3.64,3.64,3.64
2023-05-27,Schleswig-Holstein,01,00+,83,104,104,104,104,2910875,2.85,3.57,3.57,3.57,3.57
2023-05-26,Schleswig-Holstein,01,00+,70,99,99,99,99,2910875,2.4,3.4,3.4,3.4,3.4
2023-05-25,Schleswig-Holstein,01,00+,46,86,86,86,86,2910875,1.58,2.95,2.95,2.95,2.95
2023-05-24,Schleswig-Holstein,01,00+,54,78,78,78,78,2910875,1.86,2.68,2.68,2.68,2.68
2023-05-23,Schleswig-Holstein,01,00+,58,78,78,78,78,2910875,1.99,2.68,2.68,2.68,2.68
2023-05-22,Schleswig-Holstein,01,00+,60,85,85,85,85,2910875,2.06,2.92,2.92,2.92,2.92
2023-05-21,Schleswig-Holstein,01,00+,61,82,82,82,82,2910875,2.1,2.82,2.82,2.82,2.82
2023-05-20,Schleswig-Holstein,01,00+,65,85,85,85,85,2910875,2.23,2.92,2.92,2.92,2.92
2023-05-19,Schleswig-Holstein,01,00+,83,111,111,111,111,2910875,2.85,3.81,3.81,3.81,3.81
2023-05-18,Schleswig-Holstein,01,00+,95,123,123,123,123,2910875,3.26,4.23,4.23,4.23,4.23
2023-05-17,Schleswig-Holstein,01,00+,89,123,123,123,123,2910875,3.06,4.23,4.23,4.23,4.23
2023-05-16,Schleswig-Holstein,01,00+,109,135,135,135,135,2910875,3.74,4.64,4.64,4.64,4.64
2023-05-15,Schleswig-Holstein,01,00+,98,131,131,131,131,2910875,3.37,4.5,4.5,4.5,4.5
2023-05-14,Schleswig-Holstein,01,00+,100,132,132,132,132,2910875,3.44,4.53,4.53,4.53,4.53
2023-05-13,Schleswig-Holstein,01,00+,102,130,130,130,130,2910875,3.5,4.47,4.47,4.47,4.47
2023-05-12,Schleswig-Holstein,01,00+,85,107,107,107,107,2910875,2.92,3.68,3.68,3.68,3.68
2023-05-11,Schleswig-Holstein,01,00+,92,126,126,126,126,2910875,3.16,4.33,4.33,4.33,4.33
2023-05-10,Schleswig-Holstein,01,00+,109,147,147,147,147,2910875,3.74,5.05,5.05,5.05,5.05
2023-05-09,Schleswig-Holstein,01,00+,137,169,169,169,169,2910875,4.71,5.81,5.81,5.81,5.81
2023-05-08,Schleswig-Holstein,01,00+,112,146,146,146,146,2910875,3.85,5.02,5.02,5.02,5.02
2023-05-07,Schleswig-Holstein,01,00+,119,152,152,152,152,2910875,4.09,5.22,5.22,5.22,5.22
2023-05-06,Schleswig-Holstein,01,00+,123,154,154,154,154,2910875,4.23,5.29,5.29,5.29,5.29
2023-05-05,Schleswig-Holstein,01,00+,111,182,182,182,182,2910875,3.81,6.25,6.25,6.25,6.25
2023-05-04,Schleswig-Holstein,01,00+,121,174,174,174,174,2910875,4.16,5.98,5.98,5.98,5.98
2023-05-03,Schleswig-Holstein,01,00+,111,158,158,158,158,2910875,3.81,5.43,5.43,5.43,5.43
2023-05-02,Schleswig-Holstein,01,00+,69,132,132,132,132,2910875,2.37,4.53,4.53,4.53,4.53
2023-05-01,Schleswig-Holstein,01,00+,111,170,170,170,170,2910875,3.81,5.84,5.84,5.84,5.84
2023-04-30,Schleswig-Holstein,01,00+,117,169,169,169,169,2910875,4.02,5.81,5.81,5.81,5.81
2023-04-29,Schleswig-Holstein,01,00+,123,170,170,170,170,2910875,4.23,5.84,5.84,5.84,5.84
2023-04-28,Schleswig-Holstein,01,00+,123,154,154,154,154,2910875,4.23,5.29,5.29,5.29,5.29
2023-04-27,Schleswig-Holstein,01,00+,120,165,165,165,165,2910875,4.12,5.67,5.67,5.67,5.67
2023-04-26,Schleswig-Holstein,01,00+,136,170,170,170,170,2910875,4.67,5.84,5.84,5.84,5.84
2023-04-25,Schleswig-Holstein,01,00+,133,191,191,191,191,2910875,4.57,6.56,6.56,6.56,6.56
2023-04-24,Schleswig-Holstein,01,00+,143,211,211,211,211,2910875,4.91,7.25,7.25,7.25,7.25
2023-04-23,Schleswig-Holstein,01,00+,148,209,209,209,209,2910875,5.08,7.18,7.18,7.18,7.18
2023-04-22,Schleswig-Holstein,01,00+,156,212,212,212,212,2910875,5.36,7.28,7.28,7.28,7.28
2023-04-21,Schleswig-Holstein,01,00+,163,219,219,219,219,2910875,5.6,7.52,7.52,7.52,7.52
2023-04-20,Schleswig-Holstein,01,00+,173,220,220,220,220,2910875,5.94,7.56,7.56,7.56,7.56
2023-04-19,Schleswig-Holstein,01,00+,163,216,216,216,216,2910875,5.6,7.42,7.42,7.42,7.42
2023-04-18,Schleswig-Holstein,01,00+,200,262,262,262,262,2910875,6.87,9,9,9,9
2023-04-17,Schleswig-Holstein,01,00+,148,207,207,207,207,2910875,5.08,7.11,7.11,7.11,7.11
2023-04-16,Schleswig-Holstein,01,00+,152,207,207,207,207,2910875,5.22,7.11,7.11,7.11,7.11
2023-04-15,Schleswig-Holstein,01,00+,158,206,206,206,206,2910875,5.43,7.08,7.08,7.08,7.08
2023-04-14,Schleswig-Holstein,01,00+,136,179,179,179,179,2910875,4.67,6.15,6.15,6.15,6.15
2023-04-13,Schleswig-Holstein,01,00+,137,177,177,177,177,2910875,4.71,6.08,6.08,6.08,6.08
2023-04-12,Schleswig-Holstein,01,00+,100,188,188,188,188,2910875,3.44,6.46,6.46,6.46,6.46
2023-04-11,Schleswig-Holstein,01,00+,72,135,135,135,135,2910875,2.47,4.64,4.64,4.64,4.64
2023-04-10,Schleswig-Holstein,01,00+,118,172,172,172,172,2910875,4.05,5.91,5.91,5.91,5.91
2023-04-09,Schleswig-Holstein,01,00+,127,177,177,177,177,2910875,4.36,6.08,6.08,6.08,6.08
2023-04-08,Schleswig-Holstein,01,00+,133,176,176,176,176,2910875,4.57,6.05,6.05,6.05,6.05
2023-04-07,Schleswig-Holstein,01,00+,164,207,207,207,207,2910875,5.63,7.11,7.11,7.11,7.11
2023-04-06,Schleswig-Holstein,01,00+,169,217,217,217,217,2910875,5.81,7.45,7.45,7.45,7.45
2023-04-05,Schleswig-Holstein,01,00+,156,213,213,213,213,2910875,5.36,7.32,7.32,7.32,7.32
2023-04-04,Schleswig-Holstein,01,00+,136,223,223,223,223,2910875,4.67,7.66,7.66,7.66,7.66
2023-04-03,Schleswig-Holstein,01,00+,171,258,258,258,258,2910875,5.87,8.86,8.86,8.86,8.86
2023-04-02,Schleswig-Holstein,01,00+,177,257,257,257,257,2910875,6.08,8.83,8.83,8.83,8.83
2023-04-01,Schleswig-Holstein,01,00+,186,260,260,260,260,2910875,6.39,8.93,8.93,8.93,8.93
2023-03-31,Schleswig-Holstein,01,00+,184,259,259,259,259,2910875,6.32,8.9,8.9,8.9,8.9
2023-03-30,Schleswig-Holstein,01,00+,183,262,262,262,262,2910875,6.29,9,9,9,9
2023-03-29,Schleswig-Holstein,01,00+,181,272,272,272,272,2910875,6.22,9.34,9.34,9.34,9.34
2023-03-28,Schleswig-Holstein,01,00+,172,277,277,277,277,2910875,5.91,9.52,9.52,9.52,9.52
2023-03-27,Schleswig-Holstein,01,00+,149,250,250,250,250,2910875,5.12,8.59,8.59,8.59,8.59
2023-03-26,Schleswig-Holstein,01,00+,161,255,255,255,255,2910875,5.53,8.76,8.76,8.76,8.76
2023-03-25,Schleswig-Holstein,01,00+,169,258,258,258,258,2910875,5.81,8.86,8.86,8.86,8.86
2023-03-24,Schleswig-Holstein,01,00+,153,256,256,256,256,2910875,5.26,8.79,8.79,8.79,8.79
2023-03-23,Schleswig-Holstein,01,00+,161,265,265,265,265,2910875,5.53,9.1,9.1,9.1,9.1
2023-03-22,Schleswig-Holstein,01,00+,178,286,286,286,286,2910875,6.11,9.83,9.83,9.83,9.83
2023-03-21,Schleswig-Holstein,01,00+,201,303,303,303,303,2910875,6.91,10.41,10.41,10.41,10.41
2023-03-20,Schleswig-Holstein,01,00+,224,317,317,317,317,2910875,7.7,10.89,10.89,10.89,10.89
2023-03-19,Schleswig-Holstein,01,00+,231,310,310,310,310,2910875,7.94,10.65,10.65,10.65,10.65
2023-03-18,Schleswig-Holstein,01,00+,239,307,307,307,307,2910875,8.21,10.55,10.55,10.55,10.55
2023-03-17,Schleswig-Holstein,01,00+,239,307,307,307,307,2910875,8.21,10.55,10.55,10.55,10.55
2023-03-16,Schleswig-Holstein,01,00+,176,288,288,288,288,2910875,6.05,9.89,9.89,9.89,9.89
2023-03-15,Schleswig-Holstein,01,00+,176,259,259,259,259,2910875,6.05,8.9,8.9,8.9,8.9
2023-03-14,Schleswig-Holstein,01,00+,135,232,232,232,232,2910875,4.64,7.97,7.97,7.97,7.97
2023-03-13,Schleswig-Holstein,01,00+,146,216,216,216,216,2910875,5.02,7.42,7.42,7.42,7.42
2023-03-12,Schleswig-Holstein,01,00+,156,221,221,221,221,2910875,5.36,7.59,7.59,7.59,7.59
2023-03-11,Schleswig-Holstein,01,00+,157,215,215,215,215,2910875,5.39,7.39,7.39,7.39,7.39
2023-03-10,Schleswig-Holstein,01,00+,159,213,213,213,213,2910875,5.46,7.32,7.32,7.32,7.32
2023-03-09,Schleswig-Holstein,01,00+,142,203,203,203,203,2910875,4.88,6.97,6.97,6.97,6.97
2023-03-08,Schleswig-Holstein,01,00+,140,199,199,199,199,2910875,4.81,6.84,6.84,6.84,6.84
2023-03-07,Schleswig-Holstein,01,00+,144,206,206,206,206,2910875,4.95,7.08,7.08,7.08,7.08
2023-03-06,Schleswig-Holstein,01,00+,151,212,212,212,212,2910875,5.19,7.28,7.28,7.28,7.28
2023-03-05,Schleswig-Holstein,01,00+,156,205,205,205,205,2910875,5.36,7.04,7.04,7.04,7.04
2023-03-04,Schleswig-Holstein,01,00+,159,205,205,205,205,2910875,5.46,7.04,7.04,7.04,7.04
2023-03-03,Schleswig-Holstein,01,00+,179,221,221,221,221,2910875,6.15,7.59,7.59,7.59,7.59
2023-03-02,Schleswig-Holstein,01,00+,182,228,228,228,228,2910875,6.25,7.83,7.83,7.83,7.83
2023-03-01,Schleswig-Holstein,01,00+,173,231,231,231,231,2910875,5.94,7.94,7.94,7.94,7.94
2023-02-28,Schleswig-Holstein,01,00+,149,223,223,223,223,2910875,5.12,7.66,7.66,7.66,7.66
2023-02-27,Schleswig-Holstein,01,00+,134,208,208,208,208,2910875,4.6,7.15,7.15,7.15,7.15
2023-02-26,Schleswig-Holstein,01,00+,143,215,215,215,215,2910875,4.91,7.39,7.39,7.39,7.39
2023-02-25,Schleswig-Holstein,01,00+,150,219,219,219,219,2910875,5.15,7.52,7.52,7.52,7.52
2023-02-24,Schleswig-Holstein,01,00+,147,203,203,203,203,2910875,5.05,6.97,6.97,6.97,6.97
2023-02-23,Schleswig-Holstein,01,00+,144,208,208,208,208,2910875,4.95,7.15,7.15,7.15,7.15
2023-02-22,Schleswig-Holstein,01,00+,128,198,198,198,198,2910875,4.4,6.8,6.8,6.8,6.8
2023-02-21,Schleswig-Holstein,01,00+,131,201,201,201,201,2910875,4.5,6.91,6.91,6.91,6.91
2023-02-20,Schleswig-Holstein,01,00+,144,222,222,222,222,2910875,4.95,7.63,7.63,7.63,7.63
2023-02-19,Schleswig-Holstein,01,00+,148,215,215,215,215,2910875,5.08,7.39,7.39,7.39,7.39
2023-02-18,Schleswig-Holstein,01,00+,153,213,213,213,213,2910875,5.26,7.32,7.32,7.32,7.32
2023-02-17,Schleswig-Holstein,01,00+,119,202,202,202,202,2910875,4.09,6.94,6.94,6.94,6.94
2023-02-16,Schleswig-Holstein,01,00+,139,182,182,182,182,2910875,4.78,6.25,6.25,6.25,6.25
2023-02-15,Schleswig-Holstein,01,00+,145,194,194,194,194,2910875,4.98,6.66,6.66,6.66,6.66
2023-02-14,Schleswig-Holstein,01,00+,112,164,164,164,164,2910875,3.85,5.63,5.63,5.63,5.63
2023-02-13,Schleswig-Holstein,01,00+,107,143,143,143,143,2910875,3.68,4.91,4.91,4.91,4.91
2023-02-12,Schleswig-Holstein,01,00+,111,142,142,142,142,2910875,3.81,4.88,4.88,4.88,4.88
2023-02-11,Schleswig-Holstein,01,00+,113,140,140,140,140,2910875,3.88,4.81,4.81,4.81,4.81
2023-02-10,Schleswig-Holstein,01,00+,111,140,140,140,140,2910875,3.81,4.81,4.81,4.81,4.81
2023-02-09,Schleswig-Holstein,01,00+,95,142,142,142,142,2910875,3.26,4.88,4.88,4.88,4.88
2023-02-08,Schleswig-Holstein,01,00+,115,137,137,137,137,2910875,3.95,4.71,4.71,4.71,4.71
2023-02-07,Schleswig-Holstein,01,00+,101,133,133,133,133,2910875,3.47,4.57,4.57,4.57,4.57
2023-02-06,Schleswig-Holstein,01,00+,79,122,122,122,122,2910875,2.71,4.19,4.19,4.19,4.19
2023-02-05,Schleswig-Holstein,01,00+,82,121,121,121,121,2910875,2.82,4.16,4.16,4.16,4.16
2023-02-04,Schleswig-Holstein,01,00+,87,123,123,123,123,2910875,2.99,4.23,4.23,4.23,4.23
2023-02-03,Schleswig-Holstein,01,00+,82,119,119,119,119,2910875,2.82,4.09,4.09,4.09,4.09
2023-02-02,Schleswig-Holstein,01,00+,88,116,116,116,116,2910875,3.02,3.99,3.99,3.99,3.99
2023-02-01,Schleswig-Holstein,01,00+,85,111,111,111,111,2910875,2.92,3.81,3.81,3.81,3.81
2023-01-31,Schleswig-Holstein,01,00+,88,126,126,126,126,2910875,3.02,4.33,4.33,4.33,4.33
2023-01-30,Schleswig-Holstein,01,00+,86,125,125,125,125,2910875,2.95,4.29,4.29,4.29,4.29
2023-01-29,Schleswig-Holstein,01,00+,91,128,128,128,128,2910875,3.13,4.4,4.4,4.4,4.4
2023-01-28,Schleswig-Holstein,01,00+,93,126,126,126,126,2910875,3.19,4.33,4.33,4.33,4.33
2023-01-27,Schleswig-Holstein,01,00+,100,132,132,132,132,2910875,3.44,4.53,4.53,4.53,4.53
2023-01-26,Schleswig-Holstein,01,00+,94,141,141,141,141,2910875,3.23,4.84,4.84,4.84,4.84
2023-01-25,Schleswig-Holstein,01,00+,120,160,160,160,160,2910875,4.12,5.5,5.5,5.5,5.5
2023-01-24,Schleswig-Holstein,01,00+,119,154,154,154,154,2910875,4.09,5.29,5.29,5.29,5.29
2023-01-23,Schleswig-Holstein,01,00+,135,175,175,175,175,2910875,4.64,6.01,6.01,6.01,6.01
2023-01-22,Schleswig-Holstein,01,00+,142,176,176,176,176,2910875,4.88,6.05,6.05,6.05,6.05
2023-01-21,Schleswig-Holstein,01,00+,145,178,178,178,178,2910875,4.98,6.11,6.11,6.11,6.11
2023-01-20,Schleswig-Holstein,01,00+,143,185,185,185,185,2910875,4.91,6.36,6.36,6.36,6.36
2023-01-19,Schleswig-Holstein,01,00+,134,195,195,195,195,2910875,4.6,6.7,6.7,6.7,6.7
2023-01-18,Schleswig-Holstein,01,00+,142,189,189,189,189,2910875,4.88,6.49,6.49,6.49,6.49
2023-01-17,Schleswig-Holstein,01,00+,165,221,221,221,221,2910875,5.67,7.59,7.59,7.59,7.59
2023-01-16,Schleswig-Holstein,01,00+,186,262,262,262,262,2910875,6.39,9,9,9,9
2023-01-15,Schleswig-Holstein,01,00+,196,265,265,265,265,2910875,6.73,9.1,9.1,9.1,9.1
2023-01-14,Schleswig-Holstein,01,00+,211,275,275,275,275,2910875,7.25,9.45,9.45,9.45,9.45
2023-01-13,Schleswig-Holstein,01,00+,218,291,291,291,291,2910875,7.49,10,10,10,10
2023-01-12,Schleswig-Holstein,01,00+,239,318,318,318,318,2910875,8.21,10.92,10.92,10.92,10.92
2023-01-11,Schleswig-Holstein,01,00+,248,349,349,349,349,2910875,8.52,11.99,11.99,11.99,11.99
2023-01-10,Schleswig-Holstein,01,00+,252,369,369,369,369,2910875,8.66,12.68,12.68,12.68,12.68
2023-01-09,Schleswig-Holstein,01,00+,298,411,411,411,411,2910875,10.24,14.12,14.12,14.12,14.12
2023-01-08,Schleswig-Holstein,01,00+,303,407,407,407,407,2910875,10.41,13.98,13.98,13.98,13.98
2023-01-07,Schleswig-Holstein,01,00+,312,0,0,0,0,2910875,10.72,0,0,0,0
2023-01-06,Schleswig-Holstein,01,00+,334,0,0,0,0,2910875,11.47,0,0,0,0
2023-01-05,Schleswig-Holstein,01,00+,351,0,0,0,0,2910875,12.06,0,0,0,0
2023-01-04,Schleswig-Holstein,01,00+,421,0,0,0,0,2910875,14.46,0,0,0,0
2023-01-03,Schleswig-Holstein,01,00+,462,0,0,0,0,2910875,15.87,0,0,0,0
2023-01-02,Schleswig-Holstein,01,00+,330,0,0,0,0,2910875,11.34,0,0,0,0
2024-04-19,Hamburg,02,00+,6,6,NA,NA,NA,1852478,0.32,0.32,NA,NA,NA
2024-04-18,Hamburg,02,00+,7,8,NA,NA,NA,1852478,0.38,0.43,NA,NA,NA
2024-04-17,Hamburg,02,00+,8,10,NA,NA,NA,1852478,0.43,0.54,NA,NA,NA
2024-04-16,Hamburg,02,00+,9,12,14,12,17,1852478,0.49,0.65,0.79,0.69,0.96
2024-04-15,Hamburg,02,00+,9,11,12,11,15,1852478,0.49,0.59,0.67,0.61,0.82
2024-04-14,Hamburg,02,00+,9,11,12,11,15,1852478,0.49,0.59,0.67,0.61,0.82
2024-04-13,Hamburg,02,00+,9,11,12,11,15,1852478,0.49,0.59,0.67,0.61,0.82
2024-04-12,Hamburg,02,00+,10,11,12,11,15,1852478,0.54,0.59,0.67,0.61,0.81
2024-04-11,Hamburg,02,00+,9,9,10,9,12,1852478,0.49,0.49,0.54,0.5,0.66
2024-04-10,Hamburg,02,00+,4,7,7,7,9,1852478,0.22,0.38,0.42,0.38,0.52
2024-04-09,Hamburg,02,00+,11,14,14,14,16,1852478,0.59,0.76,0.81,0.76,0.91
2024-04-08,Hamburg,02,00+,10,11,11,11,12,1852478,0.54,0.59,0.63,0.6,0.7
2024-04-07,Hamburg,02,00+,10,11,11,11,12,1852478,0.54,0.59,0.63,0.6,0.7
2024-04-06,Hamburg,02,00+,10,11,11,11,12,1852478,0.54,0.59,0.63,0.6,0.7
2024-04-05,Hamburg,02,00+,9,10,10,10,11,1852478,0.49,0.54,0.57,0.54,0.63
2024-04-04,Hamburg,02,00+,11,12,12,12,13,1852478,0.59,0.65,0.68,0.65,0.75
2024-04-03,Hamburg,02,00+,11,14,14,14,15,1852478,0.59,0.76,0.79,0.76,0.86
2024-04-02,Hamburg,02,00+,3,5,5,5,5,1852478,0.16,0.27,0.28,0.27,0.29
2024-04-01,Hamburg,02,00+,7,10,10,10,10,1852478,0.38,0.54,0.55,0.54,0.58
2024-03-31,Hamburg,02,00+,8,11,11,11,11,1852478,0.43,0.59,0.61,0.6,0.63
2024-03-30,Hamburg,02,00+,8,11,11,11,11,1852478,0.43,0.59,0.61,0.6,0.63
2024-03-29,Hamburg,02,00+,8,11,11,11,11,1852478,0.43,0.59,0.61,0.6,0.63
2024-03-28,Hamburg,02,00+,4,9,9,9,9,1852478,0.22,0.49,0.5,0.49,0.52
2024-03-27,Hamburg,02,00+,8,12,12,12,12,1852478,0.43,0.65,0.66,0.65,0.67
2024-03-26,Hamburg,02,00+,10,15,15,15,15,1852478,0.54,0.81,0.82,0.81,0.83
2024-03-25,Hamburg,02,00+,7,11,11,11,11,1852478,0.38,0.59,0.6,0.59,0.61
2024-03-24,Hamburg,02,00+,7,10,10,10,10,1852478,0.38,0.54,0.54,0.54,0.55
2024-03-23,Hamburg,02,00+,7,10,10,10,10,1852478,0.38,0.54,0.54,0.54,0.55
2024-03-22,Hamburg,02,00+,9,12,12,12,12,1852478,0.49,0.65,0.65,0.65,0.66
2024-03-21,Hamburg,02,00+,8,13,13,13,13,1852478,0.43,0.7,0.71,0.7,0.71
2024-03-20,Hamburg,02,00+,7,9,9,9,9,1852478,0.38,0.49,0.49,0.49,0.49
2024-03-19,Hamburg,02,00+,7,8,8,8,8,1852478,0.38,0.43,0.43,0.43,0.43
2024-03-18,Hamburg,02,00+,7,9,9,9,9,1852478,0.38,0.49,0.49,0.49,0.49
2024-03-17,Hamburg,02,00+,7,9,9,9,9,1852478,0.38,0.49,0.49,0.49,0.49
2024-03-16,Hamburg,02,00+,7,9,9,9,9,1852478,0.38,0.49,0.49,0.49,0.49
2024-03-15,Hamburg,02,00+,9,11,11,11,11,1852478,0.49,0.59,0.59,0.59,0.59
2024-03-14,Hamburg,02,00+,12,14,14,14,14,1852478,0.65,0.76,0.76,0.76,0.76
2024-03-13,Hamburg,02,00+,11,14,14,14,14,1852478,0.59,0.76,0.76,0.76,0.76
2024-03-12,Hamburg,02,00+,12,13,13,13,13,1852478,0.65,0.7,0.7,0.7,0.7
2024-03-11,Hamburg,02,00+,8,13,13,13,13,1852478,0.43,0.7,0.7,0.7,0.7
2024-03-10,Hamburg,02,00+,8,13,13,13,13,1852478,0.43,0.7,0.7,0.7,0.7
2024-03-09,Hamburg,02,00+,8,13,13,13,13,1852478,0.43,0.7,0.7,0.7,0.7
2024-03-08,Hamburg,02,00+,9,10,10,10,10,1852478,0.49,0.54,0.54,0.54,0.54
2024-03-07,Hamburg,02,00+,7,7,7,7,7,1852478,0.38,0.38,0.38,0.38,0.38
2024-03-06,Hamburg,02,00+,6,8,8,8,8,1852478,0.32,0.43,0.43,0.43,0.43
2024-03-05,Hamburg,02,00+,8,11,11,11,11,1852478,0.43,0.59,0.59,0.59,0.59
2024-03-04,Hamburg,02,00+,15,17,17,17,17,1852478,0.81,0.92,0.92,0.92,0.92
2024-03-03,Hamburg,02,00+,15,17,17,17,17,1852478,0.81,0.92,0.92,0.92,0.92
2024-03-02,Hamburg,02,00+,16,18,18,18,18,1852478,0.86,0.97,0.97,0.97,0.97
2024-03-01,Hamburg,02,00+,17,18,18,18,18,1852478,0.92,0.97,0.97,0.97,0.97
2024-02-29,Hamburg,02,00+,21,22,22,22,22,1852478,1.13,1.19,1.19,1.19,1.19
2024-02-28,Hamburg,02,00+,22,24,24,24,24,1852478,1.19,1.3,1.3,1.3,1.3
2024-02-27,Hamburg,02,00+,26,30,30,30,30,1852478,1.4,1.62,1.62,1.62,1.62
2024-02-26,Hamburg,02,00+,24,29,29,29,29,1852478,1.3,1.57,1.57,1.57,1.57
2024-02-25,Hamburg,02,00+,26,31,31,31,31,1852478,1.4,1.67,1.67,1.67,1.67
2024-02-24,Hamburg,02,00+,26,30,30,30,30,1852478,1.4,1.62,1.62,1.62,1.62
2024-02-23,Hamburg,02,00+,31,35,35,35,35,1852478,1.67,1.89,1.89,1.89,1.89
2024-02-22,Hamburg,02,00+,32,32,32,32,32,1852478,1.73,1.73,1.73,1.73,1.73
2024-02-21,Hamburg,02,00+,31,33,33,33,33,1852478,1.67,1.78,1.78,1.78,1.78
2024-02-20,Hamburg,02,00+,23,25,25,25,25,1852478,1.24,1.35,1.35,1.35,1.35
2024-02-19,Hamburg,02,00+,17,23,23,23,23,1852478,0.92,1.24,1.24,1.24,1.24
2024-02-18,Hamburg,02,00+,17,21,21,21,21,1852478,0.92,1.13,1.13,1.13,1.13
2024-02-17,Hamburg,02,00+,17,21,21,21,21,1852478,0.92,1.13,1.13,1.13,1.13
2024-02-16,Hamburg,02,00+,15,18,18,18,18,1852478,0.81,0.97,0.97,0.97,0.97
2024-02-15,Hamburg,02,00+,19,22,22,22,22,1852478,1.03,1.19,1.19,1.19,1.19
2024-02-14,Hamburg,02,00+,23,25,25,25,25,1852478,1.24,1.35,1.35,1.35,1.35
2024-02-13,Hamburg,02,00+,22,30,30,30,30,1852478,1.19,1.62,1.62,1.62,1.62
2024-02-12,Hamburg,02,00+,44,48,48,48,48,1852478,2.38,2.59,2.59,2.59,2.59
2024-02-11,Hamburg,02,00+,45,49,49,49,49,1852478,2.43,2.65,2.65,2.65,2.65
2024-02-10,Hamburg,02,00+,45,49,49,49,49,1852478,2.43,2.65,2.65,2.65,2.65
2024-02-09,Hamburg,02,00+,41,57,57,57,57,1852478,2.21,3.08,3.08,3.08,3.08
2024-02-08,Hamburg,02,00+,46,56,56,56,56,1852478,2.48,3.02,3.02,3.02,3.02
2024-02-07,Hamburg,02,00+,34,57,57,57,57,1852478,1.84,3.08,3.08,3.08,3.08
2024-02-06,Hamburg,02,00+,46,61,61,61,61,1852478,2.48,3.29,3.29,3.29,3.29
2024-02-05,Hamburg,02,00+,42,54,54,54,54,1852478,2.27,2.92,2.92,2.92,2.92
2024-02-04,Hamburg,02,00+,42,53,53,53,53,1852478,2.27,2.86,2.86,2.86,2.86
2024-02-03,Hamburg,02,00+,42,53,53,53,53,1852478,2.27,2.86,2.86,2.86,2.86
2024-02-02,Hamburg,02,00+,40,49,49,49,49,1852478,2.16,2.65,2.65,2.65,2.65
2024-02-01,Hamburg,02,00+,40,49,49,49,49,1852478,2.16,2.65,2.65,2.65,2.65
2024-01-31,Hamburg,02,00+,42,51,51,51,51,1852478,2.27,2.75,2.75,2.75,2.75
2024-01-30,Hamburg,02,00+,38,48,48,48,48,1852478,2.05,2.59,2.59,2.59,2.59
2024-01-29,Hamburg,02,00+,41,50,50,50,50,1852478,2.21,2.7,2.7,2.7,2.7
2024-01-28,Hamburg,02,00+,41,50,50,50,50,1852478,2.21,2.7,2.7,2.7,2.7
2024-01-27,Hamburg,02,00+,41,50,50,50,50,1852478,2.21,2.7,2.7,2.7,2.7
2024-01-26,Hamburg,02,00+,41,69,69,69,69,1852478,2.21,3.72,3.72,3.72,3.72
2024-01-25,Hamburg,02,00+,55,79,79,79,79,1852478,2.97,4.26,4.26,4.26,4.26
2024-01-24,Hamburg,02,00+,66,80,80,80,80,1852478,3.56,4.32,4.32,4.32,4.32
2024-01-23,Hamburg,02,00+,68,79,79,79,79,1852478,3.67,4.26,4.26,4.26,4.26
2024-01-22,Hamburg,02,00+,59,78,78,78,78,1852478,3.18,4.21,4.21,4.21,4.21
2024-01-21,Hamburg,02,00+,61,80,80,80,80,1852478,3.29,4.32,4.32,4.32,4.32
2024-01-20,Hamburg,02,00+,61,80,80,80,80,1852478,3.29,4.32,4.32,4.32,4.32
2024-01-19,Hamburg,02,00+,42,62,62,62,62,1852478,2.27,3.35,3.35,3.35,3.35
2024-01-18,Hamburg,02,00+,35,55,55,55,55,1852478,1.89,2.97,2.97,2.97,2.97
2024-01-17,Hamburg,02,00+,40,57,57,57,57,1852478,2.16,3.08,3.08,3.08,3.08
2024-01-16,Hamburg,02,00+,43,61,61,61,61,1852478,2.32,3.29,3.29,3.29,3.29
2024-01-15,Hamburg,02,00+,46,68,68,68,68,1852478,2.48,3.67,3.67,3.67,3.67
2024-01-14,Hamburg,02,00+,46,66,66,66,66,1852478,2.48,3.56,3.56,3.56,3.56
2024-01-13,Hamburg,02,00+,49,70,70,70,70,1852478,2.65,3.78,3.78,3.78,3.78
2024-01-12,Hamburg,02,00+,61,78,78,78,78,1852478,3.29,4.21,4.21,4.21,4.21
2024-01-11,Hamburg,02,00+,69,90,90,90,90,1852478,3.72,4.86,4.86,4.86,4.86
2024-01-10,Hamburg,02,00+,83,98,98,98,98,1852478,4.48,5.29,5.29,5.29,5.29
2024-01-09,Hamburg,02,00+,134,163,163,163,163,1852478,7.23,8.8,8.8,8.8,8.8
2024-01-08,Hamburg,02,00+,123,140,140,140,140,1852478,6.64,7.56,7.56,7.56,7.56
2024-01-07,Hamburg,02,00+,124,141,141,141,141,1852478,6.69,7.61,7.61,7.61,7.61
2024-01-06,Hamburg,02,00+,124,137,137,137,137,1852478,6.69,7.4,7.4,7.4,7.4
2024-01-05,Hamburg,02,00+,128,152,152,152,152,1852478,6.91,8.21,8.21,8.21,8.21
2024-01-04,Hamburg,02,00+,144,167,167,167,167,1852478,7.77,9.01,9.01,9.01,9.01
2024-01-03,Hamburg,02,00+,217,243,243,243,243,1852478,11.71,13.12,13.12,13.12,13.12
2024-01-02,Hamburg,02,00+,127,167,167,167,167,1852478,6.86,9.01,9.01,9.01,9.01
2024-01-01,Hamburg,02,00+,128,167,167,167,167,1852478,6.91,9.01,9.01,9.01,9.01
2023-12-31,Hamburg,02,00+,128,166,166,166,166,1852478,6.91,8.96,8.96,8.96,8.96
2023-12-30,Hamburg,02,00+,128,166,166,166,166,1852478,6.91,8.96,8.96,8.96,8.96
2023-12-29,Hamburg,02,00+,137,172,172,172,172,1852478,7.4,9.28,9.28,9.28,9.28
2023-12-28,Hamburg,02,00+,152,181,181,181,181,1852478,8.21,9.77,9.77,9.77,9.77
2023-12-27,Hamburg,02,00+,92,134,134,134,134,1852478,4.97,7.23,7.23,7.23,7.23
2023-12-26,Hamburg,02,00+,141,186,186,186,186,1852478,7.61,10.04,10.04,10.04,10.04
2023-12-25,Hamburg,02,00+,226,278,278,278,278,1852478,12.2,15.01,15.01,15.01,15.01
2023-12-24,Hamburg,02,00+,231,283,283,283,283,1852478,12.47,15.28,15.28,15.28,15.28
2023-12-23,Hamburg,02,00+,231,283,283,283,283,1852478,12.47,15.28,15.28,15.28,15.28
2023-12-22,Hamburg,02,00+,235,288,288,288,288,1852478,12.69,15.55,15.55,15.55,15.55
2023-12-21,Hamburg,02,00+,202,285,285,285,285,1852478,10.9,15.38,15.38,15.38,15.38
2023-12-20,Hamburg,02,00+,238,300,300,300,300,1852478,12.85,16.19,16.19,16.19,16.19
2023-12-19,Hamburg,02,00+,237,327,327,327,327,1852478,12.79,17.65,17.65,17.65,17.65
2023-12-18,Hamburg,02,00+,209,335,335,335,335,1852478,11.28,18.08,18.08,18.08,18.08
2023-12-17,Hamburg,02,00+,233,355,355,355,355,1852478,12.58,19.16,19.16,19.16,19.16
2023-12-16,Hamburg,02,00+,235,357,357,357,357,1852478,12.69,19.27,19.27,19.27,19.27
2023-12-15,Hamburg,02,00+,247,368,368,368,368,1852478,13.33,19.87,19.87,19.87,19.87
2023-12-14,Hamburg,02,00+,272,393,393,393,393,1852478,14.68,21.21,21.21,21.21,21.21
2023-12-13,Hamburg,02,00+,246,372,372,372,372,1852478,13.28,20.08,20.08,20.08,20.08
2023-12-12,Hamburg,02,00+,252,353,353,353,353,1852478,13.6,19.06,19.06,19.06,19.06
2023-12-11,Hamburg,02,00+,216,327,327,327,327,1852478,11.66,17.65,17.65,17.65,17.65
2023-12-10,Hamburg,02,00+,229,317,317,317,317,1852478,12.36,17.11,17.11,17.11,17.11
2023-12-09,Hamburg,02,00+,229,315,315,315,315,1852478,12.36,17,17,17,17
2023-12-08,Hamburg,02,00+,190,284,284,284,284,1852478,10.26,15.33,15.33,15.33,15.33
2023-12-07,Hamburg,02,00+,182,251,251,251,251,1852478,9.82,13.55,13.55,13.55,13.55
2023-12-06,Hamburg,02,00+,126,238,238,238,238,1852478,6.8,12.85,12.85,12.85,12.85
2023-12-05,Hamburg,02,00+,153,230,230,230,230,1852478,8.26,12.42,12.42,12.42,12.42
2023-12-04,Hamburg,02,00+,159,211,211,211,211,1852478,8.58,11.39,11.39,11.39,11.39
2023-12-03,Hamburg,02,00+,172,209,209,209,209,1852478,9.28,11.28,11.28,11.28,11.28
2023-12-02,Hamburg,02,00+,172,209,209,209,209,1852478,9.28,11.28,11.28,11.28,11.28
2023-12-01,Hamburg,02,00+,152,212,212,212,212,1852478,8.21,11.44,11.44,11.44,11.44
2023-11-30,Hamburg,02,00+,154,224,224,224,224,1852478,8.31,12.09,12.09,12.09,12.09
2023-11-29,Hamburg,02,00+,167,231,231,231,231,1852478,9.01,12.47,12.47,12.47,12.47
2023-11-28,Hamburg,02,00+,183,242,242,242,242,1852478,9.88,13.06,13.06,13.06,13.06
2023-11-27,Hamburg,02,00+,218,263,263,263,263,1852478,11.77,14.2,14.2,14.2,14.2
2023-11-26,Hamburg,02,00+,218,250,250,250,250,1852478,11.77,13.5,13.5,13.5,13.5
2023-11-25,Hamburg,02,00+,218,250,250,250,250,1852478,11.77,13.5,13.5,13.5,13.5
2023-11-24,Hamburg,02,00+,199,251,251,251,251,1852478,10.74,13.55,13.55,13.55,13.55
2023-11-23,Hamburg,02,00+,183,240,240,240,240,1852478,9.88,12.96,12.96,12.96,12.96
2023-11-22,Hamburg,02,00+,167,242,242,242,242,1852478,9.01,13.06,13.06,13.06,13.06
2023-11-21,Hamburg,02,00+,158,211,211,211,211,1852478,8.53,11.39,11.39,11.39,11.39
2023-11-20,Hamburg,02,00+,149,188,188,188,188,1852478,8.04,10.15,10.15,10.15,10.15
2023-11-19,Hamburg,02,00+,149,188,188,188,188,1852478,8.04,10.15,10.15,10.15,10.15
2023-11-18,Hamburg,02,00+,149,188,188,188,188,1852478,8.04,10.15,10.15,10.15,10.15
2023-11-17,Hamburg,02,00+,154,192,192,192,192,1852478,8.31,10.36,10.36,10.36,10.36
2023-11-16,Hamburg,02,00+,140,184,184,184,184,1852478,7.56,9.93,9.93,9.93,9.93
2023-11-15,Hamburg,02,00+,155,179,179,179,179,1852478,8.37,9.66,9.66,9.66,9.66
2023-11-14,Hamburg,02,00+,152,176,176,176,176,1852478,8.21,9.5,9.5,9.5,9.5
2023-11-13,Hamburg,02,00+,171,202,202,202,202,1852478,9.23,10.9,10.9,10.9,10.9
2023-11-12,Hamburg,02,00+,171,202,202,202,202,1852478,9.23,10.9,10.9,10.9,10.9
2023-11-11,Hamburg,02,00+,171,202,202,202,202,1852478,9.23,10.9,10.9,10.9,10.9
2023-11-10,Hamburg,02,00+,166,197,197,197,197,1852478,8.96,10.63,10.63,10.63,10.63
2023-11-09,Hamburg,02,00+,176,222,222,222,222,1852478,9.5,11.98,11.98,11.98,11.98
2023-11-08,Hamburg,02,00+,231,280,280,280,280,1852478,12.47,15.11,15.11,15.11,15.11
2023-11-07,Hamburg,02,00+,186,251,251,251,251,1852478,10.04,13.55,13.55,13.55,13.55
2023-11-06,Hamburg,02,00+,185,219,219,219,219,1852478,9.99,11.82,11.82,11.82,11.82
2023-11-05,Hamburg,02,00+,186,220,220,220,220,1852478,10.04,11.88,11.88,11.88,11.88
2023-11-04,Hamburg,02,00+,186,220,220,220,220,1852478,10.04,11.88,11.88,11.88,11.88
2023-11-03,Hamburg,02,00+,165,220,220,220,220,1852478,8.91,11.88,11.88,11.88,11.88
2023-11-02,Hamburg,02,00+,113,196,196,196,196,1852478,6.1,10.58,10.58,10.58,10.58
2023-11-01,Hamburg,02,00+,95,146,146,146,146,1852478,5.13,7.88,7.88,7.88,7.88
2023-10-31,Hamburg,02,00+,114,168,168,168,168,1852478,6.15,9.07,9.07,9.07,9.07
2023-10-30,Hamburg,02,00+,117,169,169,169,169,1852478,6.32,9.12,9.12,9.12,9.12
2023-10-29,Hamburg,02,00+,123,174,174,174,174,1852478,6.64,9.39,9.39,9.39,9.39
2023-10-28,Hamburg,02,00+,123,174,174,174,174,1852478,6.64,9.39,9.39,9.39,9.39
2023-10-27,Hamburg,02,00+,139,177,177,177,177,1852478,7.5,9.55,9.55,9.55,9.55
2023-10-26,Hamburg,02,00+,114,173,173,173,173,1852478,6.15,9.34,9.34,9.34,9.34
2023-10-25,Hamburg,02,00+,112,153,153,153,153,1852478,6.05,8.26,8.26,8.26,8.26
2023-10-24,Hamburg,02,00+,81,148,148,148,148,1852478,4.37,7.99,7.99,7.99,7.99
2023-10-23,Hamburg,02,00+,92,130,130,130,130,1852478,4.97,7.02,7.02,7.02,7.02
2023-10-22,Hamburg,02,00+,92,124,124,124,124,1852478,4.97,6.69,6.69,6.69,6.69
2023-10-21,Hamburg,02,00+,92,124,124,124,124,1852478,4.97,6.69,6.69,6.69,6.69
2023-10-20,Hamburg,02,00+,90,114,114,114,114,1852478,4.86,6.15,6.15,6.15,6.15
2023-10-19,Hamburg,02,00+,83,101,101,101,101,1852478,4.48,5.45,5.45,5.45,5.45
2023-10-18,Hamburg,02,00+,71,90,90,90,90,1852478,3.83,4.86,4.86,4.86,4.86
2023-10-17,Hamburg,02,00+,74,91,91,91,91,1852478,3.99,4.91,4.91,4.91,4.91
2023-10-16,Hamburg,02,00+,77,89,89,89,89,1852478,4.16,4.8,4.8,4.8,4.8
2023-10-15,Hamburg,02,00+,77,89,89,89,89,1852478,4.16,4.8,4.8,4.8,4.8
2023-10-14,Hamburg,02,00+,77,89,89,89,89,1852478,4.16,4.8,4.8,4.8,4.8
2023-10-13,Hamburg,02,00+,62,94,94,94,94,1852478,3.35,5.07,5.07,5.07,5.07
2023-10-12,Hamburg,02,00+,68,90,90,90,90,1852478,3.67,4.86,4.86,4.86,4.86
2023-10-11,Hamburg,02,00+,86,107,107,107,107,1852478,4.64,5.78,5.78,5.78,5.78
2023-10-10,Hamburg,02,00+,65,88,88,88,88,1852478,3.51,4.75,4.75,4.75,4.75
2023-10-09,Hamburg,02,00+,80,102,102,102,102,1852478,4.32,5.51,5.51,5.51,5.51
2023-10-08,Hamburg,02,00+,82,104,104,104,104,1852478,4.43,5.61,5.61,5.61,5.61
2023-10-07,Hamburg,02,00+,82,104,104,104,104,1852478,4.43,5.61,5.61,5.61,5.61
2023-10-06,Hamburg,02,00+,79,94,94,94,94,1852478,4.26,5.07,5.07,5.07,5.07
2023-10-05,Hamburg,02,00+,60,97,97,97,97,1852478,3.24,5.24,5.24,5.24,5.24
2023-10-04,Hamburg,02,00+,44,85,85,85,85,1852478,2.38,4.59,4.59,4.59,4.59
2023-10-03,Hamburg,02,00+,58,101,101,101,101,1852478,3.13,5.45,5.45,5.45,5.45
2023-10-02,Hamburg,02,00+,62,77,77,77,77,1852478,3.35,4.16,4.16,4.16,4.16
2023-10-01,Hamburg,02,00+,62,75,75,75,75,1852478,3.35,4.05,4.05,4.05,4.05
2023-09-30,Hamburg,02,00+,62,75,75,75,75,1852478,3.35,4.05,4.05,4.05,4.05
2023-09-29,Hamburg,02,00+,56,68,68,68,68,1852478,3.02,3.67,3.67,3.67,3.67
2023-09-28,Hamburg,02,00+,64,73,73,73,73,1852478,3.45,3.94,3.94,3.94,3.94
2023-09-27,Hamburg,02,00+,58,67,67,67,67,1852478,3.13,3.62,3.62,3.62,3.62
2023-09-26,Hamburg,02,00+,46,63,63,63,63,1852478,2.48,3.4,3.4,3.4,3.4
2023-09-25,Hamburg,02,00+,57,67,67,67,67,1852478,3.08,3.62,3.62,3.62,3.62
2023-09-24,Hamburg,02,00+,57,67,67,67,67,1852478,3.08,3.62,3.62,3.62,3.62
2023-09-23,Hamburg,02,00+,57,67,67,67,67,1852478,3.08,3.62,3.62,3.62,3.62
2023-09-22,Hamburg,02,00+,54,74,74,74,74,1852478,2.92,3.99,3.99,3.99,3.99
2023-09-21,Hamburg,02,00+,48,68,68,68,68,1852478,2.59,3.67,3.67,3.67,3.67
2023-09-20,Hamburg,02,00+,52,72,72,72,72,1852478,2.81,3.89,3.89,3.89,3.89
2023-09-19,Hamburg,02,00+,52,74,74,74,74,1852478,2.81,3.99,3.99,3.99,3.99
2023-09-18,Hamburg,02,00+,59,90,90,90,90,1852478,3.18,4.86,4.86,4.86,4.86
2023-09-17,Hamburg,02,00+,59,90,90,90,90,1852478,3.18,4.86,4.86,4.86,4.86
2023-09-16,Hamburg,02,00+,59,90,90,90,90,1852478,3.18,4.86,4.86,4.86,4.86
2023-09-15,Hamburg,02,00+,72,96,96,96,96,1852478,3.89,5.18,5.18,5.18,5.18
2023-09-14,Hamburg,02,00+,73,98,98,98,98,1852478,3.94,5.29,5.29,5.29,5.29
2023-09-13,Hamburg,02,00+,71,91,91,91,91,1852478,3.83,4.91,4.91,4.91,4.91
2023-09-12,Hamburg,02,00+,63,91,91,91,91,1852478,3.4,4.91,4.91,4.91,4.91
2023-09-11,Hamburg,02,00+,54,74,74,74,74,1852478,2.92,3.99,3.99,3.99,3.99
2023-09-10,Hamburg,02,00+,54,74,74,74,74,1852478,2.92,3.99,3.99,3.99,3.99
2023-09-09,Hamburg,02,00+,54,74,74,74,74,1852478,2.92,3.99,3.99,3.99,3.99
2023-09-08,Hamburg,02,00+,46,63,63,63,63,1852478,2.48,3.4,3.4,3.4,3.4
2023-09-07,Hamburg,02,00+,47,62,62,62,62,1852478,2.54,3.35,3.35,3.35,3.35
2023-09-06,Hamburg,02,00+,49,62,62,62,62,1852478,2.65,3.35,3.35,3.35,3.35
2023-09-05,Hamburg,02,00+,27,53,53,53,53,1852478,1.46,2.86,2.86,2.86,2.86
2023-09-04,Hamburg,02,00+,44,58,58,58,58,1852478,2.38,3.13,3.13,3.13,3.13
2023-09-03,Hamburg,02,00+,44,58,58,58,58,1852478,2.38,3.13,3.13,3.13,3.13
2023-09-02,Hamburg,02,00+,44,58,58,58,58,1852478,2.38,3.13,3.13,3.13,3.13
2023-09-01,Hamburg,02,00+,42,54,54,54,54,1852478,2.27,2.92,2.92,2.92,2.92
2023-08-31,Hamburg,02,00+,48,58,58,58,58,1852478,2.59,3.13,3.13,3.13,3.13
2023-08-30,Hamburg,02,00+,46,57,57,57,57,1852478,2.48,3.08,3.08,3.08,3.08
2023-08-29,Hamburg,02,00+,44,65,65,65,65,1852478,2.38,3.51,3.51,3.51,3.51
2023-08-28,Hamburg,02,00+,0,50,50,50,50,1852478,0,2.7,2.7,2.7,2.7
2023-08-27,Hamburg,02,00+,0,50,50,50,50,1852478,0,2.7,2.7,2.7,2.7
2023-08-26,Hamburg,02,00+,0,50,50,50,50,1852478,0,2.7,2.7,2.7,2.7
2023-08-25,Hamburg,02,00+,0,53,53,53,53,1852478,0,2.86,2.86,2.86,2.86
2023-08-24,Hamburg,02,00+,29,43,43,43,43,1852478,1.57,2.32,2.32,2.32,2.32
2023-08-23,Hamburg,02,00+,31,40,40,40,40,1852478,1.67,2.16,2.16,2.16,2.16
2023-08-22,Hamburg,02,00+,37,39,39,39,39,1852478,2,2.11,2.11,2.11,2.11
2023-08-21,Hamburg,02,00+,30,38,38,38,38,1852478,1.62,2.05,2.05,2.05,2.05
2023-08-20,Hamburg,02,00+,30,38,38,38,38,1852478,1.62,2.05,2.05,2.05,2.05
2023-08-19,Hamburg,02,00+,30,38,38,38,38,1852478,1.62,2.05,2.05,2.05,2.05
2023-08-18,Hamburg,02,00+,29,33,33,33,33,1852478,1.57,1.78,1.78,1.78,1.78
2023-08-17,Hamburg,02,00+,36,41,41,41,41,1852478,1.94,2.21,2.21,2.21,2.21
2023-08-16,Hamburg,02,00+,37,43,43,43,43,1852478,2,2.32,2.32,2.32,2.32
2023-08-15,Hamburg,02,00+,25,36,36,36,36,1852478,1.35,1.94,1.94,1.94,1.94
2023-08-14,Hamburg,02,00+,21,30,30,30,30,1852478,1.13,1.62,1.62,1.62,1.62
2023-08-13,Hamburg,02,00+,21,30,30,30,30,1852478,1.13,1.62,1.62,1.62,1.62
2023-08-12,Hamburg,02,00+,21,30,30,30,30,1852478,1.13,1.62,1.62,1.62,1.62
2023-08-11,Hamburg,02,00+,23,31,31,31,31,1852478,1.24,1.67,1.67,1.67,1.67
2023-08-10,Hamburg,02,00+,22,26,26,26,26,1852478,1.19,1.4,1.4,1.4,1.4
2023-08-09,Hamburg,02,00+,15,21,21,21,21,1852478,0.81,1.13,1.13,1.13,1.13
2023-08-08,Hamburg,02,00+,8,19,19,19,19,1852478,0.43,1.03,1.03,1.03,1.03
2023-08-07,Hamburg,02,00+,9,20,20,20,20,1852478,0.49,1.08,1.08,1.08,1.08
2023-08-06,Hamburg,02,00+,9,20,20,20,20,1852478,0.49,1.08,1.08,1.08,1.08
2023-08-05,Hamburg,02,00+,9,20,20,20,20,1852478,0.49,1.08,1.08,1.08,1.08
2023-08-04,Hamburg,02,00+,6,25,25,25,25,1852478,0.32,1.35,1.35,1.35,1.35
2023-08-03,Hamburg,02,00+,18,34,34,34,34,1852478,0.97,1.84,1.84,1.84,1.84
2023-08-02,Hamburg,02,00+,18,33,33,33,33,1852478,0.97,1.78,1.78,1.78,1.78
2023-08-01,Hamburg,02,00+,21,34,34,34,34,1852478,1.13,1.84,1.84,1.84,1.84
2023-07-31,Hamburg,02,00+,29,38,38,38,38,1852478,1.57,2.05,2.05,2.05,2.05
2023-07-30,Hamburg,02,00+,29,38,38,38,38,1852478,1.57,2.05,2.05,2.05,2.05
2023-07-29,Hamburg,02,00+,29,38,38,38,38,1852478,1.57,2.05,2.05,2.05,2.05
2023-07-28,Hamburg,02,00+,18,32,32,32,32,1852478,0.97,1.73,1.73,1.73,1.73
2023-07-27,Hamburg,02,00+,14,18,18,18,18,1852478,0.76,0.97,0.97,0.97,0.97
2023-07-26,Hamburg,02,00+,8,17,17,17,17,1852478,0.43,0.92,0.92,0.92,0.92
2023-07-25,Hamburg,02,00+,5,13,13,13,13,1852478,0.27,0.7,0.7,0.7,0.7
2023-07-24,Hamburg,02,00+,3,7,7,7,7,1852478,0.16,0.38,0.38,0.38,0.38
2023-07-23,Hamburg,02,00+,3,7,7,7,7,1852478,0.16,0.38,0.38,0.38,0.38
2023-07-22,Hamburg,02,00+,3,7,7,7,7,1852478,0.16,0.38,0.38,0.38,0.38
2023-07-21,Hamburg,02,00+,8,10,10,10,10,1852478,0.43,0.54,0.54,0.54,0.54
2023-07-20,Hamburg,02,00+,8,9,9,9,9,1852478,0.43,0.49,0.49,0.49,0.49
2023-07-19,Hamburg,02,00+,8,9,9,9,9,1852478,0.43,0.49,0.49,0.49,0.49
2023-07-18,Hamburg,02,00+,11,12,12,12,12,1852478,0.59,0.65,0.65,0.65,0.65
2023-07-17,Hamburg,02,00+,4,10,10,10,10,1852478,0.22,0.54,0.54,0.54,0.54
2023-07-16,Hamburg,02,00+,4,10,10,10,10,1852478,0.22,0.54,0.54,0.54,0.54
2023-07-15,Hamburg,02,00+,4,10,10,10,10,1852478,0.22,0.54,0.54,0.54,0.54
2023-07-14,Hamburg,02,00+,5,6,6,6,6,1852478,0.27,0.32,0.32,0.32,0.32
2023-07-13,Hamburg,02,00+,6,7,7,7,7,1852478,0.32,0.38,0.38,0.38,0.38
2023-07-12,Hamburg,02,00+,7,10,10,10,10,1852478,0.38,0.54,0.54,0.54,0.54
2023-07-11,Hamburg,02,00+,9,9,9,9,9,1852478,0.49,0.49,0.49,0.49,0.49
2023-07-10,Hamburg,02,00+,11,11,11,11,11,1852478,0.59,0.59,0.59,0.59,0.59
2023-07-09,Hamburg,02,00+,11,11,11,11,11,1852478,0.59,0.59,0.59,0.59,0.59
2023-07-08,Hamburg,02,00+,11,11,11,11,11,1852478,0.59,0.59,0.59,0.59,0.59
2023-07-07,Hamburg,02,00+,11,12,12,12,12,1852478,0.59,0.65,0.65,0.65,0.65
2023-07-06,Hamburg,02,00+,9,12,12,12,12,1852478,0.49,0.65,0.65,0.65,0.65
2023-07-05,Hamburg,02,00+,12,13,13,13,13,1852478,0.65,0.7,0.7,0.7,0.7
2023-07-04,Hamburg,02,00+,13,15,15,15,15,1852478,0.7,0.81,0.81,0.81,0.81
2023-07-03,Hamburg,02,00+,14,16,16,16,16,1852478,0.76,0.86,0.86,0.86,0.86
2023-07-02,Hamburg,02,00+,14,16,16,16,16,1852478,0.76,0.86,0.86,0.86,0.86
2023-07-01,Hamburg,02,00+,15,17,17,17,17,1852478,0.81,0.92,0.92,0.92,0.92
2023-06-30,Hamburg,02,00+,16,17,17,17,17,1852478,0.86,0.92,0.92,0.92,0.92
2023-06-29,Hamburg,02,00+,16,18,18,18,18,1852478,0.86,0.97,0.97,0.97,0.97
2023-06-28,Hamburg,02,00+,12,15,15,15,15,1852478,0.65,0.81,0.81,0.81,0.81
2023-06-27,Hamburg,02,00+,13,15,15,15,15,1852478,0.7,0.81,0.81,0.81,0.81
2023-06-26,Hamburg,02,00+,11,15,15,15,15,1852478,0.59,0.81,0.81,0.81,0.81
2023-06-25,Hamburg,02,00+,11,15,15,15,15,1852478,0.59,0.81,0.81,0.81,0.81
2023-06-24,Hamburg,02,00+,11,14,14,14,14,1852478,0.59,0.76,0.76,0.76,0.76
2023-06-23,Hamburg,02,00+,11,14,14,14,14,1852478,0.59,0.76,0.76,0.76,0.76
2023-06-22,Hamburg,02,00+,12,16,16,16,16,1852478,0.65,0.86,0.86,0.86,0.86
2023-06-21,Hamburg,02,00+,12,19,19,19,19,1852478,0.65,1.03,1.03,1.03,1.03
2023-06-20,Hamburg,02,00+,13,22,22,22,22,1852478,0.7,1.19,1.19,1.19,1.19
2023-06-19,Hamburg,02,00+,21,32,32,32,32,1852478,1.13,1.73,1.73,1.73,1.73
2023-06-18,Hamburg,02,00+,23,34,34,34,34,1852478,1.24,1.84,1.84,1.84,1.84
2023-06-17,Hamburg,02,00+,23,34,34,34,34,1852478,1.24,1.84,1.84,1.84,1.84
2023-06-16,Hamburg,02,00+,24,42,42,42,42,1852478,1.3,2.27,2.27,2.27,2.27
2023-06-15,Hamburg,02,00+,30,45,45,45,45,1852478,1.62,2.43,2.43,2.43,2.43
2023-06-14,Hamburg,02,00+,27,45,45,45,45,1852478,1.46,2.43,2.43,2.43,2.43
2023-06-13,Hamburg,02,00+,19,43,43,43,43,1852478,1.03,2.32,2.32,2.32,2.32
2023-06-12,Hamburg,02,00+,20,39,39,39,39,1852478,1.08,2.11,2.11,2.11,2.11
2023-06-11,Hamburg,02,00+,20,37,37,37,37,1852478,1.08,2,2,2,2
2023-06-10,Hamburg,02,00+,20,37,37,37,37,1852478,1.08,2,2,2,2
2023-06-09,Hamburg,02,00+,19,35,35,35,35,1852478,1.03,1.89,1.89,1.89,1.89
2023-06-08,Hamburg,02,00+,20,31,31,31,31,1852478,1.08,1.67,1.67,1.67,1.67
2023-06-07,Hamburg,02,00+,20,33,33,33,33,1852478,1.08,1.78,1.78,1.78,1.78
2023-06-06,Hamburg,02,00+,31,46,46,46,46,1852478,1.67,2.48,2.48,2.48,2.48
2023-06-05,Hamburg,02,00+,17,35,35,35,35,1852478,0.92,1.89,1.89,1.89,1.89
2023-06-04,Hamburg,02,00+,17,35,35,35,35,1852478,0.92,1.89,1.89,1.89,1.89
2023-06-03,Hamburg,02,00+,17,35,35,35,35,1852478,0.92,1.89,1.89,1.89,1.89
2023-06-02,Hamburg,02,00+,22,37,37,37,37,1852478,1.19,2,2,2,2
2023-06-01,Hamburg,02,00+,25,41,41,41,41,1852478,1.35,2.21,2.21,2.21,2.21
2023-05-31,Hamburg,02,00+,35,53,53,53,53,1852478,1.89,2.86,2.86,2.86,2.86
2023-05-30,Hamburg,02,00+,19,48,48,48,48,1852478,1.03,2.59,2.59,2.59,2.59
2023-05-29,Hamburg,02,00+,34,64,64,64,64,1852478,1.84,3.45,3.45,3.45,3.45
2023-05-28,Hamburg,02,00+,34,64,64,64,64,1852478,1.84,3.45,3.45,3.45,3.45
2023-05-27,Hamburg,02,00+,34,64,64,64,64,1852478,1.84,3.45,3.45,3.45,3.45
2023-05-26,Hamburg,02,00+,36,62,62,62,62,1852478,1.94,3.35,3.35,3.35,3.35
2023-05-25,Hamburg,02,00+,28,55,55,55,55,1852478,1.51,2.97,2.97,2.97,2.97
2023-05-24,Hamburg,02,00+,27,47,47,47,47,1852478,1.46,2.54,2.54,2.54,2.54
2023-05-23,Hamburg,02,00+,25,45,45,45,45,1852478,1.35,2.43,2.43,2.43,2.43
2023-05-22,Hamburg,02,00+,30,42,42,42,42,1852478,1.62,2.27,2.27,2.27,2.27
2023-05-21,Hamburg,02,00+,34,46,46,46,46,1852478,1.84,2.48,2.48,2.48,2.48
2023-05-20,Hamburg,02,00+,34,46,46,46,46,1852478,1.84,2.48,2.48,2.48,2.48
2023-05-19,Hamburg,02,00+,48,61,61,61,61,1852478,2.59,3.29,3.29,3.29,3.29
2023-05-18,Hamburg,02,00+,64,80,80,80,80,1852478,3.45,4.32,4.32,4.32,4.32
2023-05-17,Hamburg,02,00+,61,90,90,90,90,1852478,3.29,4.86,4.86,4.86,4.86
2023-05-16,Hamburg,02,00+,75,102,102,102,102,1852478,4.05,5.51,5.51,5.51,5.51
2023-05-15,Hamburg,02,00+,78,114,114,114,114,1852478,4.21,6.15,6.15,6.15,6.15
2023-05-14,Hamburg,02,00+,81,113,113,113,113,1852478,4.37,6.1,6.1,6.1,6.1
2023-05-13,Hamburg,02,00+,81,114,114,114,114,1852478,4.37,6.15,6.15,6.15,6.15
2023-05-12,Hamburg,02,00+,65,99,99,99,99,1852478,3.51,5.34,5.34,5.34,5.34
2023-05-11,Hamburg,02,00+,59,95,95,95,95,1852478,3.18,5.13,5.13,5.13,5.13
2023-05-10,Hamburg,02,00+,62,86,86,86,86,1852478,3.35,4.64,4.64,4.64,4.64
2023-05-09,Hamburg,02,00+,71,92,92,92,92,1852478,3.83,4.97,4.97,4.97,4.97
2023-05-08,Hamburg,02,00+,34,67,67,67,67,1852478,1.84,3.62,3.62,3.62,3.62
2023-05-07,Hamburg,02,00+,34,64,64,64,64,1852478,1.84,3.45,3.45,3.45,3.45
2023-05-06,Hamburg,02,00+,34,63,63,63,63,1852478,1.84,3.4,3.4,3.4,3.4
2023-05-05,Hamburg,02,00+,42,66,66,66,66,1852478,2.27,3.56,3.56,3.56,3.56
2023-05-04,Hamburg,02,00+,40,64,64,64,64,1852478,2.16,3.45,3.45,3.45,3.45
2023-05-03,Hamburg,02,00+,42,67,67,67,67,1852478,2.27,3.62,3.62,3.62,3.62
2023-05-02,Hamburg,02,00+,43,57,57,57,57,1852478,2.32,3.08,3.08,3.08,3.08
2023-05-01,Hamburg,02,00+,60,74,74,74,74,1852478,3.24,3.99,3.99,3.99,3.99
2023-04-30,Hamburg,02,00+,71,87,87,87,87,1852478,3.83,4.7,4.7,4.7,4.7
2023-04-29,Hamburg,02,00+,73,89,89,89,89,1852478,3.94,4.8,4.8,4.8,4.8
2023-04-28,Hamburg,02,00+,70,90,90,90,90,1852478,3.78,4.86,4.86,4.86,4.86
2023-04-27,Hamburg,02,00+,72,90,90,90,90,1852478,3.89,4.86,4.86,4.86,4.86
2023-04-26,Hamburg,02,00+,62,90,90,90,90,1852478,3.35,4.86,4.86,4.86,4.86
2023-04-25,Hamburg,02,00+,77,98,98,98,98,1852478,4.16,5.29,5.29,5.29,5.29
2023-04-24,Hamburg,02,00+,63,109,109,109,109,1852478,3.4,5.88,5.88,5.88,5.88
2023-04-23,Hamburg,02,00+,70,103,103,103,103,1852478,3.78,5.56,5.56,5.56,5.56
2023-04-22,Hamburg,02,00+,70,102,102,102,102,1852478,3.78,5.51,5.51,5.51,5.51
2023-04-21,Hamburg,02,00+,94,117,117,117,117,1852478,5.07,6.32,6.32,6.32,6.32
2023-04-20,Hamburg,02,00+,107,131,131,131,131,1852478,5.78,7.07,7.07,7.07,7.07
2023-04-19,Hamburg,02,00+,109,137,137,137,137,1852478,5.88,7.4,7.4,7.4,7.4
2023-04-18,Hamburg,02,00+,103,158,158,158,158,1852478,5.56,8.53,8.53,8.53,8.53
2023-04-17,Hamburg,02,00+,82,135,135,135,135,1852478,4.43,7.29,7.29,7.29,7.29
2023-04-16,Hamburg,02,00+,82,128,128,128,128,1852478,4.43,6.91,6.91,6.91,6.91
2023-04-15,Hamburg,02,00+,83,129,129,129,129,1852478,4.48,6.96,6.96,6.96,6.96
2023-04-14,Hamburg,02,00+,60,103,103,103,103,1852478,3.24,5.56,5.56,5.56,5.56
2023-04-13,Hamburg,02,00+,44,88,88,88,88,1852478,2.38,4.75,4.75,4.75,4.75
2023-04-12,Hamburg,02,00+,39,91,91,91,91,1852478,2.11,4.91,4.91,4.91,4.91
2023-04-11,Hamburg,02,00+,36,62,62,62,62,1852478,1.94,3.35,3.35,3.35,3.35
2023-04-10,Hamburg,02,00+,57,85,85,85,85,1852478,3.08,4.59,4.59,4.59,4.59
2023-04-09,Hamburg,02,00+,73,96,96,96,96,1852478,3.94,5.18,5.18,5.18,5.18
2023-04-08,Hamburg,02,00+,77,98,98,98,98,1852478,4.16,5.29,5.29,5.29,5.29
2023-04-07,Hamburg,02,00+,100,121,121,121,121,1852478,5.4,6.53,6.53,6.53,6.53
2023-04-06,Hamburg,02,00+,92,126,126,126,126,1852478,4.97,6.8,6.8,6.8,6.8
2023-04-05,Hamburg,02,00+,112,136,136,136,136,1852478,6.05,7.34,7.34,7.34,7.34
2023-04-04,Hamburg,02,00+,104,145,145,145,145,1852478,5.61,7.83,7.83,7.83,7.83
2023-04-03,Hamburg,02,00+,114,177,177,177,177,1852478,6.15,9.55,9.55,9.55,9.55
2023-04-02,Hamburg,02,00+,115,169,169,169,169,1852478,6.21,9.12,9.12,9.12,9.12
2023-04-01,Hamburg,02,00+,116,166,166,166,166,1852478,6.26,8.96,8.96,8.96,8.96
2023-03-31,Hamburg,02,00+,125,174,174,174,174,1852478,6.75,9.39,9.39,9.39,9.39
2023-03-30,Hamburg,02,00+,110,180,180,180,180,1852478,5.94,9.72,9.72,9.72,9.72
2023-03-29,Hamburg,02,00+,101,186,186,186,186,1852478,5.45,10.04,10.04,10.04,10.04
2023-03-28,Hamburg,02,00+,94,203,203,203,203,1852478,5.07,10.96,10.96,10.96,10.96
2023-03-27,Hamburg,02,00+,117,228,228,228,228,1852478,6.32,12.31,12.31,12.31,12.31
2023-03-26,Hamburg,02,00+,119,227,227,227,227,1852478,6.42,12.25,12.25,12.25,12.25
2023-03-25,Hamburg,02,00+,122,230,230,230,230,1852478,6.59,12.42,12.42,12.42,12.42
2023-03-24,Hamburg,02,00+,113,221,221,221,221,1852478,6.1,11.93,11.93,11.93,11.93
2023-03-23,Hamburg,02,00+,108,233,233,233,233,1852478,5.83,12.58,12.58,12.58,12.58
2023-03-22,Hamburg,02,00+,104,222,222,222,222,1852478,5.61,11.98,11.98,11.98,11.98
2023-03-21,Hamburg,02,00+,114,217,217,217,217,1852478,6.15,11.71,11.71,11.71,11.71
2023-03-20,Hamburg,02,00+,116,184,184,184,184,1852478,6.26,9.93,9.93,9.93,9.93
2023-03-19,Hamburg,02,00+,117,184,184,184,184,1852478,6.32,9.93,9.93,9.93,9.93
2023-03-18,Hamburg,02,00+,120,184,184,184,184,1852478,6.48,9.93,9.93,9.93,9.93
2023-03-17,Hamburg,02,00+,115,178,178,178,178,1852478,6.21,9.61,9.61,9.61,9.61
2023-03-16,Hamburg,02,00+,87,156,156,156,156,1852478,4.7,8.42,8.42,8.42,8.42
2023-03-15,Hamburg,02,00+,68,144,144,144,144,1852478,3.67,7.77,7.77,7.77,7.77
2023-03-14,Hamburg,02,00+,61,128,128,128,128,1852478,3.29,6.91,6.91,6.91,6.91
2023-03-13,Hamburg,02,00+,60,105,105,105,105,1852478,3.24,5.67,5.67,5.67,5.67
2023-03-12,Hamburg,02,00+,60,103,103,103,103,1852478,3.24,5.56,5.56,5.56,5.56
2023-03-11,Hamburg,02,00+,62,101,101,101,101,1852478,3.35,5.45,5.45,5.45,5.45
2023-03-10,Hamburg,02,00+,34,90,90,90,90,1852478,1.84,4.86,4.86,4.86,4.86
2023-03-09,Hamburg,02,00+,50,97,97,97,97,1852478,2.7,5.24,5.24,5.24,5.24
2023-03-08,Hamburg,02,00+,38,92,92,92,92,1852478,2.05,4.97,4.97,4.97,4.97
2023-03-07,Hamburg,02,00+,53,92,92,92,92,1852478,2.86,4.97,4.97,4.97,4.97
2023-03-06,Hamburg,02,00+,73,99,99,99,99,1852478,3.94,5.34,5.34,5.34,5.34
2023-03-05,Hamburg,02,00+,75,101,101,101,101,1852478,4.05,5.45,5.45,5.45,5.45
2023-03-04,Hamburg,02,00+,77,102,102,102,102,1852478,4.16,5.51,5.51,5.51,5.51
2023-03-03,Hamburg,02,00+,90,122,122,122,122,1852478,4.86,6.59,6.59,6.59,6.59
2023-03-02,Hamburg,02,00+,80,121,121,121,121,1852478,4.32,6.53,6.53,6.53,6.53
2023-03-01,Hamburg,02,00+,50,125,125,125,125,1852478,2.7,6.75,6.75,6.75,6.75
2023-02-28,Hamburg,02,00+,57,123,123,123,123,1852478,3.08,6.64,6.64,6.64,6.64
2023-02-27,Hamburg,02,00+,54,113,113,113,113,1852478,2.92,6.1,6.1,6.1,6.1
2023-02-26,Hamburg,02,00+,56,113,113,113,113,1852478,3.02,6.1,6.1,6.1,6.1
2023-02-25,Hamburg,02,00+,59,113,113,113,113,1852478,3.18,6.1,6.1,6.1,6.1
2023-02-24,Hamburg,02,00+,51,98,98,98,98,1852478,2.75,5.29,5.29,5.29,5.29
2023-02-23,Hamburg,02,00+,52,95,95,95,95,1852478,2.81,5.13,5.13,5.13,5.13
2023-02-22,Hamburg,02,00+,45,102,102,102,102,1852478,2.43,5.51,5.51,5.51,5.51
2023-02-21,Hamburg,02,00+,50,100,100,100,100,1852478,2.7,5.4,5.4,5.4,5.4
2023-02-20,Hamburg,02,00+,51,98,98,98,98,1852478,2.75,5.29,5.29,5.29,5.29
2023-02-19,Hamburg,02,00+,53,102,102,102,102,1852478,2.86,5.51,5.51,5.51,5.51
2023-02-18,Hamburg,02,00+,54,101,101,101,101,1852478,2.92,5.45,5.45,5.45,5.45
2023-02-17,Hamburg,02,00+,52,98,98,98,98,1852478,2.81,5.29,5.29,5.29,5.29
2023-02-16,Hamburg,02,00+,35,85,85,85,85,1852478,1.89,4.59,4.59,4.59,4.59
2023-02-15,Hamburg,02,00+,43,78,78,78,78,1852478,2.32,4.21,4.21,4.21,4.21
2023-02-14,Hamburg,02,00+,35,67,67,67,67,1852478,1.89,3.62,3.62,3.62,3.62
2023-02-13,Hamburg,02,00+,35,64,64,64,64,1852478,1.89,3.45,3.45,3.45,3.45
2023-02-12,Hamburg,02,00+,35,58,58,58,58,1852478,1.89,3.13,3.13,3.13,3.13
2023-02-11,Hamburg,02,00+,36,57,57,57,57,1852478,1.94,3.08,3.08,3.08,3.08
2023-02-10,Hamburg,02,00+,40,57,57,57,57,1852478,2.16,3.08,3.08,3.08,3.08
2023-02-09,Hamburg,02,00+,37,57,57,57,57,1852478,2,3.08,3.08,3.08,3.08
2023-02-08,Hamburg,02,00+,32,46,46,46,46,1852478,1.73,2.48,2.48,2.48,2.48
2023-02-07,Hamburg,02,00+,13,46,46,46,46,1852478,0.7,2.48,2.48,2.48,2.48
2023-02-06,Hamburg,02,00+,35,49,49,49,49,1852478,1.89,2.65,2.65,2.65,2.65
2023-02-05,Hamburg,02,00+,38,52,52,52,52,1852478,2.05,2.81,2.81,2.81,2.81
2023-02-04,Hamburg,02,00+,39,52,52,52,52,1852478,2.11,2.81,2.81,2.81,2.81
2023-02-03,Hamburg,02,00+,42,53,53,53,53,1852478,2.27,2.86,2.86,2.86,2.86
2023-02-02,Hamburg,02,00+,43,59,59,59,59,1852478,2.32,3.18,3.18,3.18,3.18
2023-02-01,Hamburg,02,00+,46,65,65,65,65,1852478,2.48,3.51,3.51,3.51,3.51
2023-01-31,Hamburg,02,00+,31,64,64,64,64,1852478,1.67,3.45,3.45,3.45,3.45
2023-01-30,Hamburg,02,00+,25,59,59,59,59,1852478,1.35,3.18,3.18,3.18,3.18
2023-01-29,Hamburg,02,00+,25,56,56,56,56,1852478,1.35,3.02,3.02,3.02,3.02
2023-01-28,Hamburg,02,00+,27,57,57,57,57,1852478,1.46,3.08,3.08,3.08,3.08
2023-01-27,Hamburg,02,00+,29,57,57,57,57,1852478,1.57,3.08,3.08,3.08,3.08
2023-01-26,Hamburg,02,00+,32,58,58,58,58,1852478,1.73,3.13,3.13,3.13,3.13
2023-01-25,Hamburg,02,00+,21,51,51,51,51,1852478,1.13,2.75,2.75,2.75,2.75
2023-01-24,Hamburg,02,00+,24,52,52,52,52,1852478,1.3,2.81,2.81,2.81,2.81
2023-01-23,Hamburg,02,00+,30,56,56,56,56,1852478,1.62,3.02,3.02,3.02,3.02
2023-01-22,Hamburg,02,00+,31,59,59,59,59,1852478,1.67,3.18,3.18,3.18,3.18
2023-01-21,Hamburg,02,00+,31,57,57,57,57,1852478,1.67,3.08,3.08,3.08,3.08
2023-01-20,Hamburg,02,00+,44,69,69,69,69,1852478,2.38,3.72,3.72,3.72,3.72
2023-01-19,Hamburg,02,00+,33,68,68,68,68,1852478,1.78,3.67,3.67,3.67,3.67
2023-01-18,Hamburg,02,00+,43,84,84,84,84,1852478,2.32,4.53,4.53,4.53,4.53
2023-01-17,Hamburg,02,00+,49,98,98,98,98,1852478,2.65,5.29,5.29,5.29,5.29
2023-01-16,Hamburg,02,00+,61,118,118,118,118,1852478,3.29,6.37,6.37,6.37,6.37
2023-01-15,Hamburg,02,00+,62,116,116,116,116,1852478,3.35,6.26,6.26,6.26,6.26
2023-01-14,Hamburg,02,00+,64,118,118,118,118,1852478,3.45,6.37,6.37,6.37,6.37
2023-01-13,Hamburg,02,00+,63,117,117,117,117,1852478,3.4,6.32,6.32,6.32,6.32
2023-01-12,Hamburg,02,00+,66,143,143,143,143,1852478,3.56,7.72,7.72,7.72,7.72
2023-01-11,Hamburg,02,00+,108,185,185,185,185,1852478,5.83,9.99,9.99,9.99,9.99
2023-01-10,Hamburg,02,00+,99,193,193,193,193,1852478,5.34,10.42,10.42,10.42,10.42
2023-01-09,Hamburg,02,00+,81,181,181,181,181,1852478,4.37,9.77,9.77,9.77,9.77
2023-01-08,Hamburg,02,00+,82,181,181,181,181,1852478,4.43,9.77,9.77,9.77,9.77
2023-01-07,Hamburg,02,00+,86,0,0,0,0,1852478,4.64,0,0,0,0
2023-01-06,Hamburg,02,00+,87,0,0,0,0,1852478,4.7,0,0,0,0
2023-01-05,Hamburg,02,00+,103,0,0,0,0,1852478,5.56,0,0,0,0
2023-01-04,Hamburg,02,00+,114,0,0,0,0,1852478,6.15,0,0,0,0
2023-01-03,Hamburg,02,00+,107,0,0,0,0,1852478,5.78,0,0,0,0
2023-01-02,Hamburg,02,00+,83,0,0,0,0,1852478,4.48,0,0,0,0
2024-04-19,Niedersachsen,03,00+,11,11,NA,NA,NA,8003421,0.14,0.14,NA,NA,NA
2024-04-18,Niedersachsen,03,00+,12,14,NA,NA,NA,8003421,0.15,0.17,NA,NA,NA
2024-04-17,Niedersachsen,03,00+,14,16,NA,NA,NA,8003421,0.17,0.2,NA,NA,NA
2024-04-16,Niedersachsen,03,00+,15,17,19,17,23,8003421,0.19,0.21,0.25,0.22,0.3
2024-04-15,Niedersachsen,03,00+,23,25,28,25,34,8003421,0.29,0.31,0.35,0.32,0.43
2024-04-14,Niedersachsen,03,00+,27,29,32,29,39,8003421,0.34,0.36,0.41,0.37,0.5
2024-04-13,Niedersachsen,03,00+,27,29,32,29,39,8003421,0.34,0.36,0.41,0.37,0.5
2024-04-12,Niedersachsen,03,00+,24,28,31,28,37,8003421,0.3,0.35,0.39,0.36,0.47
2024-04-11,Niedersachsen,03,00+,25,28,30,28,36,8003421,0.31,0.35,0.39,0.36,0.46
2024-04-10,Niedersachsen,03,00+,16,29,31,29,37,8003421,0.2,0.36,0.4,0.37,0.47
2024-04-09,Niedersachsen,03,00+,21,33,35,33,41,8003421,0.26,0.41,0.45,0.42,0.52
2024-04-08,Niedersachsen,03,00+,17,24,25,24,29,8003421,0.21,0.3,0.32,0.3,0.36
2024-04-07,Niedersachsen,03,00+,18,21,22,21,24,8003421,0.22,0.26,0.28,0.26,0.31
2024-04-06,Niedersachsen,03,00+,20,23,24,23,27,8003421,0.25,0.29,0.3,0.29,0.34
2024-04-05,Niedersachsen,03,00+,17,22,23,22,25,8003421,0.21,0.27,0.29,0.28,0.32
2024-04-04,Niedersachsen,03,00+,18,23,24,23,26,8003421,0.22,0.29,0.3,0.29,0.33
2024-04-03,Niedersachsen,03,00+,12,22,22,22,24,8003421,0.15,0.27,0.29,0.28,0.31
2024-04-02,Niedersachsen,03,00+,7,17,17,17,18,8003421,0.09,0.21,0.22,0.21,0.23
2024-04-01,Niedersachsen,03,00+,14,23,23,23,25,8003421,0.17,0.29,0.3,0.29,0.31
2024-03-31,Niedersachsen,03,00+,14,22,22,22,23,8003421,0.17,0.27,0.28,0.28,0.3
2024-03-30,Niedersachsen,03,00+,15,21,21,21,22,8003421,0.19,0.26,0.27,0.26,0.28
2024-03-29,Niedersachsen,03,00+,17,22,22,22,23,8003421,0.21,0.27,0.28,0.28,0.3
2024-03-28,Niedersachsen,03,00+,18,22,22,22,23,8003421,0.22,0.27,0.28,0.28,0.29
2024-03-27,Niedersachsen,03,00+,14,21,21,21,22,8003421,0.17,0.26,0.27,0.26,0.28
2024-03-26,Niedersachsen,03,00+,14,23,23,23,24,8003421,0.17,0.29,0.29,0.29,0.3
2024-03-25,Niedersachsen,03,00+,25,29,29,29,29,8003421,0.31,0.36,0.37,0.36,0.37
2024-03-24,Niedersachsen,03,00+,26,30,30,30,30,8003421,0.32,0.37,0.38,0.38,0.38
2024-03-23,Niedersachsen,03,00+,27,30,30,30,30,8003421,0.34,0.37,0.38,0.38,0.38
2024-03-22,Niedersachsen,03,00+,30,34,34,34,34,8003421,0.37,0.42,0.43,0.43,0.43
2024-03-21,Niedersachsen,03,00+,30,33,33,33,33,8003421,0.37,0.41,0.41,0.41,0.42
2024-03-20,Niedersachsen,03,00+,32,41,41,41,41,8003421,0.4,0.51,0.51,0.51,0.52
2024-03-19,Niedersachsen,03,00+,28,42,42,42,42,8003421,0.35,0.52,0.53,0.52,0.53
2024-03-18,Niedersachsen,03,00+,22,36,36,36,36,8003421,0.27,0.45,0.45,0.45,0.45
2024-03-17,Niedersachsen,03,00+,23,36,36,36,36,8003421,0.29,0.45,0.45,0.45,0.45
2024-03-16,Niedersachsen,03,00+,23,35,35,35,35,8003421,0.29,0.44,0.44,0.44,0.44
2024-03-15,Niedersachsen,03,00+,25,31,31,31,31,8003421,0.31,0.39,0.39,0.39,0.39
2024-03-14,Niedersachsen,03,00+,22,34,34,34,34,8003421,0.27,0.42,0.42,0.42,0.42
2024-03-13,Niedersachsen,03,00+,21,30,30,30,30,8003421,0.26,0.37,0.37,0.37,0.37
2024-03-12,Niedersachsen,03,00+,23,34,34,34,34,8003421,0.29,0.42,0.42,0.42,0.42
2024-03-11,Niedersachsen,03,00+,29,42,42,42,42,8003421,0.36,0.52,0.52,0.52,0.52
2024-03-10,Niedersachsen,03,00+,31,43,43,43,43,8003421,0.39,0.54,0.54,0.54,0.54
2024-03-09,Niedersachsen,03,00+,32,44,44,44,44,8003421,0.4,0.55,0.55,0.55,0.55
2024-03-08,Niedersachsen,03,00+,36,46,46,46,46,8003421,0.45,0.57,0.57,0.57,0.57
2024-03-07,Niedersachsen,03,00+,36,50,50,50,50,8003421,0.45,0.62,0.62,0.62,0.62
2024-03-06,Niedersachsen,03,00+,38,50,50,50,50,8003421,0.47,0.62,0.62,0.62,0.62
2024-03-05,Niedersachsen,03,00+,33,52,52,52,52,8003421,0.41,0.65,0.65,0.65,0.65
2024-03-04,Niedersachsen,03,00+,39,48,48,48,48,8003421,0.49,0.6,0.6,0.6,0.6
2024-03-03,Niedersachsen,03,00+,41,48,48,48,48,8003421,0.51,0.6,0.6,0.6,0.6
2024-03-02,Niedersachsen,03,00+,42,48,48,48,48,8003421,0.52,0.6,0.6,0.6,0.6
2024-03-01,Niedersachsen,03,00+,44,55,55,55,55,8003421,0.55,0.69,0.69,0.69,0.69
2024-02-29,Niedersachsen,03,00+,44,56,56,56,56,8003421,0.55,0.7,0.7,0.7,0.7
2024-02-28,Niedersachsen,03,00+,41,55,55,55,55,8003421,0.51,0.69,0.69,0.69,0.69
2024-02-27,Niedersachsen,03,00+,40,56,56,56,56,8003421,0.5,0.7,0.7,0.7,0.7
2024-02-26,Niedersachsen,03,00+,56,73,73,73,73,8003421,0.7,0.91,0.91,0.91,0.91
2024-02-25,Niedersachsen,03,00+,58,73,73,73,73,8003421,0.72,0.91,0.91,0.91,0.91
2024-02-24,Niedersachsen,03,00+,61,75,75,75,75,8003421,0.76,0.94,0.94,0.94,0.94
2024-02-23,Niedersachsen,03,00+,64,78,78,78,78,8003421,0.8,0.97,0.97,0.97,0.97
2024-02-22,Niedersachsen,03,00+,58,79,79,79,79,8003421,0.72,0.99,0.99,0.99,0.99
2024-02-21,Niedersachsen,03,00+,61,84,84,84,84,8003421,0.76,1.05,1.05,1.05,1.05
2024-02-20,Niedersachsen,03,00+,58,90,90,90,90,8003421,0.72,1.12,1.12,1.12,1.12
2024-02-19,Niedersachsen,03,00+,63,89,89,89,89,8003421,0.79,1.11,1.11,1.11,1.11
2024-02-18,Niedersachsen,03,00+,67,91,91,91,91,8003421,0.84,1.14,1.14,1.14,1.14
2024-02-17,Niedersachsen,03,00+,71,92,92,92,92,8003421,0.89,1.15,1.15,1.15,1.15
2024-02-16,Niedersachsen,03,00+,75,98,98,98,98,8003421,0.94,1.22,1.22,1.22,1.22
2024-02-15,Niedersachsen,03,00+,69,93,93,93,93,8003421,0.86,1.16,1.16,1.16,1.16
2024-02-14,Niedersachsen,03,00+,77,106,106,106,106,8003421,0.96,1.32,1.32,1.32,1.32
2024-02-13,Niedersachsen,03,00+,58,103,103,103,103,8003421,0.72,1.29,1.29,1.29,1.29
2024-02-12,Niedersachsen,03,00+,82,121,121,121,121,8003421,1.02,1.51,1.51,1.51,1.51
2024-02-11,Niedersachsen,03,00+,89,124,124,124,124,8003421,1.11,1.55,1.55,1.55,1.55
2024-02-10,Niedersachsen,03,00+,93,124,124,124,124,8003421,1.16,1.55,1.55,1.55,1.55
2024-02-09,Niedersachsen,03,00+,88,115,115,115,115,8003421,1.1,1.44,1.44,1.44,1.44
2024-02-08,Niedersachsen,03,00+,108,140,140,140,140,8003421,1.35,1.75,1.75,1.75,1.75
2024-02-07,Niedersachsen,03,00+,92,138,138,138,138,8003421,1.15,1.72,1.72,1.72,1.72
2024-02-06,Niedersachsen,03,00+,115,156,156,156,156,8003421,1.44,1.95,1.95,1.95,1.95
2024-02-05,Niedersachsen,03,00+,115,159,159,159,159,8003421,1.44,1.99,1.99,1.99,1.99
2024-02-04,Niedersachsen,03,00+,118,155,155,155,155,8003421,1.47,1.94,1.94,1.94,1.94
2024-02-03,Niedersachsen,03,00+,123,157,157,157,157,8003421,1.54,1.96,1.96,1.96,1.96
2024-02-02,Niedersachsen,03,00+,115,169,169,169,169,8003421,1.44,2.11,2.11,2.11,2.11
2024-02-01,Niedersachsen,03,00+,105,152,152,152,152,8003421,1.31,1.9,1.9,1.9,1.9
2024-01-31,Niedersachsen,03,00+,110,158,158,158,158,8003421,1.37,1.97,1.97,1.97,1.97
2024-01-30,Niedersachsen,03,00+,86,161,161,161,161,8003421,1.07,2.01,2.01,2.01,2.01
2024-01-29,Niedersachsen,03,00+,123,163,163,163,163,8003421,1.54,2.04,2.04,2.04,2.04
2024-01-28,Niedersachsen,03,00+,137,174,174,174,174,8003421,1.71,2.17,2.17,2.17,2.17
2024-01-27,Niedersachsen,03,00+,144,175,175,175,175,8003421,1.8,2.19,2.19,2.19,2.19
2024-01-26,Niedersachsen,03,00+,136,185,185,185,185,8003421,1.7,2.31,2.31,2.31,2.31
2024-01-25,Niedersachsen,03,00+,138,187,187,187,187,8003421,1.72,2.34,2.34,2.34,2.34
2024-01-24,Niedersachsen,03,00+,146,188,188,188,188,8003421,1.82,2.35,2.35,2.35,2.35
2024-01-23,Niedersachsen,03,00+,112,182,182,182,182,8003421,1.4,2.27,2.27,2.27,2.27
2024-01-22,Niedersachsen,03,00+,109,184,184,184,184,8003421,1.36,2.3,2.3,2.3,2.3
2024-01-21,Niedersachsen,03,00+,111,175,175,175,175,8003421,1.39,2.19,2.19,2.19,2.19
2024-01-20,Niedersachsen,03,00+,120,177,177,177,177,8003421,1.5,2.21,2.21,2.21,2.21
2024-01-19,Niedersachsen,03,00+,134,174,174,174,174,8003421,1.67,2.17,2.17,2.17,2.17
2024-01-18,Niedersachsen,03,00+,131,185,185,185,185,8003421,1.64,2.31,2.31,2.31,2.31
2024-01-17,Niedersachsen,03,00+,146,207,207,207,207,8003421,1.82,2.59,2.59,2.59,2.59
2024-01-16,Niedersachsen,03,00+,146,218,218,218,218,8003421,1.82,2.72,2.72,2.72,2.72
2024-01-15,Niedersachsen,03,00+,187,249,249,249,249,8003421,2.34,3.11,3.11,3.11,3.11
2024-01-14,Niedersachsen,03,00+,198,255,255,255,255,8003421,2.47,3.19,3.19,3.19,3.19
2024-01-13,Niedersachsen,03,00+,205,254,254,254,254,8003421,2.56,3.17,3.17,3.17,3.17
2024-01-12,Niedersachsen,03,00+,227,277,277,277,277,8003421,2.84,3.46,3.46,3.46,3.46
2024-01-11,Niedersachsen,03,00+,248,328,328,328,328,8003421,3.1,4.1,4.1,4.1,4.1
2024-01-10,Niedersachsen,03,00+,272,364,364,364,364,8003421,3.4,4.55,4.55,4.55,4.55
2024-01-09,Niedersachsen,03,00+,316,488,488,488,488,8003421,3.95,6.1,6.1,6.1,6.1
2024-01-08,Niedersachsen,03,00+,270,420,420,420,420,8003421,3.37,5.25,5.25,5.25,5.25
2024-01-07,Niedersachsen,03,00+,292,435,435,435,435,8003421,3.65,5.44,5.44,5.44,5.44
2024-01-06,Niedersachsen,03,00+,316,453,453,453,453,8003421,3.95,5.66,5.66,5.66,5.66
2024-01-05,Niedersachsen,03,00+,320,480,480,480,480,8003421,4,6,6,6,6
2024-01-04,Niedersachsen,03,00+,341,497,497,497,497,8003421,4.26,6.21,6.21,6.21,6.21
2024-01-03,Niedersachsen,03,00+,474,692,692,692,692,8003421,5.92,8.65,8.65,8.65,8.65
2024-01-02,Niedersachsen,03,00+,259,535,535,535,535,8003421,3.24,6.68,6.68,6.68,6.68
2024-01-01,Niedersachsen,03,00+,262,525,525,525,525,8003421,3.27,6.56,6.56,6.56,6.56
2023-12-31,Niedersachsen,03,00+,268,509,509,509,509,8003421,3.35,6.36,6.36,6.36,6.36
2023-12-30,Niedersachsen,03,00+,271,492,492,492,492,8003421,3.39,6.15,6.15,6.15,6.15
2023-12-29,Niedersachsen,03,00+,280,507,507,507,507,8003421,3.5,6.33,6.33,6.33,6.33
2023-12-28,Niedersachsen,03,00+,257,529,529,529,529,8003421,3.21,6.61,6.61,6.61,6.61
2023-12-27,Niedersachsen,03,00+,268,408,408,408,408,8003421,3.35,5.1,5.1,5.1,5.1
2023-12-26,Niedersachsen,03,00+,408,546,546,546,546,8003421,5.1,6.82,6.82,6.82,6.82
2023-12-25,Niedersachsen,03,00+,606,764,764,764,764,8003421,7.57,9.55,9.55,9.55,9.55
2023-12-24,Niedersachsen,03,00+,629,780,780,780,780,8003421,7.86,9.75,9.75,9.75,9.75
2023-12-23,Niedersachsen,03,00+,662,804,804,804,804,8003421,8.27,10.05,10.05,10.05,10.05
2023-12-22,Niedersachsen,03,00+,642,821,821,821,821,8003421,8.02,10.26,10.26,10.26,10.26
2023-12-21,Niedersachsen,03,00+,656,853,853,853,853,8003421,8.2,10.66,10.66,10.66,10.66
2023-12-20,Niedersachsen,03,00+,644,833,833,833,833,8003421,8.05,10.41,10.41,10.41,10.41
2023-12-19,Niedersachsen,03,00+,599,860,860,860,860,8003421,7.48,10.75,10.75,10.75,10.75
2023-12-18,Niedersachsen,03,00+,700,929,929,929,929,8003421,8.75,11.61,11.61,11.61,11.61
2023-12-17,Niedersachsen,03,00+,721,927,927,927,927,8003421,9.01,11.58,11.58,11.58,11.58
2023-12-16,Niedersachsen,03,00+,754,930,930,930,930,8003421,9.42,11.62,11.62,11.62,11.62
2023-12-15,Niedersachsen,03,00+,733,960,960,960,960,8003421,9.16,11.99,11.99,11.99,11.99
2023-12-14,Niedersachsen,03,00+,711,934,934,934,934,8003421,8.88,11.67,11.67,11.67,11.67
2023-12-13,Niedersachsen,03,00+,664,912,912,912,912,8003421,8.3,11.4,11.4,11.4,11.4
2023-12-12,Niedersachsen,03,00+,519,893,893,893,893,8003421,6.48,11.16,11.16,11.16,11.16
2023-12-11,Niedersachsen,03,00+,547,816,816,816,816,8003421,6.83,10.2,10.2,10.2,10.2
2023-12-10,Niedersachsen,03,00+,553,802,802,802,802,8003421,6.91,10.02,10.02,10.02,10.02
2023-12-09,Niedersachsen,03,00+,566,781,781,781,781,8003421,7.07,9.76,9.76,9.76,9.76
2023-12-08,Niedersachsen,03,00+,532,753,753,753,753,8003421,6.65,9.41,9.41,9.41,9.41
2023-12-07,Niedersachsen,03,00+,487,721,721,721,721,8003421,6.08,9.01,9.01,9.01,9.01
2023-12-06,Niedersachsen,03,00+,487,731,731,731,731,8003421,6.08,9.13,9.13,9.13,9.13
2023-12-05,Niedersachsen,03,00+,485,725,725,725,725,8003421,6.06,9.06,9.06,9.06,9.06
2023-12-04,Niedersachsen,03,00+,552,747,747,747,747,8003421,6.9,9.33,9.33,9.33,9.33
2023-12-03,Niedersachsen,03,00+,565,750,750,750,750,8003421,7.06,9.37,9.37,9.37,9.37
2023-12-02,Niedersachsen,03,00+,576,747,747,747,747,8003421,7.2,9.33,9.33,9.33,9.33
2023-12-01,Niedersachsen,03,00+,560,715,715,715,715,8003421,7,8.93,8.93,8.93,8.93
2023-11-30,Niedersachsen,03,00+,541,721,721,721,721,8003421,6.76,9.01,9.01,9.01,9.01
2023-11-29,Niedersachsen,03,00+,447,687,687,687,687,8003421,5.59,8.58,8.58,8.58,8.58
2023-11-28,Niedersachsen,03,00+,466,702,702,702,702,8003421,5.82,8.77,8.77,8.77,8.77
2023-11-27,Niedersachsen,03,00+,574,737,737,737,737,8003421,7.17,9.21,9.21,9.21,9.21
2023-11-26,Niedersachsen,03,00+,577,728,728,728,728,8003421,7.21,9.1,9.1,9.1,9.1
2023-11-25,Niedersachsen,03,00+,592,733,733,733,733,8003421,7.4,9.16,9.16,9.16,9.16
2023-11-24,Niedersachsen,03,00+,565,742,742,742,742,8003421,7.06,9.27,9.27,9.27,9.27
2023-11-23,Niedersachsen,03,00+,523,736,736,736,736,8003421,6.53,9.2,9.2,9.2,9.2
2023-11-22,Niedersachsen,03,00+,494,737,737,737,737,8003421,6.17,9.21,9.21,9.21,9.21
2023-11-21,Niedersachsen,03,00+,407,679,679,679,679,8003421,5.09,8.48,8.48,8.48,8.48
2023-11-20,Niedersachsen,03,00+,415,556,556,556,556,8003421,5.19,6.95,6.95,6.95,6.95
2023-11-19,Niedersachsen,03,00+,424,565,565,565,565,8003421,5.3,7.06,7.06,7.06,7.06
2023-11-18,Niedersachsen,03,00+,438,565,565,565,565,8003421,5.47,7.06,7.06,7.06,7.06
2023-11-17,Niedersachsen,03,00+,377,545,545,545,545,8003421,4.71,6.81,6.81,6.81,6.81
2023-11-16,Niedersachsen,03,00+,369,532,532,532,532,8003421,4.61,6.65,6.65,6.65,6.65
2023-11-15,Niedersachsen,03,00+,352,544,544,544,544,8003421,4.4,6.8,6.8,6.8,6.8
2023-11-14,Niedersachsen,03,00+,282,509,509,509,509,8003421,3.52,6.36,6.36,6.36,6.36
2023-11-13,Niedersachsen,03,00+,340,515,515,515,515,8003421,4.25,6.43,6.43,6.43,6.43
2023-11-12,Niedersachsen,03,00+,351,515,515,515,515,8003421,4.39,6.43,6.43,6.43,6.43
2023-11-11,Niedersachsen,03,00+,360,507,507,507,507,8003421,4.5,6.33,6.33,6.33,6.33
2023-11-10,Niedersachsen,03,00+,323,490,490,490,490,8003421,4.04,6.12,6.12,6.12,6.12
2023-11-09,Niedersachsen,03,00+,320,520,520,520,520,8003421,4,6.5,6.5,6.5,6.5
2023-11-08,Niedersachsen,03,00+,404,591,591,591,591,8003421,5.05,7.38,7.38,7.38,7.38
2023-11-07,Niedersachsen,03,00+,298,528,528,528,528,8003421,3.72,6.6,6.6,6.6,6.6
2023-11-06,Niedersachsen,03,00+,330,515,515,515,515,8003421,4.12,6.43,6.43,6.43,6.43
2023-11-05,Niedersachsen,03,00+,336,510,510,510,510,8003421,4.2,6.37,6.37,6.37,6.37
2023-11-04,Niedersachsen,03,00+,343,512,512,512,512,8003421,4.29,6.4,6.4,6.4,6.4
2023-11-03,Niedersachsen,03,00+,311,529,529,529,529,8003421,3.89,6.61,6.61,6.61,6.61
2023-11-02,Niedersachsen,03,00+,270,506,506,506,506,8003421,3.37,6.32,6.32,6.32,6.32
2023-11-01,Niedersachsen,03,00+,247,423,423,423,423,8003421,3.09,5.29,5.29,5.29,5.29
2023-10-31,Niedersachsen,03,00+,303,489,489,489,489,8003421,3.79,6.11,6.11,6.11,6.11
2023-10-30,Niedersachsen,03,00+,321,478,478,478,478,8003421,4.01,5.97,5.97,5.97,5.97
2023-10-29,Niedersachsen,03,00+,325,477,477,477,477,8003421,4.06,5.96,5.96,5.96,5.96
2023-10-28,Niedersachsen,03,00+,326,467,467,467,467,8003421,4.07,5.84,5.84,5.84,5.84
2023-10-27,Niedersachsen,03,00+,274,439,439,439,439,8003421,3.42,5.49,5.49,5.49,5.49
2023-10-26,Niedersachsen,03,00+,238,391,391,391,391,8003421,2.97,4.89,4.89,4.89,4.89
2023-10-25,Niedersachsen,03,00+,181,333,333,333,333,8003421,2.26,4.16,4.16,4.16,4.16
2023-10-24,Niedersachsen,03,00+,144,300,300,300,300,8003421,1.8,3.75,3.75,3.75,3.75
2023-10-23,Niedersachsen,03,00+,150,233,233,233,233,8003421,1.87,2.91,2.91,2.91,2.91
2023-10-22,Niedersachsen,03,00+,154,230,230,230,230,8003421,1.92,2.87,2.87,2.87,2.87
2023-10-21,Niedersachsen,03,00+,158,236,236,236,236,8003421,1.97,2.95,2.95,2.95,2.95
2023-10-20,Niedersachsen,03,00+,161,229,229,229,229,8003421,2.01,2.86,2.86,2.86,2.86
2023-10-19,Niedersachsen,03,00+,139,224,224,224,224,8003421,1.74,2.8,2.8,2.8,2.8
2023-10-18,Niedersachsen,03,00+,130,211,211,211,211,8003421,1.62,2.64,2.64,2.64,2.64
2023-10-17,Niedersachsen,03,00+,119,197,197,197,197,8003421,1.49,2.46,2.46,2.46,2.46
2023-10-16,Niedersachsen,03,00+,145,203,203,203,203,8003421,1.81,2.54,2.54,2.54,2.54
2023-10-15,Niedersachsen,03,00+,152,207,207,207,207,8003421,1.9,2.59,2.59,2.59,2.59
2023-10-14,Niedersachsen,03,00+,158,206,206,206,206,8003421,1.97,2.57,2.57,2.57,2.57
2023-10-13,Niedersachsen,03,00+,144,198,198,198,198,8003421,1.8,2.47,2.47,2.47,2.47
2023-10-12,Niedersachsen,03,00+,149,207,207,207,207,8003421,1.86,2.59,2.59,2.59,2.59
2023-10-11,Niedersachsen,03,00+,155,227,227,227,227,8003421,1.94,2.84,2.84,2.84,2.84
2023-10-10,Niedersachsen,03,00+,113,205,205,205,205,8003421,1.41,2.56,2.56,2.56,2.56
2023-10-09,Niedersachsen,03,00+,116,189,189,189,189,8003421,1.45,2.36,2.36,2.36,2.36
2023-10-08,Niedersachsen,03,00+,116,183,183,183,183,8003421,1.45,2.29,2.29,2.29,2.29
2023-10-07,Niedersachsen,03,00+,119,180,180,180,180,8003421,1.49,2.25,2.25,2.25,2.25
2023-10-06,Niedersachsen,03,00+,94,164,164,164,164,8003421,1.17,2.05,2.05,2.05,2.05
2023-10-05,Niedersachsen,03,00+,76,139,139,139,139,8003421,0.95,1.74,1.74,1.74,1.74
2023-10-04,Niedersachsen,03,00+,47,115,115,115,115,8003421,0.59,1.44,1.44,1.44,1.44
2023-10-03,Niedersachsen,03,00+,67,134,134,134,134,8003421,0.84,1.67,1.67,1.67,1.67
2023-10-02,Niedersachsen,03,00+,84,126,126,126,126,8003421,1.05,1.57,1.57,1.57,1.57
2023-10-01,Niedersachsen,03,00+,85,125,125,125,125,8003421,1.06,1.56,1.56,1.56,1.56
2023-09-30,Niedersachsen,03,00+,87,125,125,125,125,8003421,1.09,1.56,1.56,1.56,1.56
2023-09-29,Niedersachsen,03,00+,87,132,132,132,132,8003421,1.09,1.65,1.65,1.65,1.65
2023-09-28,Niedersachsen,03,00+,84,139,139,139,139,8003421,1.05,1.74,1.74,1.74,1.74
2023-09-27,Niedersachsen,03,00+,87,144,144,144,144,8003421,1.09,1.8,1.8,1.8,1.8
2023-09-26,Niedersachsen,03,00+,78,145,145,145,145,8003421,0.97,1.81,1.81,1.81,1.81
2023-09-25,Niedersachsen,03,00+,92,145,145,145,145,8003421,1.15,1.81,1.81,1.81,1.81
2023-09-24,Niedersachsen,03,00+,97,150,150,150,150,8003421,1.21,1.87,1.87,1.87,1.87
2023-09-23,Niedersachsen,03,00+,104,155,155,155,155,8003421,1.3,1.94,1.94,1.94,1.94
2023-09-22,Niedersachsen,03,00+,103,157,157,157,157,8003421,1.29,1.96,1.96,1.96,1.96
2023-09-21,Niedersachsen,03,00+,83,148,148,148,148,8003421,1.04,1.85,1.85,1.85,1.85
2023-09-20,Niedersachsen,03,00+,72,138,138,138,138,8003421,0.9,1.72,1.72,1.72,1.72
2023-09-19,Niedersachsen,03,00+,57,138,138,138,138,8003421,0.71,1.72,1.72,1.72,1.72
2023-09-18,Niedersachsen,03,00+,75,138,138,138,138,8003421,0.94,1.72,1.72,1.72,1.72
2023-09-17,Niedersachsen,03,00+,79,137,137,137,137,8003421,0.99,1.71,1.71,1.71,1.71
2023-09-16,Niedersachsen,03,00+,81,131,131,131,131,8003421,1.01,1.64,1.64,1.64,1.64
2023-09-15,Niedersachsen,03,00+,88,141,141,141,141,8003421,1.1,1.76,1.76,1.76,1.76
2023-09-14,Niedersachsen,03,00+,111,165,165,165,165,8003421,1.39,2.06,2.06,2.06,2.06
2023-09-13,Niedersachsen,03,00+,103,171,171,171,171,8003421,1.29,2.14,2.14,2.14,2.14
2023-09-12,Niedersachsen,03,00+,81,164,164,164,164,8003421,1.01,2.05,2.05,2.05,2.05
2023-09-11,Niedersachsen,03,00+,88,157,157,157,157,8003421,1.1,1.96,1.96,1.96,1.96
2023-09-10,Niedersachsen,03,00+,94,158,158,158,158,8003421,1.17,1.97,1.97,1.97,1.97
2023-09-09,Niedersachsen,03,00+,99,162,162,162,162,8003421,1.24,2.02,2.02,2.02,2.02
2023-09-08,Niedersachsen,03,00+,81,148,148,148,148,8003421,1.01,1.85,1.85,1.85,1.85
2023-09-07,Niedersachsen,03,00+,68,124,124,124,124,8003421,0.85,1.55,1.55,1.55,1.55
2023-09-06,Niedersachsen,03,00+,71,129,129,129,129,8003421,0.89,1.61,1.61,1.61,1.61
2023-09-05,Niedersachsen,03,00+,59,134,134,134,134,8003421,0.74,1.67,1.67,1.67,1.67
2023-09-04,Niedersachsen,03,00+,72,118,118,118,118,8003421,0.9,1.47,1.47,1.47,1.47
2023-09-03,Niedersachsen,03,00+,75,115,115,115,115,8003421,0.94,1.44,1.44,1.44,1.44
2023-09-02,Niedersachsen,03,00+,77,112,112,112,112,8003421,0.96,1.4,1.4,1.4,1.4
2023-09-01,Niedersachsen,03,00+,92,126,126,126,126,8003421,1.15,1.57,1.57,1.57,1.57
2023-08-31,Niedersachsen,03,00+,79,123,123,123,123,8003421,0.99,1.54,1.54,1.54,1.54
2023-08-30,Niedersachsen,03,00+,68,117,117,117,117,8003421,0.85,1.46,1.46,1.46,1.46
2023-08-29,Niedersachsen,03,00+,86,125,125,125,125,8003421,1.07,1.56,1.56,1.56,1.56
2023-08-28,Niedersachsen,03,00+,0,134,134,134,134,8003421,0,1.67,1.67,1.67,1.67
2023-08-27,Niedersachsen,03,00+,0,134,134,134,134,8003421,0,1.67,1.67,1.67,1.67
2023-08-26,Niedersachsen,03,00+,0,134,134,134,134,8003421,0,1.67,1.67,1.67,1.67
2023-08-25,Niedersachsen,03,00+,0,114,114,114,114,8003421,0,1.42,1.42,1.42,1.42
2023-08-24,Niedersachsen,03,00+,70,109,109,109,109,8003421,0.87,1.36,1.36,1.36,1.36
2023-08-23,Niedersachsen,03,00+,45,100,100,100,100,8003421,0.56,1.25,1.25,1.25,1.25
2023-08-22,Niedersachsen,03,00+,43,82,82,82,82,8003421,0.54,1.02,1.02,1.02,1.02
2023-08-21,Niedersachsen,03,00+,40,65,65,65,65,8003421,0.5,0.81,0.81,0.81,0.81
2023-08-20,Niedersachsen,03,00+,41,64,64,64,64,8003421,0.51,0.8,0.8,0.8,0.8
2023-08-19,Niedersachsen,03,00+,43,63,63,63,63,8003421,0.54,0.79,0.79,0.79,0.79
2023-08-18,Niedersachsen,03,00+,39,60,60,60,60,8003421,0.49,0.75,0.75,0.75,0.75
2023-08-17,Niedersachsen,03,00+,35,60,60,60,60,8003421,0.44,0.75,0.75,0.75,0.75
2023-08-16,Niedersachsen,03,00+,33,60,60,60,60,8003421,0.41,0.75,0.75,0.75,0.75
2023-08-15,Niedersachsen,03,00+,33,60,60,60,60,8003421,0.41,0.75,0.75,0.75,0.75
2023-08-14,Niedersachsen,03,00+,43,57,57,57,57,8003421,0.54,0.71,0.71,0.71,0.71
2023-08-13,Niedersachsen,03,00+,44,56,56,56,56,8003421,0.55,0.7,0.7,0.7,0.7
2023-08-12,Niedersachsen,03,00+,46,56,56,56,56,8003421,0.57,0.7,0.7,0.7,0.7
2023-08-11,Niedersachsen,03,00+,36,54,54,54,54,8003421,0.45,0.67,0.67,0.67,0.67
2023-08-10,Niedersachsen,03,00+,30,48,48,48,48,8003421,0.37,0.6,0.6,0.6,0.6
2023-08-09,Niedersachsen,03,00+,21,43,43,43,43,8003421,0.26,0.54,0.54,0.54,0.54
2023-08-08,Niedersachsen,03,00+,26,43,43,43,43,8003421,0.32,0.54,0.54,0.54,0.54
2023-08-07,Niedersachsen,03,00+,30,45,45,45,45,8003421,0.37,0.56,0.56,0.56,0.56
2023-08-06,Niedersachsen,03,00+,33,46,46,46,46,8003421,0.41,0.57,0.57,0.57,0.57
2023-08-05,Niedersachsen,03,00+,39,50,50,50,50,8003421,0.49,0.62,0.62,0.62,0.62
2023-08-04,Niedersachsen,03,00+,29,44,44,44,44,8003421,0.36,0.55,0.55,0.55,0.55
2023-08-03,Niedersachsen,03,00+,23,43,43,43,43,8003421,0.29,0.54,0.54,0.54,0.54
2023-08-02,Niedersachsen,03,00+,10,38,38,38,38,8003421,0.12,0.47,0.47,0.47,0.47
2023-08-01,Niedersachsen,03,00+,12,32,32,32,32,8003421,0.15,0.4,0.4,0.4,0.4
2023-07-31,Niedersachsen,03,00+,13,23,23,23,23,8003421,0.16,0.29,0.29,0.29,0.29
2023-07-30,Niedersachsen,03,00+,13,21,21,21,21,8003421,0.16,0.26,0.26,0.26,0.26
2023-07-29,Niedersachsen,03,00+,14,17,17,17,17,8003421,0.17,0.21,0.21,0.21,0.21
2023-07-28,Niedersachsen,03,00+,14,20,20,20,20,8003421,0.17,0.25,0.25,0.25,0.25
2023-07-27,Niedersachsen,03,00+,15,23,23,23,23,8003421,0.19,0.29,0.29,0.29,0.29
2023-07-26,Niedersachsen,03,00+,11,23,23,23,23,8003421,0.14,0.29,0.29,0.29,0.29
2023-07-25,Niedersachsen,03,00+,10,19,19,19,19,8003421,0.12,0.24,0.24,0.24,0.24
2023-07-24,Niedersachsen,03,00+,11,18,18,18,18,8003421,0.14,0.22,0.22,0.22,0.22
2023-07-23,Niedersachsen,03,00+,11,18,18,18,18,8003421,0.14,0.22,0.22,0.22,0.22
2023-07-22,Niedersachsen,03,00+,12,17,17,17,17,8003421,0.15,0.21,0.21,0.21,0.21
2023-07-21,Niedersachsen,03,00+,13,19,19,19,19,8003421,0.16,0.24,0.24,0.24,0.24
2023-07-20,Niedersachsen,03,00+,11,16,16,16,16,8003421,0.14,0.2,0.2,0.2,0.2
2023-07-19,Niedersachsen,03,00+,14,18,18,18,18,8003421,0.17,0.22,0.22,0.22,0.22
2023-07-18,Niedersachsen,03,00+,15,21,21,21,21,8003421,0.19,0.26,0.26,0.26,0.26
2023-07-17,Niedersachsen,03,00+,18,23,23,23,23,8003421,0.22,0.29,0.29,0.29,0.29
2023-07-16,Niedersachsen,03,00+,18,23,23,23,23,8003421,0.22,0.29,0.29,0.29,0.29
2023-07-15,Niedersachsen,03,00+,18,22,22,22,22,8003421,0.22,0.27,0.27,0.27,0.27
2023-07-14,Niedersachsen,03,00+,10,17,17,17,17,8003421,0.12,0.21,0.21,0.21,0.21
2023-07-13,Niedersachsen,03,00+,10,17,17,17,17,8003421,0.12,0.21,0.21,0.21,0.21
2023-07-12,Niedersachsen,03,00+,12,20,20,20,20,8003421,0.15,0.25,0.25,0.25,0.25
2023-07-11,Niedersachsen,03,00+,10,18,18,18,18,8003421,0.12,0.22,0.22,0.22,0.22
2023-07-10,Niedersachsen,03,00+,12,16,16,16,16,8003421,0.15,0.2,0.2,0.2,0.2
2023-07-09,Niedersachsen,03,00+,12,16,16,16,16,8003421,0.15,0.2,0.2,0.2,0.2
2023-07-08,Niedersachsen,03,00+,12,16,16,16,16,8003421,0.15,0.2,0.2,0.2,0.2
2023-07-07,Niedersachsen,03,00+,13,19,19,19,19,8003421,0.16,0.24,0.24,0.24,0.24
2023-07-06,Niedersachsen,03,00+,12,21,21,21,21,8003421,0.15,0.26,0.26,0.26,0.26
2023-07-05,Niedersachsen,03,00+,14,20,20,20,20,8003421,0.17,0.25,0.25,0.25,0.25
2023-07-04,Niedersachsen,03,00+,15,22,22,22,22,8003421,0.19,0.27,0.27,0.27,0.27
2023-07-03,Niedersachsen,03,00+,18,23,23,23,23,8003421,0.22,0.29,0.29,0.29,0.29
2023-07-02,Niedersachsen,03,00+,18,24,24,24,24,8003421,0.22,0.3,0.3,0.3,0.3
2023-07-01,Niedersachsen,03,00+,18,24,24,24,24,8003421,0.22,0.3,0.3,0.3,0.3
2023-06-30,Niedersachsen,03,00+,17,23,23,23,23,8003421,0.21,0.29,0.29,0.29,0.29
2023-06-29,Niedersachsen,03,00+,16,22,22,22,22,8003421,0.2,0.27,0.27,0.27,0.27
2023-06-28,Niedersachsen,03,00+,15,24,24,24,24,8003421,0.19,0.3,0.3,0.3,0.3
2023-06-27,Niedersachsen,03,00+,17,25,25,25,25,8003421,0.21,0.31,0.31,0.31,0.31
2023-06-26,Niedersachsen,03,00+,15,27,27,27,27,8003421,0.19,0.34,0.34,0.34,0.34
2023-06-25,Niedersachsen,03,00+,15,26,26,26,26,8003421,0.19,0.32,0.32,0.32,0.32
2023-06-24,Niedersachsen,03,00+,15,26,26,26,26,8003421,0.19,0.32,0.32,0.32,0.32
2023-06-23,Niedersachsen,03,00+,16,28,28,28,28,8003421,0.2,0.35,0.35,0.35,0.35
2023-06-22,Niedersachsen,03,00+,22,33,33,33,33,8003421,0.27,0.41,0.41,0.41,0.41
2023-06-21,Niedersachsen,03,00+,19,30,30,30,30,8003421,0.24,0.37,0.37,0.37,0.37
2023-06-20,Niedersachsen,03,00+,17,29,29,29,29,8003421,0.21,0.36,0.36,0.36,0.36
2023-06-19,Niedersachsen,03,00+,24,36,36,36,36,8003421,0.3,0.45,0.45,0.45,0.45
2023-06-18,Niedersachsen,03,00+,25,40,40,40,40,8003421,0.31,0.5,0.5,0.5,0.5
2023-06-17,Niedersachsen,03,00+,25,40,40,40,40,8003421,0.31,0.5,0.5,0.5,0.5
2023-06-16,Niedersachsen,03,00+,22,41,41,41,41,8003421,0.27,0.51,0.51,0.51,0.51
2023-06-15,Niedersachsen,03,00+,21,36,36,36,36,8003421,0.26,0.45,0.45,0.45,0.45
2023-06-14,Niedersachsen,03,00+,25,42,42,42,42,8003421,0.31,0.52,0.52,0.52,0.52
2023-06-13,Niedersachsen,03,00+,34,58,58,58,58,8003421,0.42,0.72,0.72,0.72,0.72
2023-06-12,Niedersachsen,03,00+,55,77,77,77,77,8003421,0.69,0.96,0.96,0.96,0.96
2023-06-11,Niedersachsen,03,00+,56,74,74,74,74,8003421,0.7,0.92,0.92,0.92,0.92
2023-06-10,Niedersachsen,03,00+,58,76,76,76,76,8003421,0.72,0.95,0.95,0.95,0.95
2023-06-09,Niedersachsen,03,00+,55,76,76,76,76,8003421,0.69,0.95,0.95,0.95,0.95
2023-06-08,Niedersachsen,03,00+,51,82,82,82,82,8003421,0.64,1.02,1.02,1.02,1.02
2023-06-07,Niedersachsen,03,00+,39,81,81,81,81,8003421,0.49,1.01,1.01,1.01,1.01
2023-06-06,Niedersachsen,03,00+,42,87,87,87,87,8003421,0.52,1.09,1.09,1.09,1.09
2023-06-05,Niedersachsen,03,00+,34,55,55,55,55,8003421,0.42,0.69,0.69,0.69,0.69
2023-06-04,Niedersachsen,03,00+,35,56,56,56,56,8003421,0.44,0.7,0.7,0.7,0.7
2023-06-03,Niedersachsen,03,00+,38,57,57,57,57,8003421,0.47,0.71,0.71,0.71,0.71
2023-06-02,Niedersachsen,03,00+,44,69,69,69,69,8003421,0.55,0.86,0.86,0.86,0.86
2023-06-01,Niedersachsen,03,00+,42,68,68,68,68,8003421,0.52,0.85,0.85,0.85,0.85
2023-05-31,Niedersachsen,03,00+,37,71,71,71,71,8003421,0.46,0.89,0.89,0.89,0.89
2023-05-30,Niedersachsen,03,00+,36,65,65,65,65,8003421,0.45,0.81,0.81,0.81,0.81
2023-05-29,Niedersachsen,03,00+,91,124,124,124,124,8003421,1.14,1.55,1.55,1.55,1.55
2023-05-28,Niedersachsen,03,00+,91,122,122,122,122,8003421,1.14,1.52,1.52,1.52,1.52
2023-05-27,Niedersachsen,03,00+,96,125,125,125,125,8003421,1.2,1.56,1.56,1.56,1.56
2023-05-26,Niedersachsen,03,00+,102,132,132,132,132,8003421,1.27,1.65,1.65,1.65,1.65
2023-05-25,Niedersachsen,03,00+,86,124,124,124,124,8003421,1.07,1.55,1.55,1.55,1.55
2023-05-24,Niedersachsen,03,00+,91,137,137,137,137,8003421,1.14,1.71,1.71,1.71,1.71
2023-05-23,Niedersachsen,03,00+,55,144,144,144,144,8003421,0.69,1.8,1.8,1.8,1.8
2023-05-22,Niedersachsen,03,00+,96,135,135,135,135,8003421,1.2,1.69,1.69,1.69,1.69
2023-05-21,Niedersachsen,03,00+,98,137,137,137,137,8003421,1.22,1.71,1.71,1.71,1.71
2023-05-20,Niedersachsen,03,00+,104,139,139,139,139,8003421,1.3,1.74,1.74,1.74,1.74
2023-05-19,Niedersachsen,03,00+,106,144,144,144,144,8003421,1.32,1.8,1.8,1.8,1.8
2023-05-18,Niedersachsen,03,00+,124,162,162,162,162,8003421,1.55,2.02,2.02,2.02,2.02
2023-05-17,Niedersachsen,03,00+,129,175,175,175,175,8003421,1.61,2.19,2.19,2.19,2.19
2023-05-16,Niedersachsen,03,00+,127,191,191,191,191,8003421,1.59,2.39,2.39,2.39,2.39
2023-05-15,Niedersachsen,03,00+,145,199,199,199,199,8003421,1.81,2.49,2.49,2.49,2.49
2023-05-14,Niedersachsen,03,00+,151,203,203,203,203,8003421,1.89,2.54,2.54,2.54,2.54
2023-05-13,Niedersachsen,03,00+,157,201,201,201,201,8003421,1.96,2.51,2.51,2.51,2.51
2023-05-12,Niedersachsen,03,00+,150,205,205,205,205,8003421,1.87,2.56,2.56,2.56,2.56
2023-05-11,Niedersachsen,03,00+,133,223,223,223,223,8003421,1.66,2.79,2.79,2.79,2.79
2023-05-10,Niedersachsen,03,00+,125,216,216,216,216,8003421,1.56,2.7,2.7,2.7,2.7
2023-05-09,Niedersachsen,03,00+,168,282,282,282,282,8003421,2.1,3.52,3.52,3.52,3.52
2023-05-08,Niedersachsen,03,00+,136,230,230,230,230,8003421,1.7,2.87,2.87,2.87,2.87
2023-05-07,Niedersachsen,03,00+,141,229,229,229,229,8003421,1.76,2.86,2.86,2.86,2.86
2023-05-06,Niedersachsen,03,00+,147,229,229,229,229,8003421,1.84,2.86,2.86,2.86,2.86
2023-05-05,Niedersachsen,03,00+,132,219,219,219,219,8003421,1.65,2.74,2.74,2.74,2.74
2023-05-04,Niedersachsen,03,00+,116,208,208,208,208,8003421,1.45,2.6,2.6,2.6,2.6
2023-05-03,Niedersachsen,03,00+,70,202,202,202,202,8003421,0.87,2.52,2.52,2.52,2.52
2023-05-02,Niedersachsen,03,00+,83,135,135,135,135,8003421,1.04,1.69,1.69,1.69,1.69
2023-05-01,Niedersachsen,03,00+,140,195,195,195,195,8003421,1.75,2.44,2.44,2.44,2.44
2023-04-30,Niedersachsen,03,00+,148,200,200,200,200,8003421,1.85,2.5,2.5,2.5,2.5
2023-04-29,Niedersachsen,03,00+,155,201,201,201,201,8003421,1.94,2.51,2.51,2.51,2.51
2023-04-28,Niedersachsen,03,00+,167,214,214,214,214,8003421,2.09,2.67,2.67,2.67,2.67
2023-04-27,Niedersachsen,03,00+,157,228,228,228,228,8003421,1.96,2.85,2.85,2.85,2.85
2023-04-26,Niedersachsen,03,00+,149,245,245,245,245,8003421,1.86,3.06,3.06,3.06,3.06
2023-04-25,Niedersachsen,03,00+,143,264,264,264,264,8003421,1.79,3.3,3.3,3.3,3.3
2023-04-24,Niedersachsen,03,00+,203,290,290,290,290,8003421,2.54,3.62,3.62,3.62,3.62
2023-04-23,Niedersachsen,03,00+,213,292,292,292,292,8003421,2.66,3.65,3.65,3.65,3.65
2023-04-22,Niedersachsen,03,00+,218,291,291,291,291,8003421,2.72,3.64,3.64,3.64,3.64
2023-04-21,Niedersachsen,03,00+,202,299,299,299,299,8003421,2.52,3.74,3.74,3.74,3.74
2023-04-20,Niedersachsen,03,00+,210,324,324,324,324,8003421,2.62,4.05,4.05,4.05,4.05
2023-04-19,Niedersachsen,03,00+,227,363,363,363,363,8003421,2.84,4.54,4.54,4.54,4.54
2023-04-18,Niedersachsen,03,00+,235,407,407,407,407,8003421,2.94,5.09,5.09,5.09,5.09
2023-04-17,Niedersachsen,03,00+,220,340,340,340,340,8003421,2.75,4.25,4.25,4.25,4.25
2023-04-16,Niedersachsen,03,00+,228,337,337,337,337,8003421,2.85,4.21,4.21,4.21,4.21
2023-04-15,Niedersachsen,03,00+,243,352,352,352,352,8003421,3.04,4.4,4.4,4.4,4.4
2023-04-14,Niedersachsen,03,00+,222,315,315,315,315,8003421,2.77,3.94,3.94,3.94,3.94
2023-04-13,Niedersachsen,03,00+,185,294,294,294,294,8003421,2.31,3.67,3.67,3.67,3.67
2023-04-12,Niedersachsen,03,00+,130,256,256,256,256,8003421,1.62,3.2,3.2,3.2,3.2
2023-04-11,Niedersachsen,03,00+,85,229,229,229,229,8003421,1.06,2.86,2.86,2.86,2.86
2023-04-10,Niedersachsen,03,00+,167,311,311,311,311,8003421,2.09,3.89,3.89,3.89,3.89
2023-04-09,Niedersachsen,03,00+,178,316,316,316,316,8003421,2.22,3.95,3.95,3.95,3.95
2023-04-08,Niedersachsen,03,00+,190,314,314,314,314,8003421,2.37,3.92,3.92,3.92,3.92
2023-04-07,Niedersachsen,03,00+,237,364,364,364,364,8003421,2.96,4.55,4.55,4.55,4.55
2023-04-06,Niedersachsen,03,00+,240,371,371,371,371,8003421,3,4.64,4.64,4.64,4.64
2023-04-05,Niedersachsen,03,00+,252,391,391,391,391,8003421,3.15,4.89,4.89,4.89,4.89
2023-04-04,Niedersachsen,03,00+,244,383,383,383,383,8003421,3.05,4.79,4.79,4.79,4.79
2023-04-03,Niedersachsen,03,00+,279,406,406,406,406,8003421,3.49,5.07,5.07,5.07,5.07
2023-04-02,Niedersachsen,03,00+,298,417,417,417,417,8003421,3.72,5.21,5.21,5.21,5.21
2023-04-01,Niedersachsen,03,00+,312,413,413,413,413,8003421,3.9,5.16,5.16,5.16,5.16
2023-03-31,Niedersachsen,03,00+,315,424,424,424,424,8003421,3.94,5.3,5.3,5.3,5.3
2023-03-30,Niedersachsen,03,00+,343,449,449,449,449,8003421,4.29,5.61,5.61,5.61,5.61
2023-03-29,Niedersachsen,03,00+,357,473,473,473,473,8003421,4.46,5.91,5.91,5.91,5.91
2023-03-28,Niedersachsen,03,00+,343,511,511,511,511,8003421,4.29,6.38,6.38,6.38,6.38
2023-03-27,Niedersachsen,03,00+,363,552,552,552,552,8003421,4.54,6.9,6.9,6.9,6.9
2023-03-26,Niedersachsen,03,00+,388,556,556,556,556,8003421,4.85,6.95,6.95,6.95,6.95
2023-03-25,Niedersachsen,03,00+,413,569,569,569,569,8003421,5.16,7.11,7.11,7.11,7.11
2023-03-24,Niedersachsen,03,00+,427,597,597,597,597,8003421,5.34,7.46,7.46,7.46,7.46
2023-03-23,Niedersachsen,03,00+,468,627,627,627,627,8003421,5.85,7.83,7.83,7.83,7.83
2023-03-22,Niedersachsen,03,00+,458,630,630,630,630,8003421,5.72,7.87,7.87,7.87,7.87
2023-03-21,Niedersachsen,03,00+,471,647,647,647,647,8003421,5.88,8.08,8.08,8.08,8.08
2023-03-20,Niedersachsen,03,00+,468,653,653,653,653,8003421,5.85,8.16,8.16,8.16,8.16
2023-03-19,Niedersachsen,03,00+,491,649,649,649,649,8003421,6.13,8.11,8.11,8.11,8.11
2023-03-18,Niedersachsen,03,00+,519,650,650,650,650,8003421,6.48,8.12,8.12,8.12,8.12
2023-03-17,Niedersachsen,03,00+,489,626,626,626,626,8003421,6.11,7.82,7.82,7.82,7.82
2023-03-16,Niedersachsen,03,00+,443,591,591,591,591,8003421,5.54,7.38,7.38,7.38,7.38
2023-03-15,Niedersachsen,03,00+,415,566,566,566,566,8003421,5.19,7.07,7.07,7.07,7.07
2023-03-14,Niedersachsen,03,00+,362,520,520,520,520,8003421,4.52,6.5,6.5,6.5,6.5
2023-03-13,Niedersachsen,03,00+,284,465,465,465,465,8003421,3.55,5.81,5.81,5.81,5.81
2023-03-12,Niedersachsen,03,00+,300,458,458,458,458,8003421,3.75,5.72,5.72,5.72,5.72
2023-03-11,Niedersachsen,03,00+,324,455,455,455,455,8003421,4.05,5.69,5.69,5.69,5.69
2023-03-10,Niedersachsen,03,00+,328,432,432,432,432,8003421,4.1,5.4,5.4,5.4,5.4
2023-03-09,Niedersachsen,03,00+,319,417,417,417,417,8003421,3.99,5.21,5.21,5.21,5.21
2023-03-08,Niedersachsen,03,00+,313,417,417,417,417,8003421,3.91,5.21,5.21,5.21,5.21
2023-03-07,Niedersachsen,03,00+,294,421,421,421,421,8003421,3.67,5.26,5.26,5.26,5.26
2023-03-06,Niedersachsen,03,00+,275,415,415,415,415,8003421,3.44,5.19,5.19,5.19,5.19
2023-03-05,Niedersachsen,03,00+,290,411,411,411,411,8003421,3.62,5.14,5.14,5.14,5.14
2023-03-04,Niedersachsen,03,00+,303,398,398,398,398,8003421,3.79,4.97,4.97,4.97,4.97
2023-03-03,Niedersachsen,03,00+,312,414,414,414,414,8003421,3.9,5.17,5.17,5.17,5.17
2023-03-02,Niedersachsen,03,00+,323,438,438,438,438,8003421,4.04,5.47,5.47,5.47,5.47
2023-03-01,Niedersachsen,03,00+,353,477,477,477,477,8003421,4.41,5.96,5.96,5.96,5.96
2023-02-28,Niedersachsen,03,00+,352,494,494,494,494,8003421,4.4,6.17,6.17,6.17,6.17
2023-02-27,Niedersachsen,03,00+,359,518,518,518,518,8003421,4.49,6.47,6.47,6.47,6.47
2023-02-26,Niedersachsen,03,00+,372,522,522,522,522,8003421,4.65,6.52,6.52,6.52,6.52
2023-02-25,Niedersachsen,03,00+,394,534,534,534,534,8003421,4.92,6.67,6.67,6.67,6.67
2023-02-24,Niedersachsen,03,00+,418,554,554,554,554,8003421,5.22,6.92,6.92,6.92,6.92
2023-02-23,Niedersachsen,03,00+,377,549,549,549,549,8003421,4.71,6.86,6.86,6.86,6.86
2023-02-22,Niedersachsen,03,00+,362,521,521,521,521,8003421,4.52,6.51,6.51,6.51,6.51
2023-02-21,Niedersachsen,03,00+,378,522,522,522,522,8003421,4.72,6.52,6.52,6.52,6.52
2023-02-20,Niedersachsen,03,00+,374,519,519,519,519,8003421,4.67,6.48,6.48,6.48,6.48
2023-02-19,Niedersachsen,03,00+,387,516,516,516,516,8003421,4.84,6.45,6.45,6.45,6.45
2023-02-18,Niedersachsen,03,00+,401,507,507,507,507,8003421,5.01,6.33,6.33,6.33,6.33
2023-02-17,Niedersachsen,03,00+,366,466,466,466,466,8003421,4.57,5.82,5.82,5.82,5.82
2023-02-16,Niedersachsen,03,00+,319,457,457,457,457,8003421,3.99,5.71,5.71,5.71,5.71
2023-02-15,Niedersachsen,03,00+,313,461,461,461,461,8003421,3.91,5.76,5.76,5.76,5.76
2023-02-14,Niedersachsen,03,00+,317,425,425,425,425,8003421,3.96,5.31,5.31,5.31,5.31
2023-02-13,Niedersachsen,03,00+,268,381,381,381,381,8003421,3.35,4.76,4.76,4.76,4.76
2023-02-12,Niedersachsen,03,00+,285,385,385,385,385,8003421,3.56,4.81,4.81,4.81,4.81
2023-02-11,Niedersachsen,03,00+,293,382,382,382,382,8003421,3.66,4.77,4.77,4.77,4.77
2023-02-10,Niedersachsen,03,00+,291,397,397,397,397,8003421,3.64,4.96,4.96,4.96,4.96
2023-02-09,Niedersachsen,03,00+,280,393,393,393,393,8003421,3.5,4.91,4.91,4.91,4.91
2023-02-08,Niedersachsen,03,00+,273,389,389,389,389,8003421,3.41,4.86,4.86,4.86,4.86
2023-02-07,Niedersachsen,03,00+,278,387,387,387,387,8003421,3.47,4.84,4.84,4.84,4.84
2023-02-06,Niedersachsen,03,00+,272,396,396,396,396,8003421,3.4,4.95,4.95,4.95,4.95
2023-02-05,Niedersachsen,03,00+,296,401,401,401,401,8003421,3.7,5.01,5.01,5.01,5.01
2023-02-04,Niedersachsen,03,00+,307,400,400,400,400,8003421,3.84,5,5,5,5
2023-02-03,Niedersachsen,03,00+,293,388,388,388,388,8003421,3.66,4.85,4.85,4.85,4.85
2023-02-02,Niedersachsen,03,00+,297,390,390,390,390,8003421,3.71,4.87,4.87,4.87,4.87
2023-02-01,Niedersachsen,03,00+,280,370,370,370,370,8003421,3.5,4.62,4.62,4.62,4.62
2023-01-31,Niedersachsen,03,00+,259,374,374,374,374,8003421,3.24,4.67,4.67,4.67,4.67
2023-01-30,Niedersachsen,03,00+,235,345,345,345,345,8003421,2.94,4.31,4.31,4.31,4.31
2023-01-29,Niedersachsen,03,00+,254,341,341,341,341,8003421,3.17,4.26,4.26,4.26,4.26
2023-01-28,Niedersachsen,03,00+,259,335,335,335,335,8003421,3.24,4.19,4.19,4.19,4.19
2023-01-27,Niedersachsen,03,00+,240,319,319,319,319,8003421,3,3.99,3.99,3.99,3.99
2023-01-26,Niedersachsen,03,00+,228,308,308,308,308,8003421,2.85,3.85,3.85,3.85,3.85
2023-01-25,Niedersachsen,03,00+,233,312,312,312,312,8003421,2.91,3.9,3.9,3.9,3.9
2023-01-24,Niedersachsen,03,00+,237,304,304,304,304,8003421,2.96,3.8,3.8,3.8,3.8
2023-01-23,Niedersachsen,03,00+,222,315,315,315,315,8003421,2.77,3.94,3.94,3.94,3.94
2023-01-22,Niedersachsen,03,00+,232,307,307,307,307,8003421,2.9,3.84,3.84,3.84,3.84
2023-01-21,Niedersachsen,03,00+,250,320,320,320,320,8003421,3.12,4,4,4,4
2023-01-20,Niedersachsen,03,00+,247,329,329,329,329,8003421,3.09,4.11,4.11,4.11,4.11
2023-01-19,Niedersachsen,03,00+,262,341,341,341,341,8003421,3.27,4.26,4.26,4.26,4.26
2023-01-18,Niedersachsen,03,00+,277,349,349,349,349,8003421,3.46,4.36,4.36,4.36,4.36
2023-01-17,Niedersachsen,03,00+,293,380,380,380,380,8003421,3.66,4.75,4.75,4.75,4.75
2023-01-16,Niedersachsen,03,00+,321,438,438,438,438,8003421,4.01,5.47,5.47,5.47,5.47
2023-01-15,Niedersachsen,03,00+,332,439,439,439,439,8003421,4.15,5.49,5.49,5.49,5.49
2023-01-14,Niedersachsen,03,00+,339,427,427,427,427,8003421,4.24,5.34,5.34,5.34,5.34
2023-01-13,Niedersachsen,03,00+,339,448,448,448,448,8003421,4.24,5.6,5.6,5.6,5.6
2023-01-12,Niedersachsen,03,00+,357,475,475,475,475,8003421,4.46,5.93,5.93,5.93,5.93
2023-01-11,Niedersachsen,03,00+,361,509,509,509,509,8003421,4.51,6.36,6.36,6.36,6.36
2023-01-10,Niedersachsen,03,00+,382,546,546,546,546,8003421,4.77,6.82,6.82,6.82,6.82
2023-01-09,Niedersachsen,03,00+,407,598,598,598,598,8003421,5.09,7.47,7.47,7.47,7.47
2023-01-08,Niedersachsen,03,00+,432,614,614,614,614,8003421,5.4,7.67,7.67,7.67,7.67
2023-01-07,Niedersachsen,03,00+,447,0,0,0,0,8003421,5.59,0,0,0,0
2023-01-06,Niedersachsen,03,00+,489,0,0,0,0,8003421,6.11,0,0,0,0
2023-01-05,Niedersachsen,03,00+,500,0,0,0,0,8003421,6.25,0,0,0,0
2023-01-04,Niedersachsen,03,00+,537,0,0,0,0,8003421,6.71,0,0,0,0
2023-01-03,Niedersachsen,03,00+,575,0,0,0,0,8003421,7.18,0,0,0,0
2023-01-02,Niedersachsen,03,00+,379,0,0,0,0,8003421,4.74,0,0,0,0
2024-04-19,Bremen,04,00+,0,0,NA,NA,NA,680130,0,0,NA,NA,NA
2024-04-18,Bremen,04,00+,0,0,NA,NA,NA,680130,0,0,NA,NA,NA
2024-04-17,Bremen,04,00+,1,1,NA,NA,NA,680130,0.15,0.15,NA,NA,NA
2024-04-16,Bremen,04,00+,1,1,1,1,1,680130,0.15,0.15,0.17,0.15,0.22
2024-04-15,Bremen,04,00+,3,3,3,3,4,680130,0.44,0.44,0.49,0.45,0.59
2024-04-14,Bremen,04,00+,3,3,3,3,4,680130,0.44,0.44,0.49,0.45,0.59
2024-04-13,Bremen,04,00+,3,3,3,3,4,680130,0.44,0.44,0.49,0.45,0.59
2024-04-12,Bremen,04,00+,4,4,4,4,5,680130,0.59,0.59,0.65,0.6,0.79
2024-04-11,Bremen,04,00+,9,10,10,10,12,680130,1.32,1.47,1.59,1.49,1.84
2024-04-10,Bremen,04,00+,9,9,9,9,11,680130,1.32,1.32,1.42,1.34,1.62
2024-04-09,Bremen,04,00+,9,9,9,9,11,680130,1.32,1.32,1.42,1.34,1.62
2024-04-08,Bremen,04,00+,8,8,8,8,9,680130,1.18,1.18,1.26,1.19,1.42
2024-04-07,Bremen,04,00+,8,8,8,8,9,680130,1.18,1.18,1.26,1.19,1.42
2024-04-06,Bremen,04,00+,8,8,8,8,9,680130,1.18,1.18,1.26,1.19,1.42
2024-04-05,Bremen,04,00+,2,7,7,7,8,680130,0.29,1.03,1.09,1.04,1.22
2024-04-04,Bremen,04,00+,1,1,1,1,1,680130,0.15,0.15,0.15,0.15,0.17
2024-04-03,Bremen,04,00+,2,2,2,2,2,680130,0.29,0.29,0.31,0.29,0.33
2024-04-02,Bremen,04,00+,1,2,2,2,2,680130,0.15,0.29,0.31,0.29,0.33
2024-04-01,Bremen,04,00+,3,3,3,3,3,680130,0.44,0.44,0.45,0.44,0.48
2024-03-31,Bremen,04,00+,3,3,3,3,3,680130,0.44,0.44,0.45,0.44,0.48
2024-03-30,Bremen,04,00+,3,3,3,3,3,680130,0.44,0.44,0.45,0.44,0.48
2024-03-29,Bremen,04,00+,3,3,3,3,3,680130,0.44,0.44,0.45,0.44,0.48
2024-03-28,Bremen,04,00+,2,3,3,3,3,680130,0.29,0.44,0.45,0.44,0.48
2024-03-27,Bremen,04,00+,2,2,2,2,2,680130,0.29,0.29,0.3,0.29,0.32
2024-03-26,Bremen,04,00+,2,4,4,4,4,680130,0.29,0.59,0.6,0.59,0.62
2024-03-25,Bremen,04,00+,2,2,2,2,2,680130,0.29,0.29,0.3,0.29,0.3
2024-03-24,Bremen,04,00+,3,3,3,3,3,680130,0.44,0.44,0.44,0.44,0.45
2024-03-23,Bremen,04,00+,3,3,3,3,3,680130,0.44,0.44,0.44,0.44,0.45
2024-03-22,Bremen,04,00+,3,3,3,3,3,680130,0.44,0.44,0.44,0.44,0.45
2024-03-21,Bremen,04,00+,4,4,4,4,4,680130,0.59,0.59,0.59,0.59,0.6
2024-03-20,Bremen,04,00+,5,5,5,5,5,680130,0.74,0.74,0.74,0.74,0.74
2024-03-19,Bremen,04,00+,4,4,4,4,4,680130,0.59,0.59,0.59,0.59,0.59
2024-03-18,Bremen,04,00+,4,4,4,4,4,680130,0.59,0.59,0.59,0.59,0.59
2024-03-17,Bremen,04,00+,4,3,3,3,3,680130,0.59,0.44,0.44,0.44,0.44
2024-03-16,Bremen,04,00+,4,3,3,3,3,680130,0.59,0.44,0.44,0.44,0.44
2024-03-15,Bremen,04,00+,3,3,3,3,3,680130,0.44,0.44,0.44,0.44,0.44
2024-03-14,Bremen,04,00+,2,2,2,2,2,680130,0.29,0.29,0.29,0.29,0.29
2024-03-13,Bremen,04,00+,4,3,3,3,3,680130,0.59,0.44,0.44,0.44,0.44
2024-03-12,Bremen,04,00+,3,2,2,2,2,680130,0.44,0.29,0.29,0.29,0.29
2024-03-11,Bremen,04,00+,3,3,3,3,3,680130,0.44,0.44,0.44,0.44,0.44
2024-03-10,Bremen,04,00+,3,3,3,3,3,680130,0.44,0.44,0.44,0.44,0.44
2024-03-09,Bremen,04,00+,3,3,3,3,3,680130,0.44,0.44,0.44,0.44,0.44
2024-03-08,Bremen,04,00+,3,3,3,3,3,680130,0.44,0.44,0.44,0.44,0.44
2024-03-07,Bremen,04,00+,4,4,4,4,4,680130,0.59,0.59,0.59,0.59,0.59
2024-03-06,Bremen,04,00+,3,3,3,3,3,680130,0.44,0.44,0.44,0.44,0.44
2024-03-05,Bremen,04,00+,4,4,4,4,4,680130,0.59,0.59,0.59,0.59,0.59
2024-03-04,Bremen,04,00+,8,8,8,8,8,680130,1.18,1.18,1.18,1.18,1.18
2024-03-03,Bremen,04,00+,8,8,8,8,8,680130,1.18,1.18,1.18,1.18,1.18
2024-03-02,Bremen,04,00+,8,8,8,8,8,680130,1.18,1.18,1.18,1.18,1.18
2024-03-01,Bremen,04,00+,11,11,11,11,11,680130,1.62,1.62,1.62,1.62,1.62
2024-02-29,Bremen,04,00+,11,11,11,11,11,680130,1.62,1.62,1.62,1.62,1.62
2024-02-28,Bremen,04,00+,10,10,10,10,10,680130,1.47,1.47,1.47,1.47,1.47
2024-02-27,Bremen,04,00+,10,11,11,11,11,680130,1.47,1.62,1.62,1.62,1.62
2024-02-26,Bremen,04,00+,7,8,8,8,8,680130,1.03,1.18,1.18,1.18,1.18
2024-02-25,Bremen,04,00+,7,8,8,8,8,680130,1.03,1.18,1.18,1.18,1.18
2024-02-24,Bremen,04,00+,7,8,8,8,8,680130,1.03,1.18,1.18,1.18,1.18
2024-02-23,Bremen,04,00+,7,8,8,8,8,680130,1.03,1.18,1.18,1.18,1.18
2024-02-22,Bremen,04,00+,6,7,7,7,7,680130,0.88,1.03,1.03,1.03,1.03
2024-02-21,Bremen,04,00+,7,8,8,8,8,680130,1.03,1.18,1.18,1.18,1.18
2024-02-20,Bremen,04,00+,10,10,10,10,10,680130,1.47,1.47,1.47,1.47,1.47
2024-02-19,Bremen,04,00+,10,11,11,11,11,680130,1.47,1.62,1.62,1.62,1.62
2024-02-18,Bremen,04,00+,10,11,11,11,11,680130,1.47,1.62,1.62,1.62,1.62
2024-02-17,Bremen,04,00+,11,12,12,12,12,680130,1.62,1.76,1.76,1.76,1.76
2024-02-16,Bremen,04,00+,14,15,15,15,15,680130,2.06,2.21,2.21,2.21,2.21
2024-02-15,Bremen,04,00+,16,19,19,19,19,680130,2.35,2.79,2.79,2.79,2.79
2024-02-14,Bremen,04,00+,19,22,22,22,22,680130,2.79,3.23,3.23,3.23,3.23
2024-02-13,Bremen,04,00+,17,22,22,22,22,680130,2.5,3.23,3.23,3.23,3.23
2024-02-12,Bremen,04,00+,16,19,19,19,19,680130,2.35,2.79,2.79,2.79,2.79
2024-02-11,Bremen,04,00+,16,19,19,19,19,680130,2.35,2.79,2.79,2.79,2.79
2024-02-10,Bremen,04,00+,16,18,18,18,18,680130,2.35,2.65,2.65,2.65,2.65
2024-02-09,Bremen,04,00+,7,12,12,12,12,680130,1.03,1.76,1.76,1.76,1.76
2024-02-08,Bremen,04,00+,4,9,9,9,9,680130,0.59,1.32,1.32,1.32,1.32
2024-02-07,Bremen,04,00+,3,7,7,7,7,680130,0.44,1.03,1.03,1.03,1.03
2024-02-06,Bremen,04,00+,8,10,10,10,10,680130,1.18,1.47,1.47,1.47,1.47
2024-02-05,Bremen,04,00+,8,10,10,10,10,680130,1.18,1.47,1.47,1.47,1.47
2024-02-04,Bremen,04,00+,8,10,10,10,10,680130,1.18,1.47,1.47,1.47,1.47
2024-02-03,Bremen,04,00+,8,10,10,10,10,680130,1.18,1.47,1.47,1.47,1.47
2024-02-02,Bremen,04,00+,4,10,10,10,10,680130,0.59,1.47,1.47,1.47,1.47
2024-02-01,Bremen,04,00+,5,10,10,10,10,680130,0.74,1.47,1.47,1.47,1.47
2024-01-31,Bremen,04,00+,6,9,9,9,9,680130,0.88,1.32,1.32,1.32,1.32
2024-01-30,Bremen,04,00+,12,12,12,12,12,680130,1.76,1.76,1.76,1.76,1.76
2024-01-29,Bremen,04,00+,15,18,18,18,18,680130,2.21,2.65,2.65,2.65,2.65
2024-01-28,Bremen,04,00+,15,18,18,18,18,680130,2.21,2.65,2.65,2.65,2.65
2024-01-27,Bremen,04,00+,15,18,18,18,18,680130,2.21,2.65,2.65,2.65,2.65
2024-01-26,Bremen,04,00+,23,30,30,30,30,680130,3.38,4.41,4.41,4.41,4.41
2024-01-25,Bremen,04,00+,26,35,35,35,35,680130,3.82,5.15,5.15,5.15,5.15
2024-01-24,Bremen,04,00+,33,41,41,41,41,680130,4.85,6.03,6.03,6.03,6.03
2024-01-23,Bremen,04,00+,33,43,43,43,43,680130,4.85,6.32,6.32,6.32,6.32
2024-01-22,Bremen,04,00+,38,52,52,52,52,680130,5.59,7.65,7.65,7.65,7.65
2024-01-21,Bremen,04,00+,38,52,52,52,52,680130,5.59,7.65,7.65,7.65,7.65
2024-01-20,Bremen,04,00+,38,52,52,52,52,680130,5.59,7.65,7.65,7.65,7.65
2024-01-19,Bremen,04,00+,19,41,41,41,41,680130,2.79,6.03,6.03,6.03,6.03
2024-01-18,Bremen,04,00+,17,43,43,43,43,680130,2.5,6.32,6.32,6.32,6.32
2024-01-17,Bremen,04,00+,19,45,45,45,45,680130,2.79,6.62,6.62,6.62,6.62
2024-01-16,Bremen,04,00+,22,62,62,62,62,680130,3.23,9.12,9.12,9.12,9.12
2024-01-15,Bremen,04,00+,18,50,50,50,50,680130,2.65,7.35,7.35,7.35,7.35
2024-01-14,Bremen,04,00+,18,50,50,50,50,680130,2.65,7.35,7.35,7.35,7.35
2024-01-13,Bremen,04,00+,18,50,50,50,50,680130,2.65,7.35,7.35,7.35,7.35
2024-01-12,Bremen,04,00+,18,55,55,55,55,680130,2.65,8.09,8.09,8.09,8.09
2024-01-11,Bremen,04,00+,24,55,55,55,55,680130,3.53,8.09,8.09,8.09,8.09
2024-01-10,Bremen,04,00+,24,57,57,57,57,680130,3.53,8.38,8.38,8.38,8.38
2024-01-09,Bremen,04,00+,38,76,76,76,76,680130,5.59,11.17,11.17,11.17,11.17
2024-01-08,Bremen,04,00+,38,73,73,73,73,680130,5.59,10.73,10.73,10.73,10.73
2024-01-07,Bremen,04,00+,38,73,73,73,73,680130,5.59,10.73,10.73,10.73,10.73
2024-01-06,Bremen,04,00+,38,73,73,73,73,680130,5.59,10.73,10.73,10.73,10.73
2024-01-05,Bremen,04,00+,43,84,84,84,84,680130,6.32,12.35,12.35,12.35,12.35
2024-01-04,Bremen,04,00+,42,93,93,93,93,680130,6.18,13.67,13.67,13.67,13.67
2024-01-03,Bremen,04,00+,55,145,145,145,145,680130,8.09,21.32,21.32,21.32,21.32
2024-01-02,Bremen,04,00+,26,97,97,97,97,680130,3.82,14.26,14.26,14.26,14.26
2024-01-01,Bremen,04,00+,26,97,97,97,97,680130,3.82,14.26,14.26,14.26,14.26
2023-12-31,Bremen,04,00+,26,97,97,97,97,680130,3.82,14.26,14.26,14.26,14.26
2023-12-30,Bremen,04,00+,26,97,97,97,97,680130,3.82,14.26,14.26,14.26,14.26
2023-12-29,Bremen,04,00+,30,109,109,109,109,680130,4.41,16.03,16.03,16.03,16.03
2023-12-28,Bremen,04,00+,10,96,96,96,96,680130,1.47,14.11,14.11,14.11,14.11
2023-12-27,Bremen,04,00+,13,38,38,38,38,680130,1.91,5.59,5.59,5.59,5.59
2023-12-26,Bremen,04,00+,52,129,129,129,129,680130,7.65,18.97,18.97,18.97,18.97
2023-12-25,Bremen,04,00+,56,133,133,133,133,680130,8.23,19.56,19.56,19.56,19.56
2023-12-24,Bremen,04,00+,56,133,133,133,133,680130,8.23,19.56,19.56,19.56,19.56
2023-12-23,Bremen,04,00+,56,133,133,133,133,680130,8.23,19.56,19.56,19.56,19.56
2023-12-22,Bremen,04,00+,59,134,134,134,134,680130,8.67,19.7,19.7,19.7,19.7
2023-12-21,Bremen,04,00+,71,156,156,156,156,680130,10.44,22.94,22.94,22.94,22.94
2023-12-20,Bremen,04,00+,83,176,176,176,176,680130,12.2,25.88,25.88,25.88,25.88
2023-12-19,Bremen,04,00+,64,117,117,117,117,680130,9.41,17.2,17.2,17.2,17.2
2023-12-18,Bremen,04,00+,79,144,144,144,144,680130,11.62,21.17,21.17,21.17,21.17
2023-12-17,Bremen,04,00+,79,144,144,144,144,680130,11.62,21.17,21.17,21.17,21.17
2023-12-16,Bremen,04,00+,79,144,144,144,144,680130,11.62,21.17,21.17,21.17,21.17
2023-12-15,Bremen,04,00+,83,135,135,135,135,680130,12.2,19.85,19.85,19.85,19.85
2023-12-14,Bremen,04,00+,62,125,125,125,125,680130,9.12,18.38,18.38,18.38,18.38
2023-12-13,Bremen,04,00+,91,135,135,135,135,680130,13.38,19.85,19.85,19.85,19.85
2023-12-12,Bremen,04,00+,72,124,124,124,124,680130,10.59,18.23,18.23,18.23,18.23
2023-12-11,Bremen,04,00+,85,112,112,112,112,680130,12.5,16.47,16.47,16.47,16.47
2023-12-10,Bremen,04,00+,85,112,112,112,112,680130,12.5,16.47,16.47,16.47,16.47
2023-12-09,Bremen,04,00+,85,112,112,112,112,680130,12.5,16.47,16.47,16.47,16.47
2023-12-08,Bremen,04,00+,70,102,102,102,102,680130,10.29,15,15,15,15
2023-12-07,Bremen,04,00+,60,95,95,95,95,680130,8.82,13.97,13.97,13.97,13.97
2023-12-06,Bremen,04,00+,35,78,78,78,78,680130,5.15,11.47,11.47,11.47,11.47
2023-12-05,Bremen,04,00+,55,108,108,108,108,680130,8.09,15.88,15.88,15.88,15.88
2023-12-04,Bremen,04,00+,48,94,94,94,94,680130,7.06,13.82,13.82,13.82,13.82
2023-12-03,Bremen,04,00+,48,94,94,94,94,680130,7.06,13.82,13.82,13.82,13.82
2023-12-02,Bremen,04,00+,48,94,94,94,94,680130,7.06,13.82,13.82,13.82,13.82
2023-12-01,Bremen,04,00+,45,87,87,87,87,680130,6.62,12.79,12.79,12.79,12.79
2023-11-30,Bremen,04,00+,51,99,99,99,99,680130,7.5,14.56,14.56,14.56,14.56
2023-11-29,Bremen,04,00+,42,95,95,95,95,680130,6.18,13.97,13.97,13.97,13.97
2023-11-28,Bremen,04,00+,41,73,73,73,73,680130,6.03,10.73,10.73,10.73,10.73
2023-11-27,Bremen,04,00+,48,90,90,90,90,680130,7.06,13.23,13.23,13.23,13.23
2023-11-26,Bremen,04,00+,48,90,90,90,90,680130,7.06,13.23,13.23,13.23,13.23
2023-11-25,Bremen,04,00+,48,90,90,90,90,680130,7.06,13.23,13.23,13.23,13.23
2023-11-24,Bremen,04,00+,48,92,92,92,92,680130,7.06,13.53,13.53,13.53,13.53
2023-11-23,Bremen,04,00+,41,80,80,80,80,680130,6.03,11.76,11.76,11.76,11.76
2023-11-22,Bremen,04,00+,20,73,73,73,73,680130,2.94,10.73,10.73,10.73,10.73
2023-11-21,Bremen,04,00+,39,66,66,66,66,680130,5.73,9.7,9.7,9.7,9.7
2023-11-20,Bremen,04,00+,35,77,77,77,77,680130,5.15,11.32,11.32,11.32,11.32
2023-11-19,Bremen,04,00+,35,77,77,77,77,680130,5.15,11.32,11.32,11.32,11.32
2023-11-18,Bremen,04,00+,35,80,80,80,80,680130,5.15,11.76,11.76,11.76,11.76
2023-11-17,Bremen,04,00+,45,93,93,93,93,680130,6.62,13.67,13.67,13.67,13.67
2023-11-16,Bremen,04,00+,52,108,108,108,108,680130,7.65,15.88,15.88,15.88,15.88
2023-11-15,Bremen,04,00+,68,136,136,136,136,680130,10,20,20,20,20
2023-11-14,Bremen,04,00+,56,137,137,137,137,680130,8.23,20.14,20.14,20.14,20.14
2023-11-13,Bremen,04,00+,41,125,125,125,125,680130,6.03,18.38,18.38,18.38,18.38
2023-11-12,Bremen,04,00+,41,125,125,125,125,680130,6.03,18.38,18.38,18.38,18.38
2023-11-11,Bremen,04,00+,41,122,122,122,122,680130,6.03,17.94,17.94,17.94,17.94
2023-11-10,Bremen,04,00+,50,115,115,115,115,680130,7.35,16.91,16.91,16.91,16.91
2023-11-09,Bremen,04,00+,49,123,123,123,123,680130,7.2,18.08,18.08,18.08,18.08
2023-11-08,Bremen,04,00+,67,115,115,115,115,680130,9.85,16.91,16.91,16.91,16.91
2023-11-07,Bremen,04,00+,67,92,92,92,92,680130,9.85,13.53,13.53,13.53,13.53
2023-11-06,Bremen,04,00+,69,86,86,86,86,680130,10.15,12.64,12.64,12.64,12.64
2023-11-05,Bremen,04,00+,69,86,86,86,86,680130,10.15,12.64,12.64,12.64,12.64
2023-11-04,Bremen,04,00+,69,86,86,86,86,680130,10.15,12.64,12.64,12.64,12.64
2023-11-03,Bremen,04,00+,45,90,90,90,90,680130,6.62,13.23,13.23,13.23,13.23
2023-11-02,Bremen,04,00+,47,60,60,60,60,680130,6.91,8.82,8.82,8.82,8.82
2023-11-01,Bremen,04,00+,25,37,37,37,37,680130,3.68,5.44,5.44,5.44,5.44
2023-10-31,Bremen,04,00+,31,44,44,44,44,680130,4.56,6.47,6.47,6.47,6.47
2023-10-30,Bremen,04,00+,26,38,38,38,38,680130,3.82,5.59,5.59,5.59,5.59
2023-10-29,Bremen,04,00+,26,38,38,38,38,680130,3.82,5.59,5.59,5.59,5.59
2023-10-28,Bremen,04,00+,26,38,38,38,38,680130,3.82,5.59,5.59,5.59,5.59
2023-10-27,Bremen,04,00+,22,24,24,24,24,680130,3.23,3.53,3.53,3.53,3.53
2023-10-26,Bremen,04,00+,16,22,22,22,22,680130,2.35,3.23,3.23,3.23,3.23
2023-10-25,Bremen,04,00+,21,24,24,24,24,680130,3.09,3.53,3.53,3.53,3.53
2023-10-24,Bremen,04,00+,14,18,18,18,18,680130,2.06,2.65,2.65,2.65,2.65
2023-10-23,Bremen,04,00+,12,19,19,19,19,680130,1.76,2.79,2.79,2.79,2.79
2023-10-22,Bremen,04,00+,12,19,19,19,19,680130,1.76,2.79,2.79,2.79,2.79
2023-10-21,Bremen,04,00+,12,19,19,19,19,680130,1.76,2.79,2.79,2.79,2.79
2023-10-20,Bremen,04,00+,11,20,20,20,20,680130,1.62,2.94,2.94,2.94,2.94
2023-10-19,Bremen,04,00+,13,22,22,22,22,680130,1.91,3.23,3.23,3.23,3.23
2023-10-18,Bremen,04,00+,16,19,19,19,19,680130,2.35,2.79,2.79,2.79,2.79
2023-10-17,Bremen,04,00+,14,18,18,18,18,680130,2.06,2.65,2.65,2.65,2.65
2023-10-16,Bremen,04,00+,5,10,10,10,10,680130,0.74,1.47,1.47,1.47,1.47
2023-10-15,Bremen,04,00+,6,11,11,11,11,680130,0.88,1.62,1.62,1.62,1.62
2023-10-14,Bremen,04,00+,6,11,11,11,11,680130,0.88,1.62,1.62,1.62,1.62
2023-10-13,Bremen,04,00+,6,8,8,8,8,680130,0.88,1.18,1.18,1.18,1.18
2023-10-12,Bremen,04,00+,7,8,8,8,8,680130,1.03,1.18,1.18,1.18,1.18
2023-10-11,Bremen,04,00+,4,5,5,5,5,680130,0.59,0.74,0.74,0.74,0.74
2023-10-10,Bremen,04,00+,4,5,5,5,5,680130,0.59,0.74,0.74,0.74,0.74
2023-10-09,Bremen,04,00+,4,7,7,7,7,680130,0.59,1.03,1.03,1.03,1.03
2023-10-08,Bremen,04,00+,4,6,6,6,6,680130,0.59,0.88,0.88,0.88,0.88
2023-10-07,Bremen,04,00+,4,6,6,6,6,680130,0.59,0.88,0.88,0.88,0.88
2023-10-06,Bremen,04,00+,6,8,8,8,8,680130,0.88,1.18,1.18,1.18,1.18
2023-10-05,Bremen,04,00+,5,10,10,10,10,680130,0.74,1.47,1.47,1.47,1.47
2023-10-04,Bremen,04,00+,9,14,14,14,14,680130,1.32,2.06,2.06,2.06,2.06
2023-10-03,Bremen,04,00+,17,22,22,22,22,680130,2.5,3.23,3.23,3.23,3.23
2023-10-02,Bremen,04,00+,20,25,25,25,25,680130,2.94,3.68,3.68,3.68,3.68
2023-10-01,Bremen,04,00+,20,25,25,25,25,680130,2.94,3.68,3.68,3.68,3.68
2023-09-30,Bremen,04,00+,20,25,25,25,25,680130,2.94,3.68,3.68,3.68,3.68
2023-09-29,Bremen,04,00+,25,29,29,29,29,680130,3.68,4.26,4.26,4.26,4.26
2023-09-28,Bremen,04,00+,23,28,28,28,28,680130,3.38,4.12,4.12,4.12,4.12
2023-09-27,Bremen,04,00+,22,27,27,27,27,680130,3.23,3.97,3.97,3.97,3.97
2023-09-26,Bremen,04,00+,16,20,20,20,20,680130,2.35,2.94,2.94,2.94,2.94
2023-09-25,Bremen,04,00+,16,24,24,24,24,680130,2.35,3.53,3.53,3.53,3.53
2023-09-24,Bremen,04,00+,16,24,24,24,24,680130,2.35,3.53,3.53,3.53,3.53
2023-09-23,Bremen,04,00+,16,24,24,24,24,680130,2.35,3.53,3.53,3.53,3.53
2023-09-22,Bremen,04,00+,22,24,24,24,24,680130,3.23,3.53,3.53,3.53,3.53
2023-09-21,Bremen,04,00+,16,22,22,22,22,680130,2.35,3.23,3.23,3.23,3.23
2023-09-20,Bremen,04,00+,19,23,23,23,23,680130,2.79,3.38,3.38,3.38,3.38
2023-09-19,Bremen,04,00+,24,28,28,28,28,680130,3.53,4.12,4.12,4.12,4.12
2023-09-18,Bremen,04,00+,20,22,22,22,22,680130,2.94,3.23,3.23,3.23,3.23
2023-09-17,Bremen,04,00+,20,22,22,22,22,680130,2.94,3.23,3.23,3.23,3.23
2023-09-16,Bremen,04,00+,20,22,22,22,22,680130,2.94,3.23,3.23,3.23,3.23
2023-09-15,Bremen,04,00+,19,25,25,25,25,680130,2.79,3.68,3.68,3.68,3.68
2023-09-14,Bremen,04,00+,36,41,41,41,41,680130,5.29,6.03,6.03,6.03,6.03
2023-09-13,Bremen,04,00+,42,45,45,45,45,680130,6.18,6.62,6.62,6.62,6.62
2023-09-12,Bremen,04,00+,43,48,48,48,48,680130,6.32,7.06,7.06,7.06,7.06
2023-09-11,Bremen,04,00+,43,47,47,47,47,680130,6.32,6.91,6.91,6.91,6.91
2023-09-10,Bremen,04,00+,43,47,47,47,47,680130,6.32,6.91,6.91,6.91,6.91
2023-09-09,Bremen,04,00+,43,47,47,47,47,680130,6.32,6.91,6.91,6.91,6.91
2023-09-08,Bremen,04,00+,37,51,51,51,51,680130,5.44,7.5,7.5,7.5,7.5
2023-09-07,Bremen,04,00+,21,35,35,35,35,680130,3.09,5.15,5.15,5.15,5.15
2023-09-06,Bremen,04,00+,38,50,50,50,50,680130,5.59,7.35,7.35,7.35,7.35
2023-09-05,Bremen,04,00+,46,53,53,53,53,680130,6.76,7.79,7.79,7.79,7.79
2023-09-04,Bremen,04,00+,54,62,62,62,62,680130,7.94,9.12,9.12,9.12,9.12
2023-09-03,Bremen,04,00+,54,62,62,62,62,680130,7.94,9.12,9.12,9.12,9.12
2023-09-02,Bremen,04,00+,54,62,62,62,62,680130,7.94,9.12,9.12,9.12,9.12
2023-09-01,Bremen,04,00+,58,56,56,56,56,680130,8.53,8.23,8.23,8.23,8.23
2023-08-31,Bremen,04,00+,37,61,61,61,61,680130,5.44,8.97,8.97,8.97,8.97
2023-08-30,Bremen,04,00+,39,40,40,40,40,680130,5.73,5.88,5.88,5.88,5.88
2023-08-29,Bremen,04,00+,25,34,34,34,34,680130,3.68,5,5,5,5
2023-08-28,Bremen,04,00+,0,39,39,39,39,680130,0,5.73,5.73,5.73,5.73
2023-08-27,Bremen,04,00+,0,39,39,39,39,680130,0,5.73,5.73,5.73,5.73
2023-08-26,Bremen,04,00+,0,39,39,39,39,680130,0,5.73,5.73,5.73,5.73
2023-08-25,Bremen,04,00+,0,32,32,32,32,680130,0,4.7,4.7,4.7,4.7
2023-08-24,Bremen,04,00+,24,33,33,33,33,680130,3.53,4.85,4.85,4.85,4.85
2023-08-23,Bremen,04,00+,21,32,32,32,32,680130,3.09,4.7,4.7,4.7,4.7
2023-08-22,Bremen,04,00+,18,29,29,29,29,680130,2.65,4.26,4.26,4.26,4.26
2023-08-21,Bremen,04,00+,10,16,16,16,16,680130,1.47,2.35,2.35,2.35,2.35
2023-08-20,Bremen,04,00+,10,16,16,16,16,680130,1.47,2.35,2.35,2.35,2.35
2023-08-19,Bremen,04,00+,10,16,16,16,16,680130,1.47,2.35,2.35,2.35,2.35
2023-08-18,Bremen,04,00+,12,18,18,18,18,680130,1.76,2.65,2.65,2.65,2.65
2023-08-17,Bremen,04,00+,11,11,11,11,11,680130,1.62,1.62,1.62,1.62,1.62
2023-08-16,Bremen,04,00+,12,13,13,13,13,680130,1.76,1.91,1.91,1.91,1.91
2023-08-15,Bremen,04,00+,9,10,10,10,10,680130,1.32,1.47,1.47,1.47,1.47
2023-08-14,Bremen,04,00+,5,5,5,5,5,680130,0.74,0.74,0.74,0.74,0.74
2023-08-13,Bremen,04,00+,5,5,5,5,5,680130,0.74,0.74,0.74,0.74,0.74
2023-08-12,Bremen,04,00+,5,5,5,5,5,680130,0.74,0.74,0.74,0.74,0.74
2023-08-11,Bremen,04,00+,3,3,3,3,3,680130,0.44,0.44,0.44,0.44,0.44
2023-08-10,Bremen,04,00+,3,4,4,4,4,680130,0.44,0.59,0.59,0.59,0.59
2023-08-09,Bremen,04,00+,0,1,1,1,1,680130,0,0.15,0.15,0.15,0.15
2023-08-08,Bremen,04,00+,1,2,2,2,2,680130,0.15,0.29,0.29,0.29,0.29
2023-08-07,Bremen,04,00+,1,2,2,2,2,680130,0.15,0.29,0.29,0.29,0.29
2023-08-06,Bremen,04,00+,1,2,2,2,2,680130,0.15,0.29,0.29,0.29,0.29
2023-08-05,Bremen,04,00+,1,2,2,2,2,680130,0.15,0.29,0.29,0.29,0.29
2023-08-04,Bremen,04,00+,1,2,2,2,2,680130,0.15,0.29,0.29,0.29,0.29
2023-08-03,Bremen,04,00+,2,2,2,2,2,680130,0.29,0.29,0.29,0.29,0.29
2023-08-02,Bremen,04,00+,3,3,3,3,3,680130,0.44,0.44,0.44,0.44,0.44
2023-08-01,Bremen,04,00+,2,2,2,2,2,680130,0.29,0.29,0.29,0.29,0.29
2023-07-31,Bremen,04,00+,2,2,2,2,2,680130,0.29,0.29,0.29,0.29,0.29
2023-07-30,Bremen,04,00+,2,2,2,2,2,680130,0.29,0.29,0.29,0.29,0.29
2023-07-29,Bremen,04,00+,2,2,2,2,2,680130,0.29,0.29,0.29,0.29,0.29
2023-07-28,Bremen,04,00+,2,5,5,5,5,680130,0.29,0.74,0.74,0.74,0.74
2023-07-27,Bremen,04,00+,1,4,4,4,4,680130,0.15,0.59,0.59,0.59,0.59
2023-07-26,Bremen,04,00+,1,3,3,3,3,680130,0.15,0.44,0.44,0.44,0.44
2023-07-25,Bremen,04,00+,1,3,3,3,3,680130,0.15,0.44,0.44,0.44,0.44
2023-07-24,Bremen,04,00+,1,3,3,3,3,680130,0.15,0.44,0.44,0.44,0.44
2023-07-23,Bremen,04,00+,1,3,3,3,3,680130,0.15,0.44,0.44,0.44,0.44
2023-07-22,Bremen,04,00+,1,3,3,3,3,680130,0.15,0.44,0.44,0.44,0.44
2023-07-21,Bremen,04,00+,0,0,0,0,0,680130,0,0,0,0,0
2023-07-20,Bremen,04,00+,0,1,1,1,1,680130,0,0.15,0.15,0.15,0.15
2023-07-19,Bremen,04,00+,0,1,1,1,1,680130,0,0.15,0.15,0.15,0.15
2023-07-18,Bremen,04,00+,0,1,1,1,1,680130,0,0.15,0.15,0.15,0.15
2023-07-17,Bremen,04,00+,0,1,1,1,1,680130,0,0.15,0.15,0.15,0.15
2023-07-16,Bremen,04,00+,0,1,1,1,1,680130,0,0.15,0.15,0.15,0.15
2023-07-15,Bremen,04,00+,0,1,1,1,1,680130,0,0.15,0.15,0.15,0.15
2023-07-14,Bremen,04,00+,0,1,1,1,1,680130,0,0.15,0.15,0.15,0.15
2023-07-13,Bremen,04,00+,0,0,0,0,0,680130,0,0,0,0,0
2023-07-12,Bremen,04,00+,0,0,0,0,0,680130,0,0,0,0,0
2023-07-11,Bremen,04,00+,0,0,0,0,0,680130,0,0,0,0,0
2023-07-10,Bremen,04,00+,0,1,1,1,1,680130,0,0.15,0.15,0.15,0.15
2023-07-09,Bremen,04,00+,0,1,1,1,1,680130,0,0.15,0.15,0.15,0.15
2023-07-08,Bremen,04,00+,0,1,1,1,1,680130,0,0.15,0.15,0.15,0.15
2023-07-07,Bremen,04,00+,0,1,1,1,1,680130,0,0.15,0.15,0.15,0.15
2023-07-06,Bremen,04,00+,1,2,2,2,2,680130,0.15,0.29,0.29,0.29,0.29
2023-07-05,Bremen,04,00+,1,2,2,2,2,680130,0.15,0.29,0.29,0.29,0.29
2023-07-04,Bremen,04,00+,1,2,2,2,2,680130,0.15,0.29,0.29,0.29,0.29
2023-07-03,Bremen,04,00+,2,2,2,2,2,680130,0.29,0.29,0.29,0.29,0.29
2023-07-02,Bremen,04,00+,2,2,2,2,2,680130,0.29,0.29,0.29,0.29,0.29
2023-07-01,Bremen,04,00+,2,2,2,2,2,680130,0.29,0.29,0.29,0.29,0.29
2023-06-30,Bremen,04,00+,2,2,2,2,2,680130,0.29,0.29,0.29,0.29,0.29
2023-06-29,Bremen,04,00+,1,1,1,1,1,680130,0.15,0.15,0.15,0.15,0.15
2023-06-28,Bremen,04,00+,1,1,1,1,1,680130,0.15,0.15,0.15,0.15,0.15
2023-06-27,Bremen,04,00+,2,2,2,2,2,680130,0.29,0.29,0.29,0.29,0.29
2023-06-26,Bremen,04,00+,2,2,2,2,2,680130,0.29,0.29,0.29,0.29,0.29
2023-06-25,Bremen,04,00+,2,2,2,2,2,680130,0.29,0.29,0.29,0.29,0.29
2023-06-24,Bremen,04,00+,2,3,3,3,3,680130,0.29,0.44,0.44,0.44,0.44
2023-06-23,Bremen,04,00+,2,3,3,3,3,680130,0.29,0.44,0.44,0.44,0.44
2023-06-22,Bremen,04,00+,2,3,3,3,3,680130,0.29,0.44,0.44,0.44,0.44
2023-06-21,Bremen,04,00+,2,3,3,3,3,680130,0.29,0.44,0.44,0.44,0.44
2023-06-20,Bremen,04,00+,1,2,2,2,2,680130,0.15,0.29,0.29,0.29,0.29
2023-06-19,Bremen,04,00+,0,1,1,1,1,680130,0,0.15,0.15,0.15,0.15
2023-06-18,Bremen,04,00+,0,1,1,1,1,680130,0,0.15,0.15,0.15,0.15
2023-06-17,Bremen,04,00+,0,1,1,1,1,680130,0,0.15,0.15,0.15,0.15
2023-06-16,Bremen,04,00+,0,1,1,1,1,680130,0,0.15,0.15,0.15,0.15
2023-06-15,Bremen,04,00+,0,1,1,1,1,680130,0,0.15,0.15,0.15,0.15
2023-06-14,Bremen,04,00+,0,1,1,1,1,680130,0,0.15,0.15,0.15,0.15
2023-06-13,Bremen,04,00+,0,1,1,1,1,680130,0,0.15,0.15,0.15,0.15
2023-06-12,Bremen,04,00+,0,1,1,1,1,680130,0,0.15,0.15,0.15,0.15
2023-06-11,Bremen,04,00+,0,1,1,1,1,680130,0,0.15,0.15,0.15,0.15
2023-06-10,Bremen,04,00+,0,1,1,1,1,680130,0,0.15,0.15,0.15,0.15
2023-06-09,Bremen,04,00+,0,2,2,2,2,680130,0,0.29,0.29,0.29,0.29
2023-06-08,Bremen,04,00+,0,3,3,3,3,680130,0,0.44,0.44,0.44,0.44
2023-06-07,Bremen,04,00+,0,4,4,4,4,680130,0,0.59,0.59,0.59,0.59
2023-06-06,Bremen,04,00+,0,5,5,5,5,680130,0,0.74,0.74,0.74,0.74
2023-06-05,Bremen,04,00+,0,5,5,5,5,680130,0,0.74,0.74,0.74,0.74
2023-06-04,Bremen,04,00+,0,5,5,5,5,680130,0,0.74,0.74,0.74,0.74
2023-06-03,Bremen,04,00+,0,4,4,4,4,680130,0,0.59,0.59,0.59,0.59
2023-06-02,Bremen,04,00+,3,7,7,7,7,680130,0.44,1.03,1.03,1.03,1.03
2023-06-01,Bremen,04,00+,3,6,6,6,6,680130,0.44,0.88,0.88,0.88,0.88
2023-05-31,Bremen,04,00+,0,6,6,6,6,680130,0,0.88,0.88,0.88,0.88
2023-05-30,Bremen,04,00+,1,6,6,6,6,680130,0.15,0.88,0.88,0.88,0.88
2023-05-29,Bremen,04,00+,2,7,7,7,7,680130,0.29,1.03,1.03,1.03,1.03
2023-05-28,Bremen,04,00+,2,7,7,7,7,680130,0.29,1.03,1.03,1.03,1.03
2023-05-27,Bremen,04,00+,2,7,7,7,7,680130,0.29,1.03,1.03,1.03,1.03
2023-05-26,Bremen,04,00+,2,3,3,3,3,680130,0.29,0.44,0.44,0.44,0.44
2023-05-25,Bremen,04,00+,2,3,3,3,3,680130,0.29,0.44,0.44,0.44,0.44
2023-05-24,Bremen,04,00+,3,3,3,3,3,680130,0.44,0.44,0.44,0.44,0.44
2023-05-23,Bremen,04,00+,2,5,5,5,5,680130,0.29,0.74,0.74,0.74,0.74
2023-05-22,Bremen,04,00+,2,5,5,5,5,680130,0.29,0.74,0.74,0.74,0.74
2023-05-21,Bremen,04,00+,2,5,5,5,5,680130,0.29,0.74,0.74,0.74,0.74
2023-05-20,Bremen,04,00+,2,5,5,5,5,680130,0.29,0.74,0.74,0.74,0.74
2023-05-19,Bremen,04,00+,1,5,5,5,5,680130,0.15,0.74,0.74,0.74,0.74
2023-05-18,Bremen,04,00+,2,6,6,6,6,680130,0.29,0.88,0.88,0.88,0.88
2023-05-17,Bremen,04,00+,2,5,5,5,5,680130,0.29,0.74,0.74,0.74,0.74
2023-05-16,Bremen,04,00+,1,2,2,2,2,680130,0.15,0.29,0.29,0.29,0.29
2023-05-15,Bremen,04,00+,5,5,5,5,5,680130,0.74,0.74,0.74,0.74,0.74
2023-05-14,Bremen,04,00+,5,5,5,5,5,680130,0.74,0.74,0.74,0.74,0.74
2023-05-13,Bremen,04,00+,5,5,5,5,5,680130,0.74,0.74,0.74,0.74,0.74
2023-05-12,Bremen,04,00+,10,9,9,9,9,680130,1.47,1.32,1.32,1.32,1.32
2023-05-11,Bremen,04,00+,20,10,10,10,10,680130,2.94,1.47,1.47,1.47,1.47
2023-05-10,Bremen,04,00+,23,13,13,13,13,680130,3.38,1.91,1.91,1.91,1.91
2023-05-09,Bremen,04,00+,40,25,25,25,25,680130,5.88,3.68,3.68,3.68,3.68
2023-05-08,Bremen,04,00+,32,22,22,22,22,680130,4.7,3.23,3.23,3.23,3.23
2023-05-07,Bremen,04,00+,32,22,22,22,22,680130,4.7,3.23,3.23,3.23,3.23
2023-05-06,Bremen,04,00+,32,22,22,22,22,680130,4.7,3.23,3.23,3.23,3.23
2023-05-05,Bremen,04,00+,4,19,19,19,19,680130,0.59,2.79,2.79,2.79,2.79
2023-05-04,Bremen,04,00+,6,21,21,21,21,680130,0.88,3.09,3.09,3.09,3.09
2023-05-03,Bremen,04,00+,6,19,19,19,19,680130,0.88,2.79,2.79,2.79,2.79
2023-05-02,Bremen,04,00+,1,9,9,9,9,680130,0.15,1.32,1.32,1.32,1.32
2023-05-01,Bremen,04,00+,5,13,13,13,13,680130,0.74,1.91,1.91,1.91,1.91
2023-04-30,Bremen,04,00+,5,13,13,13,13,680130,0.74,1.91,1.91,1.91,1.91
2023-04-29,Bremen,04,00+,5,13,13,13,13,680130,0.74,1.91,1.91,1.91,1.91
2023-04-28,Bremen,04,00+,5,14,14,14,14,680130,0.74,2.06,2.06,2.06,2.06
2023-04-27,Bremen,04,00+,5,11,11,11,11,680130,0.74,1.62,1.62,1.62,1.62
2023-04-26,Bremen,04,00+,7,12,12,12,12,680130,1.03,1.76,1.76,1.76,1.76
2023-04-25,Bremen,04,00+,7,12,12,12,12,680130,1.03,1.76,1.76,1.76,1.76
2023-04-24,Bremen,04,00+,4,13,13,13,13,680130,0.59,1.91,1.91,1.91,1.91
2023-04-23,Bremen,04,00+,5,14,14,14,14,680130,0.74,2.06,2.06,2.06,2.06
2023-04-22,Bremen,04,00+,5,14,14,14,14,680130,0.74,2.06,2.06,2.06,2.06
2023-04-21,Bremen,04,00+,6,15,15,15,15,680130,0.88,2.21,2.21,2.21,2.21
2023-04-20,Bremen,04,00+,7,16,16,16,16,680130,1.03,2.35,2.35,2.35,2.35
2023-04-19,Bremen,04,00+,7,16,16,16,16,680130,1.03,2.35,2.35,2.35,2.35
2023-04-18,Bremen,04,00+,13,23,23,23,23,680130,1.91,3.38,3.38,3.38,3.38
2023-04-17,Bremen,04,00+,12,17,17,17,17,680130,1.76,2.5,2.5,2.5,2.5
2023-04-16,Bremen,04,00+,12,16,16,16,16,680130,1.76,2.35,2.35,2.35,2.35
2023-04-15,Bremen,04,00+,12,16,16,16,16,680130,1.76,2.35,2.35,2.35,2.35
2023-04-14,Bremen,04,00+,9,14,14,14,14,680130,1.32,2.06,2.06,2.06,2.06
2023-04-13,Bremen,04,00+,5,15,15,15,15,680130,0.74,2.21,2.21,2.21,2.21
2023-04-12,Bremen,04,00+,12,20,20,20,20,680130,1.76,2.94,2.94,2.94,2.94
2023-04-11,Bremen,04,00+,15,19,19,19,19,680130,2.21,2.79,2.79,2.79,2.79
2023-04-10,Bremen,04,00+,23,31,31,31,31,680130,3.38,4.56,4.56,4.56,4.56
2023-04-09,Bremen,04,00+,23,31,31,31,31,680130,3.38,4.56,4.56,4.56,4.56
2023-04-08,Bremen,04,00+,23,31,31,31,31,680130,3.38,4.56,4.56,4.56,4.56
2023-04-07,Bremen,04,00+,25,32,32,32,32,680130,3.68,4.7,4.7,4.7,4.7
2023-04-06,Bremen,04,00+,26,33,33,33,33,680130,3.82,4.85,4.85,4.85,4.85
2023-04-05,Bremen,04,00+,21,30,30,30,30,680130,3.09,4.41,4.41,4.41,4.41
2023-04-04,Bremen,04,00+,15,25,25,25,25,680130,2.21,3.68,3.68,3.68,3.68
2023-04-03,Bremen,04,00+,24,30,30,30,30,680130,3.53,4.41,4.41,4.41,4.41
2023-04-02,Bremen,04,00+,24,30,30,30,30,680130,3.53,4.41,4.41,4.41,4.41
2023-04-01,Bremen,04,00+,24,30,30,30,30,680130,3.53,4.41,4.41,4.41,4.41
2023-03-31,Bremen,04,00+,26,31,31,31,31,680130,3.82,4.56,4.56,4.56,4.56
2023-03-30,Bremen,04,00+,23,33,33,33,33,680130,3.38,4.85,4.85,4.85,4.85
2023-03-29,Bremen,04,00+,29,36,36,36,36,680130,4.26,5.29,5.29,5.29,5.29
2023-03-28,Bremen,04,00+,36,49,49,49,49,680130,5.29,7.2,7.2,7.2,7.2
2023-03-27,Bremen,04,00+,35,49,49,49,49,680130,5.15,7.2,7.2,7.2,7.2
2023-03-26,Bremen,04,00+,35,49,49,49,49,680130,5.15,7.2,7.2,7.2,7.2
2023-03-25,Bremen,04,00+,35,49,49,49,49,680130,5.15,7.2,7.2,7.2,7.2
2023-03-24,Bremen,04,00+,36,49,49,49,49,680130,5.29,7.2,7.2,7.2,7.2
2023-03-23,Bremen,04,00+,35,51,51,51,51,680130,5.15,7.5,7.5,7.5,7.5
2023-03-22,Bremen,04,00+,29,48,48,48,48,680130,4.26,7.06,7.06,7.06,7.06
2023-03-21,Bremen,04,00+,41,52,52,52,52,680130,6.03,7.65,7.65,7.65,7.65
2023-03-20,Bremen,04,00+,53,69,69,69,69,680130,7.79,10.15,10.15,10.15,10.15
2023-03-19,Bremen,04,00+,53,69,69,69,69,680130,7.79,10.15,10.15,10.15,10.15
2023-03-18,Bremen,04,00+,53,70,70,70,70,680130,7.79,10.29,10.29,10.29,10.29
2023-03-17,Bremen,04,00+,49,71,71,71,71,680130,7.2,10.44,10.44,10.44,10.44
2023-03-16,Bremen,04,00+,48,71,71,71,71,680130,7.06,10.44,10.44,10.44,10.44
2023-03-15,Bremen,04,00+,31,80,80,80,80,680130,4.56,11.76,11.76,11.76,11.76
2023-03-14,Bremen,04,00+,41,76,76,76,76,680130,6.03,11.17,11.17,11.17,11.17
2023-03-13,Bremen,04,00+,41,60,60,60,60,680130,6.03,8.82,8.82,8.82,8.82
2023-03-12,Bremen,04,00+,41,60,60,60,60,680130,6.03,8.82,8.82,8.82,8.82
2023-03-11,Bremen,04,00+,41,59,59,59,59,680130,6.03,8.67,8.67,8.67,8.67
2023-03-10,Bremen,04,00+,39,57,57,57,57,680130,5.73,8.38,8.38,8.38,8.38
2023-03-09,Bremen,04,00+,32,64,64,64,64,680130,4.7,9.41,9.41,9.41,9.41
2023-03-08,Bremen,04,00+,42,65,65,65,65,680130,6.18,9.56,9.56,9.56,9.56
2023-03-07,Bremen,04,00+,39,54,54,54,54,680130,5.73,7.94,7.94,7.94,7.94
2023-03-06,Bremen,04,00+,39,45,45,45,45,680130,5.73,6.62,6.62,6.62,6.62
2023-03-05,Bremen,04,00+,39,45,45,45,45,680130,5.73,6.62,6.62,6.62,6.62
2023-03-04,Bremen,04,00+,40,47,47,47,47,680130,5.88,6.91,6.91,6.91,6.91
2023-03-03,Bremen,04,00+,24,47,47,47,47,680130,3.53,6.91,6.91,6.91,6.91
2023-03-02,Bremen,04,00+,33,47,47,47,47,680130,4.85,6.91,6.91,6.91,6.91
2023-03-01,Bremen,04,00+,41,56,56,56,56,680130,6.03,8.23,8.23,8.23,8.23
2023-02-28,Bremen,04,00+,43,58,58,58,58,680130,6.32,8.53,8.53,8.53,8.53
2023-02-27,Bremen,04,00+,52,66,66,66,66,680130,7.65,9.7,9.7,9.7,9.7
2023-02-26,Bremen,04,00+,52,66,66,66,66,680130,7.65,9.7,9.7,9.7,9.7
2023-02-25,Bremen,04,00+,52,64,64,64,64,680130,7.65,9.41,9.41,9.41,9.41
2023-02-24,Bremen,04,00+,42,62,62,62,62,680130,6.18,9.12,9.12,9.12,9.12
2023-02-23,Bremen,04,00+,35,52,52,52,52,680130,5.15,7.65,7.65,7.65,7.65
2023-02-22,Bremen,04,00+,28,38,38,38,38,680130,4.12,5.59,5.59,5.59,5.59
2023-02-21,Bremen,04,00+,29,48,48,48,48,680130,4.26,7.06,7.06,7.06,7.06
2023-02-20,Bremen,04,00+,45,53,53,53,53,680130,6.62,7.79,7.79,7.79,7.79
2023-02-19,Bremen,04,00+,45,53,53,53,53,680130,6.62,7.79,7.79,7.79,7.79
2023-02-18,Bremen,04,00+,45,53,53,53,53,680130,6.62,7.79,7.79,7.79,7.79
2023-02-17,Bremen,04,00+,44,55,55,55,55,680130,6.47,8.09,8.09,8.09,8.09
2023-02-16,Bremen,04,00+,42,54,54,54,54,680130,6.18,7.94,7.94,7.94,7.94
2023-02-15,Bremen,04,00+,33,49,49,49,49,680130,4.85,7.2,7.2,7.2,7.2
2023-02-14,Bremen,04,00+,28,43,43,43,43,680130,4.12,6.32,6.32,6.32,6.32
2023-02-13,Bremen,04,00+,26,28,28,28,28,680130,3.82,4.12,4.12,4.12,4.12
2023-02-12,Bremen,04,00+,26,28,28,28,28,680130,3.82,4.12,4.12,4.12,4.12
2023-02-11,Bremen,04,00+,26,28,28,28,28,680130,3.82,4.12,4.12,4.12,4.12
2023-02-10,Bremen,04,00+,18,31,31,31,31,680130,2.65,4.56,4.56,4.56,4.56
2023-02-09,Bremen,04,00+,17,30,30,30,30,680130,2.5,4.41,4.41,4.41,4.41
2023-02-08,Bremen,04,00+,14,31,31,31,31,680130,2.06,4.56,4.56,4.56,4.56
2023-02-07,Bremen,04,00+,13,24,24,24,24,680130,1.91,3.53,3.53,3.53,3.53
2023-02-06,Bremen,04,00+,17,21,21,21,21,680130,2.5,3.09,3.09,3.09,3.09
2023-02-05,Bremen,04,00+,17,21,21,21,21,680130,2.5,3.09,3.09,3.09,3.09
2023-02-04,Bremen,04,00+,17,21,21,21,21,680130,2.5,3.09,3.09,3.09,3.09
2023-02-03,Bremen,04,00+,12,16,16,16,16,680130,1.76,2.35,2.35,2.35,2.35
2023-02-02,Bremen,04,00+,13,18,18,18,18,680130,1.91,2.65,2.65,2.65,2.65
2023-02-01,Bremen,04,00+,12,15,15,15,15,680130,1.76,2.21,2.21,2.21,2.21
2023-01-31,Bremen,04,00+,12,13,13,13,13,680130,1.76,1.91,1.91,1.91,1.91
2023-01-30,Bremen,04,00+,8,14,14,14,14,680130,1.18,2.06,2.06,2.06,2.06
2023-01-29,Bremen,04,00+,8,14,14,14,14,680130,1.18,2.06,2.06,2.06,2.06
2023-01-28,Bremen,04,00+,8,14,14,14,14,680130,1.18,2.06,2.06,2.06,2.06
2023-01-27,Bremen,04,00+,7,16,16,16,16,680130,1.03,2.35,2.35,2.35,2.35
2023-01-26,Bremen,04,00+,7,12,12,12,12,680130,1.03,1.76,1.76,1.76,1.76
2023-01-25,Bremen,04,00+,8,13,13,13,13,680130,1.18,1.91,1.91,1.91,1.91
2023-01-24,Bremen,04,00+,9,14,14,14,14,680130,1.32,2.06,2.06,2.06,2.06
2023-01-23,Bremen,04,00+,15,19,19,19,19,680130,2.21,2.79,2.79,2.79,2.79
2023-01-22,Bremen,04,00+,15,19,19,19,19,680130,2.21,2.79,2.79,2.79,2.79
2023-01-21,Bremen,04,00+,15,19,19,19,19,680130,2.21,2.79,2.79,2.79,2.79
2023-01-20,Bremen,04,00+,16,20,20,20,20,680130,2.35,2.94,2.94,2.94,2.94
2023-01-19,Bremen,04,00+,17,26,26,26,26,680130,2.5,3.82,3.82,3.82,3.82
2023-01-18,Bremen,04,00+,23,30,30,30,30,680130,3.38,4.41,4.41,4.41,4.41
2023-01-17,Bremen,04,00+,24,34,34,34,34,680130,3.53,5,5,5,5
2023-01-16,Bremen,04,00+,24,36,36,36,36,680130,3.53,5.29,5.29,5.29,5.29
2023-01-15,Bremen,04,00+,24,36,36,36,36,680130,3.53,5.29,5.29,5.29,5.29
2023-01-14,Bremen,04,00+,24,37,37,37,37,680130,3.53,5.44,5.44,5.44,5.44
2023-01-13,Bremen,04,00+,38,50,50,50,50,680130,5.59,7.35,7.35,7.35,7.35
2023-01-12,Bremen,04,00+,33,47,47,47,47,680130,4.85,6.91,6.91,6.91,6.91
2023-01-11,Bremen,04,00+,53,63,63,63,63,680130,7.79,9.26,9.26,9.26,9.26
2023-01-10,Bremen,04,00+,64,77,77,77,77,680130,9.41,11.32,11.32,11.32,11.32
2023-01-09,Bremen,04,00+,75,95,95,95,95,680130,11.03,13.97,13.97,13.97,13.97
2023-01-08,Bremen,04,00+,75,95,95,95,95,680130,11.03,13.97,13.97,13.97,13.97
2023-01-07,Bremen,04,00+,75,0,0,0,0,680130,11.03,0,0,0,0
2023-01-06,Bremen,04,00+,72,0,0,0,0,680130,10.59,0,0,0,0
2023-01-05,Bremen,04,00+,72,0,0,0,0,680130,10.59,0,0,0,0
2023-01-04,Bremen,04,00+,67,0,0,0,0,680130,9.85,0,0,0,0
2023-01-03,Bremen,04,00+,78,0,0,0,0,680130,11.47,0,0,0,0
2023-01-02,Bremen,04,00+,63,0,0,0,0,680130,9.26,0,0,0,0
2024-04-19,Nordrhein-Westfalen,05,00+,28,28,NA,NA,NA,17925570,0.16,0.16,NA,NA,NA
2024-04-18,Nordrhein-Westfalen,05,00+,38,39,NA,NA,NA,17925570,0.21,0.22,NA,NA,NA
2024-04-17,Nordrhein-Westfalen,05,00+,42,47,NA,NA,NA,17925570,0.23,0.26,NA,NA,NA
2024-04-16,Nordrhein-Westfalen,05,00+,40,48,57,51,72,17925570,0.22,0.27,0.32,0.29,0.4
2024-04-15,Nordrhein-Westfalen,05,00+,45,57,65,59,81,17925570,0.25,0.32,0.37,0.33,0.45
2024-04-14,Nordrhein-Westfalen,05,00+,45,57,65,59,81,17925570,0.25,0.32,0.37,0.33,0.45
2024-04-13,Nordrhein-Westfalen,05,00+,45,57,65,58,80,17925570,0.25,0.32,0.36,0.33,0.45
2024-04-12,Nordrhein-Westfalen,05,00+,51,58,65,59,80,17925570,0.28,0.32,0.37,0.33,0.45
2024-04-11,Nordrhein-Westfalen,05,00+,42,52,58,53,70,17925570,0.23,0.29,0.32,0.3,0.39
2024-04-10,Nordrhein-Westfalen,05,00+,48,60,65,60,77,17925570,0.27,0.33,0.37,0.34,0.43
2024-04-09,Nordrhein-Westfalen,05,00+,61,83,89,83,102,17925570,0.34,0.46,0.5,0.47,0.57
2024-04-08,Nordrhein-Westfalen,05,00+,53,65,68,65,77,17925570,0.3,0.36,0.38,0.37,0.43
2024-04-07,Nordrhein-Westfalen,05,00+,56,68,71,68,80,17925570,0.31,0.38,0.4,0.38,0.45
2024-04-06,Nordrhein-Westfalen,05,00+,57,68,71,68,80,17925570,0.32,0.38,0.4,0.38,0.45
2024-04-05,Nordrhein-Westfalen,05,00+,45,61,64,61,71,17925570,0.25,0.34,0.36,0.34,0.4
2024-04-04,Nordrhein-Westfalen,05,00+,38,67,70,67,77,17925570,0.21,0.37,0.39,0.38,0.43
2024-04-03,Nordrhein-Westfalen,05,00+,39,67,69,67,75,17925570,0.22,0.37,0.39,0.38,0.42
2024-04-02,Nordrhein-Westfalen,05,00+,39,60,61,60,65,17925570,0.22,0.33,0.34,0.34,0.37
2024-04-01,Nordrhein-Westfalen,05,00+,64,85,87,85,91,17925570,0.36,0.47,0.49,0.48,0.51
2024-03-31,Nordrhein-Westfalen,05,00+,64,82,84,82,88,17925570,0.36,0.46,0.47,0.46,0.49
2024-03-30,Nordrhein-Westfalen,05,00+,66,84,86,84,90,17925570,0.37,0.47,0.48,0.47,0.5
2024-03-29,Nordrhein-Westfalen,05,00+,79,98,100,98,105,17925570,0.44,0.55,0.56,0.55,0.59
2024-03-28,Nordrhein-Westfalen,05,00+,80,96,98,96,102,17925570,0.45,0.54,0.55,0.54,0.57
2024-03-27,Nordrhein-Westfalen,05,00+,71,97,98,97,102,17925570,0.4,0.54,0.55,0.54,0.57
2024-03-26,Nordrhein-Westfalen,05,00+,64,89,90,89,93,17925570,0.36,0.5,0.5,0.5,0.52
2024-03-25,Nordrhein-Westfalen,05,00+,80,100,100,100,102,17925570,0.45,0.56,0.56,0.56,0.57
2024-03-24,Nordrhein-Westfalen,05,00+,81,101,101,101,103,17925570,0.45,0.56,0.57,0.56,0.58
2024-03-23,Nordrhein-Westfalen,05,00+,81,98,98,98,100,17925570,0.45,0.55,0.55,0.55,0.56
2024-03-22,Nordrhein-Westfalen,05,00+,93,103,103,103,105,17925570,0.52,0.57,0.58,0.58,0.59
2024-03-21,Nordrhein-Westfalen,05,00+,87,102,102,102,103,17925570,0.49,0.57,0.57,0.57,0.58
2024-03-20,Nordrhein-Westfalen,05,00+,92,107,107,107,107,17925570,0.51,0.6,0.6,0.6,0.6
2024-03-19,Nordrhein-Westfalen,05,00+,83,113,113,113,113,17925570,0.46,0.63,0.63,0.63,0.63
2024-03-18,Nordrhein-Westfalen,05,00+,92,113,113,113,113,17925570,0.51,0.63,0.63,0.63,0.63
2024-03-17,Nordrhein-Westfalen,05,00+,93,113,113,113,113,17925570,0.52,0.63,0.63,0.63,0.63
2024-03-16,Nordrhein-Westfalen,05,00+,98,119,119,119,119,17925570,0.55,0.66,0.66,0.66,0.66
2024-03-15,Nordrhein-Westfalen,05,00+,109,127,127,127,127,17925570,0.61,0.71,0.71,0.71,0.71
2024-03-14,Nordrhein-Westfalen,05,00+,99,132,132,132,132,17925570,0.55,0.74,0.74,0.74,0.74
2024-03-13,Nordrhein-Westfalen,05,00+,111,140,140,140,140,17925570,0.62,0.78,0.78,0.78,0.78
2024-03-12,Nordrhein-Westfalen,05,00+,115,152,152,152,152,17925570,0.64,0.85,0.85,0.85,0.85
2024-03-11,Nordrhein-Westfalen,05,00+,111,164,164,164,164,17925570,0.62,0.91,0.91,0.91,0.91
2024-03-10,Nordrhein-Westfalen,05,00+,111,163,163,163,163,17925570,0.62,0.91,0.91,0.91,0.91
2024-03-09,Nordrhein-Westfalen,05,00+,113,161,161,161,161,17925570,0.63,0.9,0.9,0.9,0.9
2024-03-08,Nordrhein-Westfalen,05,00+,132,151,151,151,151,17925570,0.74,0.84,0.84,0.84,0.84
2024-03-07,Nordrhein-Westfalen,05,00+,126,160,160,160,160,17925570,0.7,0.89,0.89,0.89,0.89
2024-03-06,Nordrhein-Westfalen,05,00+,134,162,162,162,162,17925570,0.75,0.9,0.9,0.9,0.9
2024-03-05,Nordrhein-Westfalen,05,00+,135,166,166,166,166,17925570,0.75,0.93,0.93,0.93,0.93
2024-03-04,Nordrhein-Westfalen,05,00+,138,164,164,164,164,17925570,0.77,0.91,0.91,0.91,0.91
2024-03-03,Nordrhein-Westfalen,05,00+,143,169,169,169,169,17925570,0.8,0.94,0.94,0.94,0.94
2024-03-02,Nordrhein-Westfalen,05,00+,145,167,167,167,167,17925570,0.81,0.93,0.93,0.93,0.93
2024-03-01,Nordrhein-Westfalen,05,00+,148,176,176,176,176,17925570,0.83,0.98,0.98,0.98,0.98
2024-02-29,Nordrhein-Westfalen,05,00+,155,192,192,192,192,17925570,0.86,1.07,1.07,1.07,1.07
2024-02-28,Nordrhein-Westfalen,05,00+,155,193,193,193,193,17925570,0.86,1.08,1.08,1.08,1.08
2024-02-27,Nordrhein-Westfalen,05,00+,169,213,213,213,213,17925570,0.94,1.19,1.19,1.19,1.19
2024-02-26,Nordrhein-Westfalen,05,00+,198,236,236,236,236,17925570,1.1,1.32,1.32,1.32,1.32
2024-02-25,Nordrhein-Westfalen,05,00+,200,233,233,233,233,17925570,1.12,1.3,1.3,1.3,1.3
2024-02-24,Nordrhein-Westfalen,05,00+,207,238,238,238,238,17925570,1.15,1.33,1.33,1.33,1.33
2024-02-23,Nordrhein-Westfalen,05,00+,212,262,262,262,262,17925570,1.18,1.46,1.46,1.46,1.46
2024-02-22,Nordrhein-Westfalen,05,00+,211,265,265,265,265,17925570,1.18,1.48,1.48,1.48,1.48
2024-02-21,Nordrhein-Westfalen,05,00+,216,272,272,272,272,17925570,1.2,1.52,1.52,1.52,1.52
2024-02-20,Nordrhein-Westfalen,05,00+,255,333,333,333,333,17925570,1.42,1.86,1.86,1.86,1.86
2024-02-19,Nordrhein-Westfalen,05,00+,254,324,324,324,324,17925570,1.42,1.81,1.81,1.81,1.81
2024-02-18,Nordrhein-Westfalen,05,00+,258,327,327,327,327,17925570,1.44,1.82,1.82,1.82,1.82
2024-02-17,Nordrhein-Westfalen,05,00+,274,336,336,336,336,17925570,1.53,1.87,1.87,1.87,1.87
2024-02-16,Nordrhein-Westfalen,05,00+,287,342,342,342,342,17925570,1.6,1.91,1.91,1.91,1.91
2024-02-15,Nordrhein-Westfalen,05,00+,280,345,345,345,345,17925570,1.56,1.92,1.92,1.92,1.92
2024-02-14,Nordrhein-Westfalen,05,00+,269,350,350,350,350,17925570,1.5,1.95,1.95,1.95,1.95
2024-02-13,Nordrhein-Westfalen,05,00+,161,304,304,304,304,17925570,0.9,1.7,1.7,1.7,1.7
2024-02-12,Nordrhein-Westfalen,05,00+,288,381,381,381,381,17925570,1.61,2.13,2.13,2.13,2.13
2024-02-11,Nordrhein-Westfalen,05,00+,294,382,382,382,382,17925570,1.64,2.13,2.13,2.13,2.13
2024-02-10,Nordrhein-Westfalen,05,00+,305,378,378,378,378,17925570,1.7,2.11,2.11,2.11,2.11
2024-02-09,Nordrhein-Westfalen,05,00+,317,383,383,383,383,17925570,1.77,2.14,2.14,2.14,2.14
2024-02-08,Nordrhein-Westfalen,05,00+,349,427,427,427,427,17925570,1.95,2.38,2.38,2.38,2.38
2024-02-07,Nordrhein-Westfalen,05,00+,302,452,452,452,452,17925570,1.68,2.52,2.52,2.52,2.52
2024-02-06,Nordrhein-Westfalen,05,00+,351,471,471,471,471,17925570,1.96,2.63,2.63,2.63,2.63
2024-02-05,Nordrhein-Westfalen,05,00+,371,472,472,472,472,17925570,2.07,2.63,2.63,2.63,2.63
2024-02-04,Nordrhein-Westfalen,05,00+,374,469,469,469,469,17925570,2.09,2.62,2.62,2.62,2.62
2024-02-03,Nordrhein-Westfalen,05,00+,375,458,458,458,458,17925570,2.09,2.56,2.56,2.56,2.56
2024-02-02,Nordrhein-Westfalen,05,00+,352,463,463,463,463,17925570,1.96,2.58,2.58,2.58,2.58
2024-02-01,Nordrhein-Westfalen,05,00+,348,453,453,453,453,17925570,1.94,2.53,2.53,2.53,2.53
2024-01-31,Nordrhein-Westfalen,05,00+,323,451,451,451,451,17925570,1.8,2.52,2.52,2.52,2.52
2024-01-30,Nordrhein-Westfalen,05,00+,289,449,449,449,449,17925570,1.61,2.5,2.5,2.5,2.5
2024-01-29,Nordrhein-Westfalen,05,00+,369,461,461,461,461,17925570,2.06,2.57,2.57,2.57,2.57
2024-01-28,Nordrhein-Westfalen,05,00+,380,470,470,470,470,17925570,2.12,2.62,2.62,2.62,2.62
2024-01-27,Nordrhein-Westfalen,05,00+,387,477,477,477,477,17925570,2.16,2.66,2.66,2.66,2.66
2024-01-26,Nordrhein-Westfalen,05,00+,361,463,463,463,463,17925570,2.01,2.58,2.58,2.58,2.58
2024-01-25,Nordrhein-Westfalen,05,00+,363,465,465,465,465,17925570,2.03,2.59,2.59,2.59,2.59
2024-01-24,Nordrhein-Westfalen,05,00+,363,475,475,475,475,17925570,2.03,2.65,2.65,2.65,2.65
2024-01-23,Nordrhein-Westfalen,05,00+,354,479,479,479,479,17925570,1.97,2.67,2.67,2.67,2.67
2024-01-22,Nordrhein-Westfalen,05,00+,389,493,493,493,493,17925570,2.17,2.75,2.75,2.75,2.75
2024-01-21,Nordrhein-Westfalen,05,00+,395,488,488,488,488,17925570,2.2,2.72,2.72,2.72,2.72
2024-01-20,Nordrhein-Westfalen,05,00+,414,499,499,499,499,17925570,2.31,2.78,2.78,2.78,2.78
2024-01-19,Nordrhein-Westfalen,05,00+,421,533,533,533,533,17925570,2.35,2.97,2.97,2.97,2.97
2024-01-18,Nordrhein-Westfalen,05,00+,440,560,560,560,560,17925570,2.45,3.12,3.12,3.12,3.12
2024-01-17,Nordrhein-Westfalen,05,00+,436,571,571,571,571,17925570,2.43,3.19,3.19,3.19,3.19
2024-01-16,Nordrhein-Westfalen,05,00+,427,597,597,597,597,17925570,2.38,3.33,3.33,3.33,3.33
2024-01-15,Nordrhein-Westfalen,05,00+,459,609,609,609,609,17925570,2.56,3.4,3.4,3.4,3.4
2024-01-14,Nordrhein-Westfalen,05,00+,465,610,610,610,610,17925570,2.59,3.4,3.4,3.4,3.4
2024-01-13,Nordrhein-Westfalen,05,00+,475,602,602,602,602,17925570,2.65,3.36,3.36,3.36,3.36
2024-01-12,Nordrhein-Westfalen,05,00+,505,662,662,662,662,17925570,2.82,3.69,3.69,3.69,3.69
2024-01-11,Nordrhein-Westfalen,05,00+,597,738,738,738,738,17925570,3.33,4.12,4.12,4.12,4.12
2024-01-10,Nordrhein-Westfalen,05,00+,775,967,967,967,967,17925570,4.32,5.39,5.39,5.39,5.39
2024-01-09,Nordrhein-Westfalen,05,00+,1082,1324,1324,1324,1324,17925570,6.04,7.39,7.39,7.39,7.39
2024-01-08,Nordrhein-Westfalen,05,00+,947,1180,1180,1180,1180,17925570,5.28,6.58,6.58,6.58,6.58
2024-01-07,Nordrhein-Westfalen,05,00+,978,1206,1206,1206,1206,17925570,5.46,6.73,6.73,6.73,6.73
2024-01-06,Nordrhein-Westfalen,05,00+,1000,1220,1220,1220,1220,17925570,5.58,6.81,6.81,6.81,6.81
2024-01-05,Nordrhein-Westfalen,05,00+,936,1228,1228,1228,1228,17925570,5.22,6.85,6.85,6.85,6.85
2024-01-04,Nordrhein-Westfalen,05,00+,872,1275,1275,1275,1275,17925570,4.86,7.11,7.11,7.11,7.11
2024-01-03,Nordrhein-Westfalen,05,00+,904,1340,1340,1340,1340,17925570,5.04,7.48,7.48,7.48,7.48
2024-01-02,Nordrhein-Westfalen,05,00+,526,895,895,895,895,17925570,2.93,4.99,4.99,4.99,4.99
2024-01-01,Nordrhein-Westfalen,05,00+,558,906,906,906,906,17925570,3.11,5.05,5.05,5.05,5.05
2023-12-31,Nordrhein-Westfalen,05,00+,567,889,889,889,889,17925570,3.16,4.96,4.96,4.96,4.96
2023-12-30,Nordrhein-Westfalen,05,00+,589,911,911,911,911,17925570,3.29,5.08,5.08,5.08,5.08
2023-12-29,Nordrhein-Westfalen,05,00+,605,953,953,953,953,17925570,3.38,5.32,5.32,5.32,5.32
2023-12-28,Nordrhein-Westfalen,05,00+,553,1012,1012,1012,1012,17925570,3.08,5.65,5.65,5.65,5.65
2023-12-27,Nordrhein-Westfalen,05,00+,544,878,878,878,878,17925570,3.03,4.9,4.9,4.9,4.9
2023-12-26,Nordrhein-Westfalen,05,00+,819,1177,1177,1177,1177,17925570,4.57,6.57,6.57,6.57,6.57
2023-12-25,Nordrhein-Westfalen,05,00+,1301,1698,1698,1698,1698,17925570,7.26,9.47,9.47,9.47,9.47
2023-12-24,Nordrhein-Westfalen,05,00+,1312,1696,1696,1696,1696,17925570,7.32,9.46,9.46,9.46,9.46
2023-12-23,Nordrhein-Westfalen,05,00+,1338,1679,1679,1679,1679,17925570,7.46,9.37,9.37,9.37,9.37
2023-12-22,Nordrhein-Westfalen,05,00+,1292,1784,1784,1784,1784,17925570,7.21,9.95,9.95,9.95,9.95
2023-12-21,Nordrhein-Westfalen,05,00+,1315,1817,1817,1817,1817,17925570,7.34,10.14,10.14,10.14,10.14
2023-12-20,Nordrhein-Westfalen,05,00+,1325,1889,1889,1889,1889,17925570,7.39,10.54,10.54,10.54,10.54
2023-12-19,Nordrhein-Westfalen,05,00+,1247,1961,1961,1961,1961,17925570,6.96,10.94,10.94,10.94,10.94
2023-12-18,Nordrhein-Westfalen,05,00+,1418,2034,2034,2034,2034,17925570,7.91,11.35,11.35,11.35,11.35
2023-12-17,Nordrhein-Westfalen,05,00+,1427,2032,2032,2032,2032,17925570,7.96,11.34,11.34,11.34,11.34
2023-12-16,Nordrhein-Westfalen,05,00+,1462,2040,2040,2040,2040,17925570,8.16,11.38,11.38,11.38,11.38
2023-12-15,Nordrhein-Westfalen,05,00+,1354,2024,2024,2024,2024,17925570,7.55,11.29,11.29,11.29,11.29
2023-12-14,Nordrhein-Westfalen,05,00+,1360,2013,2013,2013,2013,17925570,7.59,11.23,11.23,11.23,11.23
2023-12-13,Nordrhein-Westfalen,05,00+,1289,1989,1989,1989,1989,17925570,7.19,11.1,11.1,11.1,11.1
2023-12-12,Nordrhein-Westfalen,05,00+,1160,1944,1944,1944,1944,17925570,6.47,10.84,10.84,10.84,10.84
2023-12-11,Nordrhein-Westfalen,05,00+,1166,1742,1742,1742,1742,17925570,6.5,9.72,9.72,9.72,9.72
2023-12-10,Nordrhein-Westfalen,05,00+,1173,1746,1746,1746,1746,17925570,6.54,9.74,9.74,9.74,9.74
2023-12-09,Nordrhein-Westfalen,05,00+,1211,1748,1748,1748,1748,17925570,6.76,9.75,9.75,9.75,9.75
2023-12-08,Nordrhein-Westfalen,05,00+,1106,1698,1698,1698,1698,17925570,6.17,9.47,9.47,9.47,9.47
2023-12-07,Nordrhein-Westfalen,05,00+,1012,1626,1626,1626,1626,17925570,5.65,9.07,9.07,9.07,9.07
2023-12-06,Nordrhein-Westfalen,05,00+,962,1627,1627,1627,1627,17925570,5.37,9.08,9.08,9.08,9.08
2023-12-05,Nordrhein-Westfalen,05,00+,895,1592,1592,1592,1592,17925570,4.99,8.88,8.88,8.88,8.88
2023-12-04,Nordrhein-Westfalen,05,00+,1134,1666,1666,1666,1666,17925570,6.33,9.29,9.29,9.29,9.29
2023-12-03,Nordrhein-Westfalen,05,00+,1150,1667,1667,1667,1667,17925570,6.42,9.3,9.3,9.3,9.3
2023-12-02,Nordrhein-Westfalen,05,00+,1161,1647,1647,1647,1647,17925570,6.48,9.19,9.19,9.19,9.19
2023-12-01,Nordrhein-Westfalen,05,00+,1085,1651,1651,1651,1651,17925570,6.05,9.21,9.21,9.21,9.21
2023-11-30,Nordrhein-Westfalen,05,00+,1006,1646,1646,1646,1646,17925570,5.61,9.18,9.18,9.18,9.18
2023-11-29,Nordrhein-Westfalen,05,00+,1032,1627,1627,1627,1627,17925570,5.76,9.08,9.08,9.08,9.08
2023-11-28,Nordrhein-Westfalen,05,00+,1037,1670,1670,1670,1670,17925570,5.79,9.32,9.32,9.32,9.32
2023-11-27,Nordrhein-Westfalen,05,00+,1286,1735,1735,1735,1735,17925570,7.17,9.68,9.68,9.68,9.68
2023-11-26,Nordrhein-Westfalen,05,00+,1303,1740,1740,1740,1740,17925570,7.27,9.71,9.71,9.71,9.71
2023-11-25,Nordrhein-Westfalen,05,00+,1326,1752,1752,1752,1752,17925570,7.4,9.77,9.77,9.77,9.77
2023-11-24,Nordrhein-Westfalen,05,00+,1196,1765,1765,1765,1765,17925570,6.67,9.85,9.85,9.85,9.85
2023-11-23,Nordrhein-Westfalen,05,00+,1259,1831,1831,1831,1831,17925570,7.02,10.21,10.21,10.21,10.21
2023-11-22,Nordrhein-Westfalen,05,00+,1107,1761,1761,1761,1761,17925570,6.18,9.82,9.82,9.82,9.82
2023-11-21,Nordrhein-Westfalen,05,00+,990,1712,1712,1712,1712,17925570,5.52,9.55,9.55,9.55,9.55
2023-11-20,Nordrhein-Westfalen,05,00+,1099,1622,1622,1622,1622,17925570,6.13,9.05,9.05,9.05,9.05
2023-11-19,Nordrhein-Westfalen,05,00+,1113,1617,1617,1617,1617,17925570,6.21,9.02,9.02,9.02,9.02
2023-11-18,Nordrhein-Westfalen,05,00+,1133,1613,1613,1613,1613,17925570,6.32,9,9,9,9
2023-11-17,Nordrhein-Westfalen,05,00+,1045,1559,1559,1559,1559,17925570,5.83,8.7,8.7,8.7,8.7
2023-11-16,Nordrhein-Westfalen,05,00+,959,1496,1496,1496,1496,17925570,5.35,8.35,8.35,8.35,8.35
2023-11-15,Nordrhein-Westfalen,05,00+,935,1583,1583,1583,1583,17925570,5.22,8.83,8.83,8.83,8.83
2023-11-14,Nordrhein-Westfalen,05,00+,840,1477,1477,1477,1477,17925570,4.69,8.24,8.24,8.24,8.24
2023-11-13,Nordrhein-Westfalen,05,00+,1087,1520,1520,1520,1520,17925570,6.06,8.48,8.48,8.48,8.48
2023-11-12,Nordrhein-Westfalen,05,00+,1107,1525,1525,1525,1525,17925570,6.18,8.51,8.51,8.51,8.51
2023-11-11,Nordrhein-Westfalen,05,00+,1132,1526,1526,1526,1526,17925570,6.32,8.51,8.51,8.51,8.51
2023-11-10,Nordrhein-Westfalen,05,00+,1116,1579,1579,1579,1579,17925570,6.23,8.81,8.81,8.81,8.81
2023-11-09,Nordrhein-Westfalen,05,00+,1107,1681,1681,1681,1681,17925570,6.18,9.38,9.38,9.38,9.38
2023-11-08,Nordrhein-Westfalen,05,00+,901,1399,1399,1399,1399,17925570,5.03,7.8,7.8,7.8,7.8
2023-11-07,Nordrhein-Westfalen,05,00+,884,1475,1475,1475,1475,17925570,4.93,8.23,8.23,8.23,8.23
2023-11-06,Nordrhein-Westfalen,05,00+,882,1361,1361,1361,1361,17925570,4.92,7.59,7.59,7.59,7.59
2023-11-05,Nordrhein-Westfalen,05,00+,898,1359,1359,1359,1359,17925570,5.01,7.58,7.58,7.58,7.58
2023-11-04,Nordrhein-Westfalen,05,00+,914,1350,1350,1350,1350,17925570,5.1,7.53,7.53,7.53,7.53
2023-11-03,Nordrhein-Westfalen,05,00+,728,1266,1266,1266,1266,17925570,4.06,7.06,7.06,7.06,7.06
2023-11-02,Nordrhein-Westfalen,05,00+,687,1152,1152,1152,1152,17925570,3.83,6.43,6.43,6.43,6.43
2023-11-01,Nordrhein-Westfalen,05,00+,840,1312,1312,1312,1312,17925570,4.69,7.32,7.32,7.32,7.32
2023-10-31,Nordrhein-Westfalen,05,00+,800,1263,1263,1263,1263,17925570,4.46,7.05,7.05,7.05,7.05
2023-10-30,Nordrhein-Westfalen,05,00+,853,1182,1182,1182,1182,17925570,4.76,6.59,6.59,6.59,6.59
2023-10-29,Nordrhein-Westfalen,05,00+,873,1183,1183,1183,1183,17925570,4.87,6.6,6.6,6.6,6.6
2023-10-28,Nordrhein-Westfalen,05,00+,897,1192,1192,1192,1192,17925570,5,6.65,6.65,6.65,6.65
2023-10-27,Nordrhein-Westfalen,05,00+,784,1140,1140,1140,1140,17925570,4.37,6.36,6.36,6.36,6.36
2023-10-26,Nordrhein-Westfalen,05,00+,735,1069,1069,1069,1069,17925570,4.1,5.96,5.96,5.96,5.96
2023-10-25,Nordrhein-Westfalen,05,00+,615,982,982,982,982,17925570,3.43,5.48,5.48,5.48,5.48
2023-10-24,Nordrhein-Westfalen,05,00+,480,865,865,865,865,17925570,2.68,4.83,4.83,4.83,4.83
2023-10-23,Nordrhein-Westfalen,05,00+,509,742,742,742,742,17925570,2.84,4.14,4.14,4.14,4.14
2023-10-22,Nordrhein-Westfalen,05,00+,524,735,735,735,735,17925570,2.92,4.1,4.1,4.1,4.1
2023-10-21,Nordrhein-Westfalen,05,00+,536,719,719,719,719,17925570,2.99,4.01,4.01,4.01,4.01
2023-10-20,Nordrhein-Westfalen,05,00+,524,710,710,710,710,17925570,2.92,3.96,3.96,3.96,3.96
2023-10-19,Nordrhein-Westfalen,05,00+,492,649,649,649,649,17925570,2.74,3.62,3.62,3.62,3.62
2023-10-18,Nordrhein-Westfalen,05,00+,460,655,655,655,655,17925570,2.57,3.65,3.65,3.65,3.65
2023-10-17,Nordrhein-Westfalen,05,00+,429,674,674,674,674,17925570,2.39,3.76,3.76,3.76,3.76
2023-10-16,Nordrhein-Westfalen,05,00+,447,653,653,653,653,17925570,2.49,3.64,3.64,3.64,3.64
2023-10-15,Nordrhein-Westfalen,05,00+,455,649,649,649,649,17925570,2.54,3.62,3.62,3.62,3.62
2023-10-14,Nordrhein-Westfalen,05,00+,466,647,647,647,647,17925570,2.6,3.61,3.61,3.61,3.61
2023-10-13,Nordrhein-Westfalen,05,00+,431,625,625,625,625,17925570,2.4,3.49,3.49,3.49,3.49
2023-10-12,Nordrhein-Westfalen,05,00+,421,621,621,621,621,17925570,2.35,3.46,3.46,3.46,3.46
2023-10-11,Nordrhein-Westfalen,05,00+,485,707,707,707,707,17925570,2.71,3.94,3.94,3.94,3.94
2023-10-10,Nordrhein-Westfalen,05,00+,373,574,574,574,574,17925570,2.08,3.2,3.2,3.2,3.2
2023-10-09,Nordrhein-Westfalen,05,00+,356,522,522,522,522,17925570,1.99,2.91,2.91,2.91,2.91
2023-10-08,Nordrhein-Westfalen,05,00+,360,515,515,515,515,17925570,2.01,2.87,2.87,2.87,2.87
2023-10-07,Nordrhein-Westfalen,05,00+,364,510,510,510,510,17925570,2.03,2.85,2.85,2.85,2.85
2023-10-06,Nordrhein-Westfalen,05,00+,358,484,484,484,484,17925570,2,2.7,2.7,2.7,2.7
2023-10-05,Nordrhein-Westfalen,05,00+,275,466,466,466,466,17925570,1.53,2.6,2.6,2.6,2.6
2023-10-04,Nordrhein-Westfalen,05,00+,211,347,347,347,347,17925570,1.18,1.94,1.94,1.94,1.94
2023-10-03,Nordrhein-Westfalen,05,00+,284,428,428,428,428,17925570,1.58,2.39,2.39,2.39,2.39
2023-10-02,Nordrhein-Westfalen,05,00+,294,411,411,411,411,17925570,1.64,2.29,2.29,2.29,2.29
2023-10-01,Nordrhein-Westfalen,05,00+,296,409,409,409,409,17925570,1.65,2.28,2.28,2.28,2.28
2023-09-30,Nordrhein-Westfalen,05,00+,300,407,407,407,407,17925570,1.67,2.27,2.27,2.27,2.27
2023-09-29,Nordrhein-Westfalen,05,00+,295,417,417,417,417,17925570,1.65,2.33,2.33,2.33,2.33
2023-09-28,Nordrhein-Westfalen,05,00+,279,399,399,399,399,17925570,1.56,2.23,2.23,2.23,2.23
2023-09-27,Nordrhein-Westfalen,05,00+,282,409,409,409,409,17925570,1.57,2.28,2.28,2.28,2.28
2023-09-26,Nordrhein-Westfalen,05,00+,280,410,410,410,410,17925570,1.56,2.29,2.29,2.29,2.29
2023-09-25,Nordrhein-Westfalen,05,00+,314,423,423,423,423,17925570,1.75,2.36,2.36,2.36,2.36
2023-09-24,Nordrhein-Westfalen,05,00+,320,428,428,428,428,17925570,1.79,2.39,2.39,2.39,2.39
2023-09-23,Nordrhein-Westfalen,05,00+,328,434,434,434,434,17925570,1.83,2.42,2.42,2.42,2.42
2023-09-22,Nordrhein-Westfalen,05,00+,315,415,415,415,415,17925570,1.76,2.32,2.32,2.32,2.32
2023-09-21,Nordrhein-Westfalen,05,00+,306,424,424,424,424,17925570,1.71,2.37,2.37,2.37,2.37
2023-09-20,Nordrhein-Westfalen,05,00+,294,424,424,424,424,17925570,1.64,2.37,2.37,2.37,2.37
2023-09-19,Nordrhein-Westfalen,05,00+,309,453,453,453,453,17925570,1.72,2.53,2.53,2.53,2.53
2023-09-18,Nordrhein-Westfalen,05,00+,350,487,487,487,487,17925570,1.95,2.72,2.72,2.72,2.72
2023-09-17,Nordrhein-Westfalen,05,00+,357,489,489,489,489,17925570,1.99,2.73,2.73,2.73,2.73
2023-09-16,Nordrhein-Westfalen,05,00+,363,486,486,486,486,17925570,2.03,2.71,2.71,2.71,2.71
2023-09-15,Nordrhein-Westfalen,05,00+,392,519,519,519,519,17925570,2.19,2.9,2.9,2.9,2.9
2023-09-14,Nordrhein-Westfalen,05,00+,407,547,547,547,547,17925570,2.27,3.05,3.05,3.05,3.05
2023-09-13,Nordrhein-Westfalen,05,00+,419,593,593,593,593,17925570,2.34,3.31,3.31,3.31,3.31
2023-09-12,Nordrhein-Westfalen,05,00+,398,596,596,596,596,17925570,2.22,3.32,3.32,3.32,3.32
2023-09-11,Nordrhein-Westfalen,05,00+,426,568,568,568,568,17925570,2.38,3.17,3.17,3.17,3.17
2023-09-10,Nordrhein-Westfalen,05,00+,435,567,567,567,567,17925570,2.43,3.16,3.16,3.16,3.16
2023-09-09,Nordrhein-Westfalen,05,00+,444,570,570,570,570,17925570,2.48,3.18,3.18,3.18,3.18
2023-09-08,Nordrhein-Westfalen,05,00+,433,572,572,572,572,17925570,2.42,3.19,3.19,3.19,3.19
2023-09-07,Nordrhein-Westfalen,05,00+,402,571,571,571,571,17925570,2.24,3.19,3.19,3.19,3.19
2023-09-06,Nordrhein-Westfalen,05,00+,378,529,529,529,529,17925570,2.11,2.95,2.95,2.95,2.95
2023-09-05,Nordrhein-Westfalen,05,00+,342,503,503,503,503,17925570,1.91,2.81,2.81,2.81,2.81
2023-09-04,Nordrhein-Westfalen,05,00+,360,505,505,505,505,17925570,2.01,2.82,2.82,2.82,2.82
2023-09-03,Nordrhein-Westfalen,05,00+,364,502,502,502,502,17925570,2.03,2.8,2.8,2.8,2.8
2023-09-02,Nordrhein-Westfalen,05,00+,375,507,507,507,507,17925570,2.09,2.83,2.83,2.83,2.83
2023-09-01,Nordrhein-Westfalen,05,00+,335,493,493,493,493,17925570,1.87,2.75,2.75,2.75,2.75
2023-08-31,Nordrhein-Westfalen,05,00+,340,482,482,482,482,17925570,1.9,2.69,2.69,2.69,2.69
2023-08-30,Nordrhein-Westfalen,05,00+,328,494,494,494,494,17925570,1.83,2.76,2.76,2.76,2.76
2023-08-29,Nordrhein-Westfalen,05,00+,306,493,493,493,493,17925570,1.71,2.75,2.75,2.75,2.75
2023-08-28,Nordrhein-Westfalen,05,00+,0,511,511,511,511,17925570,0,2.85,2.85,2.85,2.85
2023-08-27,Nordrhein-Westfalen,05,00+,0,512,512,512,512,17925570,0,2.86,2.86,2.86,2.86
2023-08-26,Nordrhein-Westfalen,05,00+,0,506,506,506,506,17925570,0,2.82,2.82,2.82,2.82
2023-08-25,Nordrhein-Westfalen,05,00+,0,498,498,498,498,17925570,0,2.78,2.78,2.78,2.78
2023-08-24,Nordrhein-Westfalen,05,00+,369,495,495,495,495,17925570,2.06,2.76,2.76,2.76,2.76
2023-08-23,Nordrhein-Westfalen,05,00+,353,475,475,475,475,17925570,1.97,2.65,2.65,2.65,2.65
2023-08-22,Nordrhein-Westfalen,05,00+,268,455,455,455,455,17925570,1.5,2.54,2.54,2.54,2.54
2023-08-21,Nordrhein-Westfalen,05,00+,250,381,381,381,381,17925570,1.39,2.13,2.13,2.13,2.13
2023-08-20,Nordrhein-Westfalen,05,00+,257,382,382,382,382,17925570,1.43,2.13,2.13,2.13,2.13
2023-08-19,Nordrhein-Westfalen,05,00+,264,380,380,380,380,17925570,1.47,2.12,2.12,2.12,2.12
2023-08-18,Nordrhein-Westfalen,05,00+,269,377,377,377,377,17925570,1.5,2.1,2.1,2.1,2.1
2023-08-17,Nordrhein-Westfalen,05,00+,241,346,346,346,346,17925570,1.34,1.93,1.93,1.93,1.93
2023-08-16,Nordrhein-Westfalen,05,00+,211,312,312,312,312,17925570,1.18,1.74,1.74,1.74,1.74
2023-08-15,Nordrhein-Westfalen,05,00+,156,290,290,290,290,17925570,0.87,1.62,1.62,1.62,1.62
2023-08-14,Nordrhein-Westfalen,05,00+,159,258,258,258,258,17925570,0.89,1.44,1.44,1.44,1.44
2023-08-13,Nordrhein-Westfalen,05,00+,160,252,252,252,252,17925570,0.89,1.41,1.41,1.41,1.41
2023-08-12,Nordrhein-Westfalen,05,00+,164,249,249,249,249,17925570,0.91,1.39,1.39,1.39,1.39
2023-08-11,Nordrhein-Westfalen,05,00+,132,209,209,209,209,17925570,0.74,1.17,1.17,1.17,1.17
2023-08-10,Nordrhein-Westfalen,05,00+,117,188,188,188,188,17925570,0.65,1.05,1.05,1.05,1.05
2023-08-09,Nordrhein-Westfalen,05,00+,115,172,172,172,172,17925570,0.64,0.96,0.96,0.96,0.96
2023-08-08,Nordrhein-Westfalen,05,00+,107,156,156,156,156,17925570,0.6,0.87,0.87,0.87,0.87
2023-08-07,Nordrhein-Westfalen,05,00+,94,135,135,135,135,17925570,0.52,0.75,0.75,0.75,0.75
2023-08-06,Nordrhein-Westfalen,05,00+,96,137,137,137,137,17925570,0.54,0.76,0.76,0.76,0.76
2023-08-05,Nordrhein-Westfalen,05,00+,98,138,138,138,138,17925570,0.55,0.77,0.77,0.77,0.77
2023-08-04,Nordrhein-Westfalen,05,00+,97,130,130,130,130,17925570,0.54,0.73,0.73,0.73,0.73
2023-08-03,Nordrhein-Westfalen,05,00+,86,119,119,119,119,17925570,0.48,0.66,0.66,0.66,0.66
2023-08-02,Nordrhein-Westfalen,05,00+,71,110,110,110,110,17925570,0.4,0.61,0.61,0.61,0.61
2023-08-01,Nordrhein-Westfalen,05,00+,64,96,96,96,96,17925570,0.36,0.54,0.54,0.54,0.54
2023-07-31,Nordrhein-Westfalen,05,00+,51,86,86,86,86,17925570,0.28,0.48,0.48,0.48,0.48
2023-07-30,Nordrhein-Westfalen,05,00+,54,86,86,86,86,17925570,0.3,0.48,0.48,0.48,0.48
2023-07-29,Nordrhein-Westfalen,05,00+,55,82,82,82,82,17925570,0.31,0.46,0.46,0.46,0.46
2023-07-28,Nordrhein-Westfalen,05,00+,56,80,80,80,80,17925570,0.31,0.45,0.45,0.45,0.45
2023-07-27,Nordrhein-Westfalen,05,00+,60,80,80,80,80,17925570,0.33,0.45,0.45,0.45,0.45
2023-07-26,Nordrhein-Westfalen,05,00+,62,85,85,85,85,17925570,0.35,0.47,0.47,0.47,0.47
2023-07-25,Nordrhein-Westfalen,05,00+,48,73,73,73,73,17925570,0.27,0.41,0.41,0.41,0.41
2023-07-24,Nordrhein-Westfalen,05,00+,64,88,88,88,88,17925570,0.36,0.49,0.49,0.49,0.49
2023-07-23,Nordrhein-Westfalen,05,00+,64,85,85,85,85,17925570,0.36,0.47,0.47,0.47,0.47
2023-07-22,Nordrhein-Westfalen,05,00+,65,85,85,85,85,17925570,0.36,0.47,0.47,0.47,0.47
2023-07-21,Nordrhein-Westfalen,05,00+,63,86,86,86,86,17925570,0.35,0.48,0.48,0.48,0.48
2023-07-20,Nordrhein-Westfalen,05,00+,68,94,94,94,94,17925570,0.38,0.52,0.52,0.52,0.52
2023-07-19,Nordrhein-Westfalen,05,00+,65,90,90,90,90,17925570,0.36,0.5,0.5,0.5,0.5
2023-07-18,Nordrhein-Westfalen,05,00+,66,108,108,108,108,17925570,0.37,0.6,0.6,0.6,0.6
2023-07-17,Nordrhein-Westfalen,05,00+,63,86,86,86,86,17925570,0.35,0.48,0.48,0.48,0.48
2023-07-16,Nordrhein-Westfalen,05,00+,64,87,87,87,87,17925570,0.36,0.49,0.49,0.49,0.49
2023-07-15,Nordrhein-Westfalen,05,00+,65,87,87,87,87,17925570,0.36,0.49,0.49,0.49,0.49
2023-07-14,Nordrhein-Westfalen,05,00+,57,84,84,84,84,17925570,0.32,0.47,0.47,0.47,0.47
2023-07-13,Nordrhein-Westfalen,05,00+,47,70,70,70,70,17925570,0.26,0.39,0.39,0.39,0.39
2023-07-12,Nordrhein-Westfalen,05,00+,30,67,67,67,67,17925570,0.17,0.37,0.37,0.37,0.37
2023-07-11,Nordrhein-Westfalen,05,00+,32,52,52,52,52,17925570,0.18,0.29,0.29,0.29,0.29
2023-07-10,Nordrhein-Westfalen,05,00+,34,48,48,48,48,17925570,0.19,0.27,0.27,0.27,0.27
2023-07-09,Nordrhein-Westfalen,05,00+,35,48,48,48,48,17925570,0.2,0.27,0.27,0.27,0.27
2023-07-08,Nordrhein-Westfalen,05,00+,37,49,49,49,49,17925570,0.21,0.27,0.27,0.27,0.27
2023-07-07,Nordrhein-Westfalen,05,00+,50,62,62,62,62,17925570,0.28,0.35,0.35,0.35,0.35
2023-07-06,Nordrhein-Westfalen,05,00+,60,75,75,75,75,17925570,0.33,0.42,0.42,0.42,0.42
2023-07-05,Nordrhein-Westfalen,05,00+,60,77,77,77,77,17925570,0.33,0.43,0.43,0.43,0.43
2023-07-04,Nordrhein-Westfalen,05,00+,54,77,77,77,77,17925570,0.3,0.43,0.43,0.43,0.43
2023-07-03,Nordrhein-Westfalen,05,00+,60,89,89,89,89,17925570,0.33,0.5,0.5,0.5,0.5
2023-07-02,Nordrhein-Westfalen,05,00+,63,91,91,91,91,17925570,0.35,0.51,0.51,0.51,0.51
2023-07-01,Nordrhein-Westfalen,05,00+,68,94,94,94,94,17925570,0.38,0.52,0.52,0.52,0.52
2023-06-30,Nordrhein-Westfalen,05,00+,61,77,77,77,77,17925570,0.34,0.43,0.43,0.43,0.43
2023-06-29,Nordrhein-Westfalen,05,00+,55,73,73,73,73,17925570,0.31,0.41,0.41,0.41,0.41
2023-06-28,Nordrhein-Westfalen,05,00+,64,86,86,86,86,17925570,0.36,0.48,0.48,0.48,0.48
2023-06-27,Nordrhein-Westfalen,05,00+,68,89,89,89,89,17925570,0.38,0.5,0.5,0.5,0.5
2023-06-26,Nordrhein-Westfalen,05,00+,76,97,97,97,97,17925570,0.42,0.54,0.54,0.54,0.54
2023-06-25,Nordrhein-Westfalen,05,00+,78,96,96,96,96,17925570,0.44,0.54,0.54,0.54,0.54
2023-06-24,Nordrhein-Westfalen,05,00+,81,95,95,95,95,17925570,0.45,0.53,0.53,0.53,0.53
2023-06-23,Nordrhein-Westfalen,05,00+,76,101,101,101,101,17925570,0.42,0.56,0.56,0.56,0.56
2023-06-22,Nordrhein-Westfalen,05,00+,84,115,115,115,115,17925570,0.47,0.64,0.64,0.64,0.64
2023-06-21,Nordrhein-Westfalen,05,00+,78,110,110,110,110,17925570,0.44,0.61,0.61,0.61,0.61
2023-06-20,Nordrhein-Westfalen,05,00+,100,131,131,131,131,17925570,0.56,0.73,0.73,0.73,0.73
2023-06-19,Nordrhein-Westfalen,05,00+,113,152,152,152,152,17925570,0.63,0.85,0.85,0.85,0.85
2023-06-18,Nordrhein-Westfalen,05,00+,118,157,157,157,157,17925570,0.66,0.88,0.88,0.88,0.88
2023-06-17,Nordrhein-Westfalen,05,00+,125,162,162,162,162,17925570,0.7,0.9,0.9,0.9,0.9
2023-06-16,Nordrhein-Westfalen,05,00+,127,179,179,179,179,17925570,0.71,1,1,1,1
2023-06-15,Nordrhein-Westfalen,05,00+,95,155,155,155,155,17925570,0.53,0.86,0.86,0.86,0.86
2023-06-14,Nordrhein-Westfalen,05,00+,105,171,171,171,171,17925570,0.59,0.95,0.95,0.95,0.95
2023-06-13,Nordrhein-Westfalen,05,00+,95,170,170,170,170,17925570,0.53,0.95,0.95,0.95,0.95
2023-06-12,Nordrhein-Westfalen,05,00+,86,163,163,163,163,17925570,0.48,0.91,0.91,0.91,0.91
2023-06-11,Nordrhein-Westfalen,05,00+,92,163,163,163,163,17925570,0.51,0.91,0.91,0.91,0.91
2023-06-10,Nordrhein-Westfalen,05,00+,96,159,159,159,159,17925570,0.54,0.89,0.89,0.89,0.89
2023-06-09,Nordrhein-Westfalen,05,00+,79,153,153,153,153,17925570,0.44,0.85,0.85,0.85,0.85
2023-06-08,Nordrhein-Westfalen,05,00+,108,182,182,182,182,17925570,0.6,1.02,1.02,1.02,1.02
2023-06-07,Nordrhein-Westfalen,05,00+,119,187,187,187,187,17925570,0.66,1.04,1.04,1.04,1.04
2023-06-06,Nordrhein-Westfalen,05,00+,170,238,238,238,238,17925570,0.95,1.33,1.33,1.33,1.33
2023-06-05,Nordrhein-Westfalen,05,00+,138,194,194,194,194,17925570,0.77,1.08,1.08,1.08,1.08
2023-06-04,Nordrhein-Westfalen,05,00+,141,191,191,191,191,17925570,0.79,1.07,1.07,1.07,1.07
2023-06-03,Nordrhein-Westfalen,05,00+,142,189,189,189,189,17925570,0.79,1.05,1.05,1.05,1.05
2023-06-02,Nordrhein-Westfalen,05,00+,144,201,201,201,201,17925570,0.8,1.12,1.12,1.12,1.12
2023-06-01,Nordrhein-Westfalen,05,00+,132,197,197,197,197,17925570,0.74,1.1,1.1,1.1,1.1
2023-05-31,Nordrhein-Westfalen,05,00+,141,219,219,219,219,17925570,0.79,1.22,1.22,1.22,1.22
2023-05-30,Nordrhein-Westfalen,05,00+,115,175,175,175,175,17925570,0.64,0.98,0.98,0.98,0.98
2023-05-29,Nordrhein-Westfalen,05,00+,194,261,261,261,261,17925570,1.08,1.46,1.46,1.46,1.46
2023-05-28,Nordrhein-Westfalen,05,00+,200,263,263,263,263,17925570,1.12,1.47,1.47,1.47,1.47
2023-05-27,Nordrhein-Westfalen,05,00+,212,272,272,272,272,17925570,1.18,1.52,1.52,1.52,1.52
2023-05-26,Nordrhein-Westfalen,05,00+,232,284,284,284,284,17925570,1.29,1.58,1.58,1.58,1.58
2023-05-25,Nordrhein-Westfalen,05,00+,180,262,262,262,262,17925570,1,1.46,1.46,1.46,1.46
2023-05-24,Nordrhein-Westfalen,05,00+,172,246,246,246,246,17925570,0.96,1.37,1.37,1.37,1.37
2023-05-23,Nordrhein-Westfalen,05,00+,160,257,257,257,257,17925570,0.89,1.43,1.43,1.43,1.43
2023-05-22,Nordrhein-Westfalen,05,00+,155,251,251,251,251,17925570,0.86,1.4,1.4,1.4,1.4
2023-05-21,Nordrhein-Westfalen,05,00+,162,257,257,257,257,17925570,0.9,1.43,1.43,1.43,1.43
2023-05-20,Nordrhein-Westfalen,05,00+,172,256,256,256,256,17925570,0.96,1.43,1.43,1.43,1.43
2023-05-19,Nordrhein-Westfalen,05,00+,179,267,267,267,267,17925570,1,1.49,1.49,1.49,1.49
2023-05-18,Nordrhein-Westfalen,05,00+,230,315,315,315,315,17925570,1.28,1.76,1.76,1.76,1.76
2023-05-17,Nordrhein-Westfalen,05,00+,240,328,328,328,328,17925570,1.34,1.83,1.83,1.83,1.83
2023-05-16,Nordrhein-Westfalen,05,00+,265,393,393,393,393,17925570,1.48,2.19,2.19,2.19,2.19
2023-05-15,Nordrhein-Westfalen,05,00+,328,444,444,444,444,17925570,1.83,2.48,2.48,2.48,2.48
2023-05-14,Nordrhein-Westfalen,05,00+,336,442,442,442,442,17925570,1.87,2.47,2.47,2.47,2.47
2023-05-13,Nordrhein-Westfalen,05,00+,357,456,456,456,456,17925570,1.99,2.54,2.54,2.54,2.54
2023-05-12,Nordrhein-Westfalen,05,00+,378,482,482,482,482,17925570,2.11,2.69,2.69,2.69,2.69
2023-05-11,Nordrhein-Westfalen,05,00+,347,494,494,494,494,17925570,1.94,2.76,2.76,2.76,2.76
2023-05-10,Nordrhein-Westfalen,05,00+,318,516,516,516,516,17925570,1.77,2.88,2.88,2.88,2.88
2023-05-09,Nordrhein-Westfalen,05,00+,383,570,570,570,570,17925570,2.14,3.18,3.18,3.18,3.18
2023-05-08,Nordrhein-Westfalen,05,00+,302,453,453,453,453,17925570,1.68,2.53,2.53,2.53,2.53
2023-05-07,Nordrhein-Westfalen,05,00+,325,470,470,470,470,17925570,1.81,2.62,2.62,2.62,2.62
2023-05-06,Nordrhein-Westfalen,05,00+,342,467,467,467,467,17925570,1.91,2.61,2.61,2.61,2.61
2023-05-05,Nordrhein-Westfalen,05,00+,335,458,458,458,458,17925570,1.87,2.56,2.56,2.56,2.56
2023-05-04,Nordrhein-Westfalen,05,00+,328,460,460,460,460,17925570,1.83,2.57,2.57,2.57,2.57
2023-05-03,Nordrhein-Westfalen,05,00+,288,462,462,462,462,17925570,1.61,2.58,2.58,2.58,2.58
2023-05-02,Nordrhein-Westfalen,05,00+,246,412,412,412,412,17925570,1.37,2.3,2.3,2.3,2.3
2023-05-01,Nordrhein-Westfalen,05,00+,398,569,569,569,569,17925570,2.22,3.17,3.17,3.17,3.17
2023-04-30,Nordrhein-Westfalen,05,00+,414,559,559,559,559,17925570,2.31,3.12,3.12,3.12,3.12
2023-04-29,Nordrhein-Westfalen,05,00+,429,554,554,554,554,17925570,2.39,3.09,3.09,3.09,3.09
2023-04-28,Nordrhein-Westfalen,05,00+,427,555,555,555,555,17925570,2.38,3.1,3.1,3.1,3.1
2023-04-27,Nordrhein-Westfalen,05,00+,417,586,586,586,586,17925570,2.33,3.27,3.27,3.27,3.27
2023-04-26,Nordrhein-Westfalen,05,00+,424,616,616,616,616,17925570,2.37,3.44,3.44,3.44,3.44
2023-04-25,Nordrhein-Westfalen,05,00+,388,605,605,605,605,17925570,2.16,3.38,3.38,3.38,3.38
2023-04-24,Nordrhein-Westfalen,05,00+,427,600,600,600,600,17925570,2.38,3.35,3.35,3.35,3.35
2023-04-23,Nordrhein-Westfalen,05,00+,440,599,599,599,599,17925570,2.45,3.34,3.34,3.34,3.34
2023-04-22,Nordrhein-Westfalen,05,00+,466,610,610,610,610,17925570,2.6,3.4,3.4,3.4,3.4
2023-04-21,Nordrhein-Westfalen,05,00+,441,624,624,624,624,17925570,2.46,3.48,3.48,3.48,3.48
2023-04-20,Nordrhein-Westfalen,05,00+,433,638,638,638,638,17925570,2.42,3.56,3.56,3.56,3.56
2023-04-19,Nordrhein-Westfalen,05,00+,498,662,662,662,662,17925570,2.78,3.69,3.69,3.69,3.69
2023-04-18,Nordrhein-Westfalen,05,00+,614,841,841,841,841,17925570,3.43,4.69,4.69,4.69,4.69
2023-04-17,Nordrhein-Westfalen,05,00+,485,699,699,699,699,17925570,2.71,3.9,3.9,3.9,3.9
2023-04-16,Nordrhein-Westfalen,05,00+,518,721,721,721,721,17925570,2.89,4.02,4.02,4.02,4.02
2023-04-15,Nordrhein-Westfalen,05,00+,555,734,734,734,734,17925570,3.1,4.09,4.09,4.09,4.09
2023-04-14,Nordrhein-Westfalen,05,00+,480,667,667,667,667,17925570,2.68,3.72,3.72,3.72,3.72
2023-04-13,Nordrhein-Westfalen,05,00+,461,654,654,654,654,17925570,2.57,3.65,3.65,3.65,3.65
2023-04-12,Nordrhein-Westfalen,05,00+,313,664,664,664,664,17925570,1.75,3.7,3.7,3.7,3.7
2023-04-11,Nordrhein-Westfalen,05,00+,250,559,559,559,559,17925570,1.39,3.12,3.12,3.12,3.12
2023-04-10,Nordrhein-Westfalen,05,00+,494,812,812,812,812,17925570,2.76,4.53,4.53,4.53,4.53
2023-04-09,Nordrhein-Westfalen,05,00+,521,810,810,810,810,17925570,2.91,4.52,4.52,4.52,4.52
2023-04-08,Nordrhein-Westfalen,05,00+,555,816,816,816,816,17925570,3.1,4.55,4.55,4.55,4.55
2023-04-07,Nordrhein-Westfalen,05,00+,710,977,977,977,977,17925570,3.96,5.45,5.45,5.45,5.45
2023-04-06,Nordrhein-Westfalen,05,00+,749,1057,1057,1057,1057,17925570,4.18,5.9,5.9,5.9,5.9
2023-04-05,Nordrhein-Westfalen,05,00+,753,1134,1134,1134,1134,17925570,4.2,6.33,6.33,6.33,6.33
2023-04-04,Nordrhein-Westfalen,05,00+,752,1173,1173,1173,1173,17925570,4.2,6.54,6.54,6.54,6.54
2023-04-03,Nordrhein-Westfalen,05,00+,833,1272,1272,1272,1272,17925570,4.65,7.1,7.1,7.1,7.1
2023-04-02,Nordrhein-Westfalen,05,00+,873,1286,1286,1286,1286,17925570,4.87,7.17,7.17,7.17,7.17
2023-04-01,Nordrhein-Westfalen,05,00+,919,1296,1296,1296,1296,17925570,5.13,7.23,7.23,7.23,7.23
2023-03-31,Nordrhein-Westfalen,05,00+,945,1340,1340,1340,1340,17925570,5.27,7.48,7.48,7.48,7.48
2023-03-30,Nordrhein-Westfalen,05,00+,960,1421,1421,1421,1421,17925570,5.36,7.93,7.93,7.93,7.93
2023-03-29,Nordrhein-Westfalen,05,00+,973,1488,1488,1488,1488,17925570,5.43,8.3,8.3,8.3,8.3
2023-03-28,Nordrhein-Westfalen,05,00+,942,1587,1587,1587,1587,17925570,5.26,8.85,8.85,8.85,8.85
2023-03-27,Nordrhein-Westfalen,05,00+,1184,1753,1753,1753,1753,17925570,6.61,9.78,9.78,9.78,9.78
2023-03-26,Nordrhein-Westfalen,05,00+,1263,1791,1791,1791,1791,17925570,7.05,9.99,9.99,9.99,9.99
2023-03-25,Nordrhein-Westfalen,05,00+,1360,1856,1856,1856,1856,17925570,7.59,10.35,10.35,10.35,10.35
2023-03-24,Nordrhein-Westfalen,05,00+,1294,1905,1905,1905,1905,17925570,7.22,10.63,10.63,10.63,10.63
2023-03-23,Nordrhein-Westfalen,05,00+,1342,1986,1986,1986,1986,17925570,7.49,11.08,11.08,11.08,11.08
2023-03-22,Nordrhein-Westfalen,05,00+,1389,2133,2133,2133,2133,17925570,7.75,11.9,11.9,11.9,11.9
2023-03-21,Nordrhein-Westfalen,05,00+,1345,2268,2268,2268,2268,17925570,7.5,12.65,12.65,12.65,12.65
2023-03-20,Nordrhein-Westfalen,05,00+,1540,2333,2333,2333,2333,17925570,8.59,13.01,13.01,13.01,13.01
2023-03-19,Nordrhein-Westfalen,05,00+,1632,2356,2356,2356,2356,17925570,9.1,13.14,13.14,13.14,13.14
2023-03-18,Nordrhein-Westfalen,05,00+,1741,2353,2353,2353,2353,17925570,9.71,13.13,13.13,13.13,13.13
2023-03-17,Nordrhein-Westfalen,05,00+,1718,2374,2374,2374,2374,17925570,9.58,13.24,13.24,13.24,13.24
2023-03-16,Nordrhein-Westfalen,05,00+,1631,2422,2422,2422,2422,17925570,9.1,13.51,13.51,13.51,13.51
2023-03-15,Nordrhein-Westfalen,05,00+,1562,2362,2362,2362,2362,17925570,8.71,13.18,13.18,13.18,13.18
2023-03-14,Nordrhein-Westfalen,05,00+,1407,2312,2312,2312,2312,17925570,7.85,12.9,12.9,12.9,12.9
2023-03-13,Nordrhein-Westfalen,05,00+,1399,2247,2247,2247,2247,17925570,7.8,12.54,12.54,12.54,12.54
2023-03-12,Nordrhein-Westfalen,05,00+,1486,2225,2225,2225,2225,17925570,8.29,12.41,12.41,12.41,12.41
2023-03-11,Nordrhein-Westfalen,05,00+,1581,2204,2204,2204,2204,17925570,8.82,12.3,12.3,12.3,12.3
2023-03-10,Nordrhein-Westfalen,05,00+,1529,2192,2192,2192,2192,17925570,8.53,12.23,12.23,12.23,12.23
2023-03-09,Nordrhein-Westfalen,05,00+,1395,2099,2099,2099,2099,17925570,7.78,11.71,11.71,11.71,11.71
2023-03-08,Nordrhein-Westfalen,05,00+,1276,2095,2095,2095,2095,17925570,7.12,11.69,11.69,11.69,11.69
2023-03-07,Nordrhein-Westfalen,05,00+,1303,2183,2183,2183,2183,17925570,7.27,12.18,12.18,12.18,12.18
2023-03-06,Nordrhein-Westfalen,05,00+,1422,2265,2265,2265,2265,17925570,7.93,12.64,12.64,12.64,12.64
2023-03-05,Nordrhein-Westfalen,05,00+,1553,2320,2320,2320,2320,17925570,8.66,12.94,12.94,12.94,12.94
2023-03-04,Nordrhein-Westfalen,05,00+,1687,2384,2384,2384,2384,17925570,9.41,13.3,13.3,13.3,13.3
2023-03-03,Nordrhein-Westfalen,05,00+,1682,2445,2445,2445,2445,17925570,9.38,13.64,13.64,13.64,13.64
2023-03-02,Nordrhein-Westfalen,05,00+,1589,2529,2529,2529,2529,17925570,8.86,14.11,14.11,14.11,14.11
2023-03-01,Nordrhein-Westfalen,05,00+,1528,2578,2578,2578,2578,17925570,8.52,14.38,14.38,14.38,14.38
2023-02-28,Nordrhein-Westfalen,05,00+,1720,2804,2804,2804,2804,17925570,9.6,15.64,15.64,15.64,15.64
2023-02-27,Nordrhein-Westfalen,05,00+,1567,2520,2520,2520,2520,17925570,8.74,14.06,14.06,14.06,14.06
2023-02-26,Nordrhein-Westfalen,05,00+,1687,2519,2519,2519,2519,17925570,9.41,14.05,14.05,14.05,14.05
2023-02-25,Nordrhein-Westfalen,05,00+,1784,2471,2471,2471,2471,17925570,9.95,13.78,13.78,13.78,13.78
2023-02-24,Nordrhein-Westfalen,05,00+,1539,2462,2462,2462,2462,17925570,8.59,13.73,13.73,13.73,13.73
2023-02-23,Nordrhein-Westfalen,05,00+,1503,2416,2416,2416,2416,17925570,8.38,13.48,13.48,13.48,13.48
2023-02-22,Nordrhein-Westfalen,05,00+,1215,2439,2439,2439,2439,17925570,6.78,13.61,13.61,13.61,13.61
2023-02-21,Nordrhein-Westfalen,05,00+,1063,2230,2230,2230,2230,17925570,5.93,12.44,12.44,12.44,12.44
2023-02-20,Nordrhein-Westfalen,05,00+,1565,2463,2463,2463,2463,17925570,8.73,13.74,13.74,13.74,13.74
2023-02-19,Nordrhein-Westfalen,05,00+,1675,2444,2444,2444,2444,17925570,9.34,13.63,13.63,13.63,13.63
2023-02-18,Nordrhein-Westfalen,05,00+,1786,2445,2445,2445,2445,17925570,9.96,13.64,13.64,13.64,13.64
2023-02-17,Nordrhein-Westfalen,05,00+,1682,2400,2400,2400,2400,17925570,9.38,13.39,13.39,13.39,13.39
2023-02-16,Nordrhein-Westfalen,05,00+,1509,2406,2406,2406,2406,17925570,8.42,13.42,13.42,13.42,13.42
2023-02-15,Nordrhein-Westfalen,05,00+,1410,2298,2298,2298,2298,17925570,7.87,12.82,12.82,12.82,12.82
2023-02-14,Nordrhein-Westfalen,05,00+,1199,2164,2164,2164,2164,17925570,6.69,12.07,12.07,12.07,12.07
2023-02-13,Nordrhein-Westfalen,05,00+,1231,2025,2025,2025,2025,17925570,6.87,11.3,11.3,11.3,11.3
2023-02-12,Nordrhein-Westfalen,05,00+,1315,1996,1996,1996,1996,17925570,7.34,11.13,11.13,11.13,11.13
2023-02-11,Nordrhein-Westfalen,05,00+,1405,1979,1979,1979,1979,17925570,7.84,11.04,11.04,11.04,11.04
2023-02-10,Nordrhein-Westfalen,05,00+,1368,1983,1983,1983,1983,17925570,7.63,11.06,11.06,11.06,11.06
2023-02-09,Nordrhein-Westfalen,05,00+,1309,1907,1907,1907,1907,17925570,7.3,10.64,10.64,10.64,10.64
2023-02-08,Nordrhein-Westfalen,05,00+,1192,1833,1833,1833,1833,17925570,6.65,10.23,10.23,10.23,10.23
2023-02-07,Nordrhein-Westfalen,05,00+,1079,1776,1776,1776,1776,17925570,6.02,9.91,9.91,9.91,9.91
2023-02-06,Nordrhein-Westfalen,05,00+,1038,1662,1662,1662,1662,17925570,5.79,9.27,9.27,9.27,9.27
2023-02-05,Nordrhein-Westfalen,05,00+,1113,1646,1646,1646,1646,17925570,6.21,9.18,9.18,9.18,9.18
2023-02-04,Nordrhein-Westfalen,05,00+,1178,1616,1616,1616,1616,17925570,6.57,9.02,9.02,9.02,9.02
2023-02-03,Nordrhein-Westfalen,05,00+,1092,1513,1513,1513,1513,17925570,6.09,8.44,8.44,8.44,8.44
2023-02-02,Nordrhein-Westfalen,05,00+,1061,1463,1463,1463,1463,17925570,5.92,8.16,8.16,8.16,8.16
2023-02-01,Nordrhein-Westfalen,05,00+,974,1385,1385,1385,1385,17925570,5.43,7.73,7.73,7.73,7.73
2023-01-31,Nordrhein-Westfalen,05,00+,879,1320,1320,1320,1320,17925570,4.9,7.36,7.36,7.36,7.36
2023-01-30,Nordrhein-Westfalen,05,00+,820,1292,1292,1292,1292,17925570,4.57,7.21,7.21,7.21,7.21
2023-01-29,Nordrhein-Westfalen,05,00+,876,1272,1272,1272,1272,17925570,4.89,7.1,7.1,7.1,7.1
2023-01-28,Nordrhein-Westfalen,05,00+,916,1249,1249,1249,1249,17925570,5.11,6.97,6.97,6.97,6.97
2023-01-27,Nordrhein-Westfalen,05,00+,846,1191,1191,1191,1191,17925570,4.72,6.64,6.64,6.64,6.64
2023-01-26,Nordrhein-Westfalen,05,00+,785,1135,1135,1135,1135,17925570,4.38,6.33,6.33,6.33,6.33
2023-01-25,Nordrhein-Westfalen,05,00+,787,1135,1135,1135,1135,17925570,4.39,6.33,6.33,6.33,6.33
2023-01-24,Nordrhein-Westfalen,05,00+,743,1110,1110,1110,1110,17925570,4.14,6.19,6.19,6.19,6.19
2023-01-23,Nordrhein-Westfalen,05,00+,786,1155,1155,1155,1155,17925570,4.38,6.44,6.44,6.44,6.44
2023-01-22,Nordrhein-Westfalen,05,00+,829,1145,1145,1145,1145,17925570,4.62,6.39,6.39,6.39,6.39
2023-01-21,Nordrhein-Westfalen,05,00+,883,1165,1165,1165,1165,17925570,4.93,6.5,6.5,6.5,6.5
2023-01-20,Nordrhein-Westfalen,05,00+,921,1233,1233,1233,1233,17925570,5.14,6.88,6.88,6.88,6.88
2023-01-19,Nordrhein-Westfalen,05,00+,927,1295,1295,1295,1295,17925570,5.17,7.22,7.22,7.22,7.22
2023-01-18,Nordrhein-Westfalen,05,00+,973,1356,1356,1356,1356,17925570,5.43,7.56,7.56,7.56,7.56
2023-01-17,Nordrhein-Westfalen,05,00+,993,1439,1439,1439,1439,17925570,5.54,8.03,8.03,8.03,8.03
2023-01-16,Nordrhein-Westfalen,05,00+,1104,1581,1581,1581,1581,17925570,6.16,8.82,8.82,8.82,8.82
2023-01-15,Nordrhein-Westfalen,05,00+,1179,1617,1617,1617,1617,17925570,6.58,9.02,9.02,9.02,9.02
2023-01-14,Nordrhein-Westfalen,05,00+,1270,1665,1665,1665,1665,17925570,7.08,9.29,9.29,9.29,9.29
2023-01-13,Nordrhein-Westfalen,05,00+,1316,1752,1752,1752,1752,17925570,7.34,9.77,9.77,9.77,9.77
2023-01-12,Nordrhein-Westfalen,05,00+,1416,1904,1904,1904,1904,17925570,7.9,10.62,10.62,10.62,10.62
2023-01-11,Nordrhein-Westfalen,05,00+,1480,2081,2081,2081,2081,17925570,8.26,11.61,11.61,11.61,11.61
2023-01-10,Nordrhein-Westfalen,05,00+,1459,2258,2258,2258,2258,17925570,8.14,12.6,12.6,12.6,12.6
2023-01-09,Nordrhein-Westfalen,05,00+,1484,2350,2350,2350,2350,17925570,8.28,13.11,13.11,13.11,13.11
2023-01-08,Nordrhein-Westfalen,05,00+,1585,2403,2403,2403,2403,17925570,8.84,13.41,13.41,13.41,13.41
2023-01-07,Nordrhein-Westfalen,05,00+,1710,0,0,0,0,17925570,9.54,0,0,0,0
2023-01-06,Nordrhein-Westfalen,05,00+,1730,0,0,0,0,17925570,9.65,0,0,0,0
2023-01-05,Nordrhein-Westfalen,05,00+,1779,0,0,0,0,17925570,9.92,0,0,0,0
2023-01-04,Nordrhein-Westfalen,05,00+,1676,0,0,0,0,17925570,9.35,0,0,0,0
2023-01-03,Nordrhein-Westfalen,05,00+,1665,0,0,0,0,17925570,9.29,0,0,0,0
2023-01-02,Nordrhein-Westfalen,05,00+,1322,0,0,0,0,17925570,7.37,0,0,0,0
2024-04-19,Hessen,06,00+,13,13,NA,NA,NA,6293154,0.21,0.21,NA,NA,NA
2024-04-18,Hessen,06,00+,15,15,NA,NA,NA,6293154,0.24,0.24,NA,NA,NA
2024-04-17,Hessen,06,00+,16,17,NA,NA,NA,6293154,0.25,0.27,NA,NA,NA
2024-04-16,Hessen,06,00+,20,22,26,23,33,6293154,0.32,0.35,0.42,0.37,0.53
2024-04-15,Hessen,06,00+,24,28,32,28,40,6293154,0.38,0.44,0.51,0.46,0.64
2024-04-14,Hessen,06,00+,24,28,32,28,40,6293154,0.38,0.44,0.51,0.46,0.64
2024-04-13,Hessen,06,00+,24,28,32,28,40,6293154,0.38,0.44,0.51,0.46,0.64
2024-04-12,Hessen,06,00+,25,33,37,33,45,6293154,0.4,0.52,0.59,0.54,0.73
2024-04-11,Hessen,06,00+,29,35,38,35,47,6293154,0.46,0.56,0.62,0.57,0.75
2024-04-10,Hessen,06,00+,28,33,36,33,43,6293154,0.44,0.52,0.58,0.53,0.69
2024-04-09,Hessen,06,00+,36,41,44,41,51,6293154,0.57,0.65,0.7,0.66,0.81
2024-04-08,Hessen,06,00+,21,31,32,31,37,6293154,0.33,0.49,0.52,0.5,0.59
2024-04-07,Hessen,06,00+,22,32,33,32,38,6293154,0.35,0.51,0.54,0.51,0.61
2024-04-06,Hessen,06,00+,23,33,34,33,39,6293154,0.37,0.52,0.56,0.53,0.62
2024-04-05,Hessen,06,00+,19,26,27,26,30,6293154,0.3,0.41,0.44,0.42,0.48
2024-04-04,Hessen,06,00+,19,25,26,25,28,6293154,0.3,0.4,0.42,0.4,0.46
2024-04-03,Hessen,06,00+,14,25,26,25,28,6293154,0.22,0.4,0.41,0.4,0.45
2024-04-02,Hessen,06,00+,9,17,17,17,18,6293154,0.14,0.27,0.28,0.27,0.29
2024-04-01,Hessen,06,00+,24,35,35,35,37,6293154,0.38,0.56,0.57,0.56,0.59
2024-03-31,Hessen,06,00+,24,34,34,34,36,6293154,0.38,0.54,0.55,0.54,0.58
2024-03-30,Hessen,06,00+,27,36,36,36,38,6293154,0.43,0.57,0.58,0.57,0.61
2024-03-29,Hessen,06,00+,31,42,42,42,44,6293154,0.49,0.67,0.68,0.67,0.71
2024-03-28,Hessen,06,00+,36,46,46,46,48,6293154,0.57,0.73,0.74,0.73,0.77
2024-03-27,Hessen,06,00+,33,43,43,43,45,6293154,0.52,0.68,0.7,0.69,0.72
2024-03-26,Hessen,06,00+,36,48,48,48,50,6293154,0.57,0.76,0.77,0.76,0.8
2024-03-25,Hessen,06,00+,29,45,45,45,46,6293154,0.46,0.72,0.72,0.72,0.74
2024-03-24,Hessen,06,00+,29,45,45,45,46,6293154,0.46,0.72,0.72,0.72,0.74
2024-03-23,Hessen,06,00+,29,42,42,42,43,6293154,0.46,0.67,0.67,0.67,0.69
2024-03-22,Hessen,06,00+,33,43,43,43,43,6293154,0.52,0.68,0.69,0.68,0.7
2024-03-21,Hessen,06,00+,32,42,42,42,42,6293154,0.51,0.67,0.67,0.67,0.68
2024-03-20,Hessen,06,00+,33,46,46,46,46,6293154,0.52,0.73,0.73,0.73,0.74
2024-03-19,Hessen,06,00+,32,45,45,45,45,6293154,0.51,0.72,0.72,0.72,0.72
2024-03-18,Hessen,06,00+,45,58,58,58,58,6293154,0.72,0.92,0.92,0.92,0.92
2024-03-17,Hessen,06,00+,46,59,59,59,59,6293154,0.73,0.94,0.94,0.94,0.94
2024-03-16,Hessen,06,00+,46,59,59,59,59,6293154,0.73,0.94,0.94,0.94,0.94
2024-03-15,Hessen,06,00+,48,65,65,65,65,6293154,0.76,1.03,1.03,1.03,1.03
2024-03-14,Hessen,06,00+,49,66,66,66,66,6293154,0.78,1.05,1.05,1.05,1.05
2024-03-13,Hessen,06,00+,52,71,71,71,71,6293154,0.83,1.13,1.13,1.13,1.13
2024-03-12,Hessen,06,00+,38,69,69,69,69,6293154,0.6,1.1,1.1,1.1,1.1
2024-03-11,Hessen,06,00+,28,59,59,59,59,6293154,0.44,0.94,0.94,0.94,0.94
2024-03-10,Hessen,06,00+,28,58,58,58,58,6293154,0.44,0.92,0.92,0.92,0.92
2024-03-09,Hessen,06,00+,28,58,58,58,58,6293154,0.44,0.92,0.92,0.92,0.92
2024-03-08,Hessen,06,00+,32,53,53,53,53,6293154,0.51,0.84,0.84,0.84,0.84
2024-03-07,Hessen,06,00+,34,55,55,55,55,6293154,0.54,0.87,0.87,0.87,0.87
2024-03-06,Hessen,06,00+,34,52,52,52,52,6293154,0.54,0.83,0.83,0.83,0.83
2024-03-05,Hessen,06,00+,34,57,57,57,57,6293154,0.54,0.91,0.91,0.91,0.91
2024-03-04,Hessen,06,00+,36,61,61,61,61,6293154,0.57,0.97,0.97,0.97,0.97
2024-03-03,Hessen,06,00+,37,62,62,62,62,6293154,0.59,0.99,0.99,0.99,0.99
2024-03-02,Hessen,06,00+,37,62,62,62,62,6293154,0.59,0.99,0.99,0.99,0.99
2024-03-01,Hessen,06,00+,41,62,62,62,62,6293154,0.65,0.99,0.99,0.99,0.99
2024-02-29,Hessen,06,00+,42,66,66,66,66,6293154,0.67,1.05,1.05,1.05,1.05
2024-02-28,Hessen,06,00+,48,74,74,74,74,6293154,0.76,1.18,1.18,1.18,1.18
2024-02-27,Hessen,06,00+,42,70,70,70,70,6293154,0.67,1.11,1.11,1.11,1.11
2024-02-26,Hessen,06,00+,62,79,79,79,79,6293154,0.99,1.26,1.26,1.26,1.26
2024-02-25,Hessen,06,00+,64,80,80,80,80,6293154,1.02,1.27,1.27,1.27,1.27
2024-02-24,Hessen,06,00+,65,81,81,81,81,6293154,1.03,1.29,1.29,1.29,1.29
2024-02-23,Hessen,06,00+,71,91,91,91,91,6293154,1.13,1.45,1.45,1.45,1.45
2024-02-22,Hessen,06,00+,69,95,95,95,95,6293154,1.1,1.51,1.51,1.51,1.51
2024-02-21,Hessen,06,00+,74,100,100,100,100,6293154,1.18,1.59,1.59,1.59,1.59
2024-02-20,Hessen,06,00+,80,109,109,109,109,6293154,1.27,1.73,1.73,1.73,1.73
2024-02-19,Hessen,06,00+,81,119,119,119,119,6293154,1.29,1.89,1.89,1.89,1.89
2024-02-18,Hessen,06,00+,83,119,119,119,119,6293154,1.32,1.89,1.89,1.89,1.89
2024-02-17,Hessen,06,00+,83,118,118,118,118,6293154,1.32,1.88,1.88,1.88,1.88
2024-02-16,Hessen,06,00+,95,121,121,121,121,6293154,1.51,1.92,1.92,1.92,1.92
2024-02-15,Hessen,06,00+,74,115,115,115,115,6293154,1.18,1.83,1.83,1.83,1.83
2024-02-14,Hessen,06,00+,94,117,117,117,117,6293154,1.49,1.86,1.86,1.86,1.86
2024-02-13,Hessen,06,00+,112,140,140,140,140,6293154,1.78,2.22,2.22,2.22,2.22
2024-02-12,Hessen,06,00+,116,143,143,143,143,6293154,1.84,2.27,2.27,2.27,2.27
2024-02-11,Hessen,06,00+,118,143,143,143,143,6293154,1.88,2.27,2.27,2.27,2.27
2024-02-10,Hessen,06,00+,119,144,144,144,144,6293154,1.89,2.29,2.29,2.29,2.29
2024-02-09,Hessen,06,00+,123,151,151,151,151,6293154,1.95,2.4,2.4,2.4,2.4
2024-02-08,Hessen,06,00+,138,173,173,173,173,6293154,2.19,2.75,2.75,2.75,2.75
2024-02-07,Hessen,06,00+,108,186,186,186,186,6293154,1.72,2.96,2.96,2.96,2.96
2024-02-06,Hessen,06,00+,116,179,179,179,179,6293154,1.84,2.84,2.84,2.84,2.84
2024-02-05,Hessen,06,00+,135,191,191,191,191,6293154,2.15,3.04,3.04,3.04,3.04
2024-02-04,Hessen,06,00+,140,194,194,194,194,6293154,2.22,3.08,3.08,3.08,3.08
2024-02-03,Hessen,06,00+,143,196,196,196,196,6293154,2.27,3.11,3.11,3.11,3.11
2024-02-02,Hessen,06,00+,137,188,188,188,188,6293154,2.18,2.99,2.99,2.99,2.99
2024-02-01,Hessen,06,00+,135,186,186,186,186,6293154,2.15,2.96,2.96,2.96,2.96
2024-01-31,Hessen,06,00+,134,180,180,180,180,6293154,2.13,2.86,2.86,2.86,2.86
2024-01-30,Hessen,06,00+,137,172,172,172,172,6293154,2.18,2.73,2.73,2.73,2.73
2024-01-29,Hessen,06,00+,142,189,189,189,189,6293154,2.26,3,3,3,3
2024-01-28,Hessen,06,00+,144,186,186,186,186,6293154,2.29,2.96,2.96,2.96,2.96
2024-01-27,Hessen,06,00+,144,183,183,183,183,6293154,2.29,2.91,2.91,2.91,2.91
2024-01-26,Hessen,06,00+,136,183,183,183,183,6293154,2.16,2.91,2.91,2.91,2.91
2024-01-25,Hessen,06,00+,130,173,173,173,173,6293154,2.07,2.75,2.75,2.75,2.75
2024-01-24,Hessen,06,00+,138,179,179,179,179,6293154,2.19,2.84,2.84,2.84,2.84
2024-01-23,Hessen,06,00+,134,187,187,187,187,6293154,2.13,2.97,2.97,2.97,2.97
2024-01-22,Hessen,06,00+,139,193,193,193,193,6293154,2.21,3.07,3.07,3.07,3.07
2024-01-21,Hessen,06,00+,143,195,195,195,195,6293154,2.27,3.1,3.1,3.1,3.1
2024-01-20,Hessen,06,00+,144,196,196,196,196,6293154,2.29,3.11,3.11,3.11,3.11
2024-01-19,Hessen,06,00+,159,213,213,213,213,6293154,2.53,3.38,3.38,3.38,3.38
2024-01-18,Hessen,06,00+,177,240,240,240,240,6293154,2.81,3.81,3.81,3.81,3.81
2024-01-17,Hessen,06,00+,187,252,252,252,252,6293154,2.97,4,4,4,4
2024-01-16,Hessen,06,00+,190,269,269,269,269,6293154,3.02,4.27,4.27,4.27,4.27
2024-01-15,Hessen,06,00+,229,304,304,304,304,6293154,3.64,4.83,4.83,4.83,4.83
2024-01-14,Hessen,06,00+,235,307,307,307,307,6293154,3.73,4.88,4.88,4.88,4.88
2024-01-13,Hessen,06,00+,235,306,306,306,306,6293154,3.73,4.86,4.86,4.86,4.86
2024-01-12,Hessen,06,00+,237,321,321,321,321,6293154,3.77,5.1,5.1,5.1,5.1
2024-01-11,Hessen,06,00+,235,330,330,330,330,6293154,3.73,5.24,5.24,5.24,5.24
2024-01-10,Hessen,06,00+,290,405,405,405,405,6293154,4.61,6.44,6.44,6.44,6.44
2024-01-09,Hessen,06,00+,425,607,607,607,607,6293154,6.75,9.65,9.65,9.65,9.65
2024-01-08,Hessen,06,00+,356,499,499,499,499,6293154,5.66,7.93,7.93,7.93,7.93
2024-01-07,Hessen,06,00+,375,512,512,512,512,6293154,5.96,8.14,8.14,8.14,8.14
2024-01-06,Hessen,06,00+,380,519,519,519,519,6293154,6.04,8.25,8.25,8.25,8.25
2024-01-05,Hessen,06,00+,392,545,545,545,545,6293154,6.23,8.66,8.66,8.66,8.66
2024-01-04,Hessen,06,00+,408,600,600,600,600,6293154,6.48,9.53,9.53,9.53,9.53
2024-01-03,Hessen,06,00+,473,750,750,750,750,6293154,7.52,11.92,11.92,11.92,11.92
2024-01-02,Hessen,06,00+,301,510,510,510,510,6293154,4.78,8.1,8.1,8.1,8.1
2024-01-01,Hessen,06,00+,321,524,524,524,524,6293154,5.1,8.33,8.33,8.33,8.33
2023-12-31,Hessen,06,00+,329,513,513,513,513,6293154,5.23,8.15,8.15,8.15,8.15
2023-12-30,Hessen,06,00+,341,522,522,522,522,6293154,5.42,8.29,8.29,8.29,8.29
2023-12-29,Hessen,06,00+,358,569,569,569,569,6293154,5.69,9.04,9.04,9.04,9.04
2023-12-28,Hessen,06,00+,373,594,594,594,594,6293154,5.93,9.44,9.44,9.44,9.44
2023-12-27,Hessen,06,00+,237,461,461,461,461,6293154,3.77,7.33,7.33,7.33,7.33
2023-12-26,Hessen,06,00+,354,586,586,586,586,6293154,5.63,9.31,9.31,9.31,9.31
2023-12-25,Hessen,06,00+,513,765,765,765,765,6293154,8.15,12.16,12.16,12.16,12.16
2023-12-24,Hessen,06,00+,521,766,766,766,766,6293154,8.28,12.17,12.17,12.17,12.17
2023-12-23,Hessen,06,00+,533,762,762,762,762,6293154,8.47,12.11,12.11,12.11,12.11
2023-12-22,Hessen,06,00+,509,731,731,731,731,6293154,8.09,11.62,11.62,11.62,11.62
2023-12-21,Hessen,06,00+,487,723,723,723,723,6293154,7.74,11.49,11.49,11.49,11.49
2023-12-20,Hessen,06,00+,483,703,703,703,703,6293154,7.68,11.17,11.17,11.17,11.17
2023-12-19,Hessen,06,00+,512,728,728,728,728,6293154,8.14,11.57,11.57,11.57,11.57
2023-12-18,Hessen,06,00+,556,770,770,770,770,6293154,8.83,12.24,12.24,12.24,12.24
2023-12-17,Hessen,06,00+,566,771,771,771,771,6293154,8.99,12.25,12.25,12.25,12.25
2023-12-16,Hessen,06,00+,570,764,764,764,764,6293154,9.06,12.14,12.14,12.14,12.14
2023-12-15,Hessen,06,00+,544,747,747,747,747,6293154,8.64,11.87,11.87,11.87,11.87
2023-12-14,Hessen,06,00+,516,703,703,703,703,6293154,8.2,11.17,11.17,11.17,11.17
2023-12-13,Hessen,06,00+,475,679,679,679,679,6293154,7.55,10.79,10.79,10.79,10.79
2023-12-12,Hessen,06,00+,446,654,654,654,654,6293154,7.09,10.39,10.39,10.39,10.39
2023-12-11,Hessen,06,00+,404,601,601,601,601,6293154,6.42,9.55,9.55,9.55,9.55
2023-12-10,Hessen,06,00+,408,595,595,595,595,6293154,6.48,9.45,9.45,9.45,9.45
2023-12-09,Hessen,06,00+,410,594,594,594,594,6293154,6.52,9.44,9.44,9.44,9.44
2023-12-08,Hessen,06,00+,423,595,595,595,595,6293154,6.72,9.45,9.45,9.45,9.45
2023-12-07,Hessen,06,00+,415,582,582,582,582,6293154,6.59,9.25,9.25,9.25,9.25
2023-12-06,Hessen,06,00+,404,577,577,577,577,6293154,6.42,9.17,9.17,9.17,9.17
2023-12-05,Hessen,06,00+,343,547,547,547,547,6293154,5.45,8.69,8.69,8.69,8.69
2023-12-04,Hessen,06,00+,367,528,528,528,528,6293154,5.83,8.39,8.39,8.39,8.39
2023-12-03,Hessen,06,00+,367,523,523,523,523,6293154,5.83,8.31,8.31,8.31,8.31
2023-12-02,Hessen,06,00+,373,525,525,525,525,6293154,5.93,8.34,8.34,8.34,8.34
2023-12-01,Hessen,06,00+,348,517,517,517,517,6293154,5.53,8.22,8.22,8.22,8.22
2023-11-30,Hessen,06,00+,306,511,511,511,511,6293154,4.86,8.12,8.12,8.12,8.12
2023-11-29,Hessen,06,00+,338,536,536,536,536,6293154,5.37,8.52,8.52,8.52,8.52
2023-11-28,Hessen,06,00+,337,547,547,547,547,6293154,5.36,8.69,8.69,8.69,8.69
2023-11-27,Hessen,06,00+,366,554,554,554,554,6293154,5.82,8.8,8.8,8.8,8.8
2023-11-26,Hessen,06,00+,377,568,568,568,568,6293154,5.99,9.03,9.03,9.03,9.03
2023-11-25,Hessen,06,00+,382,568,568,568,568,6293154,6.07,9.03,9.03,9.03,9.03
2023-11-24,Hessen,06,00+,377,557,557,557,557,6293154,5.99,8.85,8.85,8.85,8.85
2023-11-23,Hessen,06,00+,368,565,565,565,565,6293154,5.85,8.98,8.98,8.98,8.98
2023-11-22,Hessen,06,00+,363,542,542,542,542,6293154,5.77,8.61,8.61,8.61,8.61
2023-11-21,Hessen,06,00+,314,509,509,509,509,6293154,4.99,8.09,8.09,8.09,8.09
2023-11-20,Hessen,06,00+,278,472,472,472,472,6293154,4.42,7.5,7.5,7.5,7.5
2023-11-19,Hessen,06,00+,286,469,469,469,469,6293154,4.54,7.45,7.45,7.45,7.45
2023-11-18,Hessen,06,00+,293,470,470,470,470,6293154,4.66,7.47,7.47,7.47,7.47
2023-11-17,Hessen,06,00+,290,480,480,480,480,6293154,4.61,7.63,7.63,7.63,7.63
2023-11-16,Hessen,06,00+,300,480,480,480,480,6293154,4.77,7.63,7.63,7.63,7.63
2023-11-15,Hessen,06,00+,309,479,479,479,479,6293154,4.91,7.61,7.61,7.61,7.61
2023-11-14,Hessen,06,00+,286,453,453,453,453,6293154,4.54,7.2,7.2,7.2,7.2
2023-11-13,Hessen,06,00+,294,448,448,448,448,6293154,4.67,7.12,7.12,7.12,7.12
2023-11-12,Hessen,06,00+,303,446,446,446,446,6293154,4.81,7.09,7.09,7.09,7.09
2023-11-11,Hessen,06,00+,314,451,451,451,451,6293154,4.99,7.17,7.17,7.17,7.17
2023-11-10,Hessen,06,00+,299,430,430,430,430,6293154,4.75,6.83,6.83,6.83,6.83
2023-11-09,Hessen,06,00+,283,416,416,416,416,6293154,4.5,6.61,6.61,6.61,6.61
2023-11-08,Hessen,06,00+,278,406,406,406,406,6293154,4.42,6.45,6.45,6.45,6.45
2023-11-07,Hessen,06,00+,300,456,456,456,456,6293154,4.77,7.25,7.25,7.25,7.25
2023-11-06,Hessen,06,00+,329,478,478,478,478,6293154,5.23,7.6,7.6,7.6,7.6
2023-11-05,Hessen,06,00+,349,489,489,489,489,6293154,5.55,7.77,7.77,7.77,7.77
2023-11-04,Hessen,06,00+,359,487,487,487,487,6293154,5.7,7.74,7.74,7.74,7.74
2023-11-03,Hessen,06,00+,389,513,513,513,513,6293154,6.18,8.15,8.15,8.15,8.15
2023-11-02,Hessen,06,00+,367,507,507,507,507,6293154,5.83,8.06,8.06,8.06,8.06
2023-11-01,Hessen,06,00+,342,503,503,503,503,6293154,5.43,7.99,7.99,7.99,7.99
2023-10-31,Hessen,06,00+,311,478,478,478,478,6293154,4.94,7.6,7.6,7.6,7.6
2023-10-30,Hessen,06,00+,296,455,455,455,455,6293154,4.7,7.23,7.23,7.23,7.23
2023-10-29,Hessen,06,00+,305,445,445,445,445,6293154,4.85,7.07,7.07,7.07,7.07
2023-10-28,Hessen,06,00+,315,445,445,445,445,6293154,5.01,7.07,7.07,7.07,7.07
2023-10-27,Hessen,06,00+,302,416,416,416,416,6293154,4.8,6.61,6.61,6.61,6.61
2023-10-26,Hessen,06,00+,295,412,412,412,412,6293154,4.69,6.55,6.55,6.55,6.55
2023-10-25,Hessen,06,00+,260,393,393,393,393,6293154,4.13,6.24,6.24,6.24,6.24
2023-10-24,Hessen,06,00+,241,380,380,380,380,6293154,3.83,6.04,6.04,6.04,6.04
2023-10-23,Hessen,06,00+,256,366,366,366,366,6293154,4.07,5.82,5.82,5.82,5.82
2023-10-22,Hessen,06,00+,262,362,362,362,362,6293154,4.16,5.75,5.75,5.75,5.75
2023-10-21,Hessen,06,00+,267,358,358,358,358,6293154,4.24,5.69,5.69,5.69,5.69
2023-10-20,Hessen,06,00+,266,360,360,360,360,6293154,4.23,5.72,5.72,5.72,5.72
2023-10-19,Hessen,06,00+,253,351,351,351,351,6293154,4.02,5.58,5.58,5.58,5.58
2023-10-18,Hessen,06,00+,259,363,363,363,363,6293154,4.12,5.77,5.77,5.77,5.77
2023-10-17,Hessen,06,00+,233,342,342,342,342,6293154,3.7,5.43,5.43,5.43,5.43
2023-10-16,Hessen,06,00+,250,334,334,334,334,6293154,3.97,5.31,5.31,5.31,5.31
2023-10-15,Hessen,06,00+,256,334,334,334,334,6293154,4.07,5.31,5.31,5.31,5.31
2023-10-14,Hessen,06,00+,259,331,331,331,331,6293154,4.12,5.26,5.26,5.26,5.26
2023-10-13,Hessen,06,00+,244,324,324,324,324,6293154,3.88,5.15,5.15,5.15,5.15
2023-10-12,Hessen,06,00+,220,331,331,331,331,6293154,3.5,5.26,5.26,5.26,5.26
2023-10-11,Hessen,06,00+,248,343,343,343,343,6293154,3.94,5.45,5.45,5.45,5.45
2023-10-10,Hessen,06,00+,197,300,300,300,300,6293154,3.13,4.77,4.77,4.77,4.77
2023-10-09,Hessen,06,00+,192,279,279,279,279,6293154,3.05,4.43,4.43,4.43,4.43
2023-10-08,Hessen,06,00+,200,283,283,283,283,6293154,3.18,4.5,4.5,4.5,4.5
2023-10-07,Hessen,06,00+,203,285,285,285,285,6293154,3.23,4.53,4.53,4.53,4.53
2023-10-06,Hessen,06,00+,213,298,298,298,298,6293154,3.38,4.74,4.74,4.74,4.74
2023-10-05,Hessen,06,00+,176,297,297,297,297,6293154,2.8,4.72,4.72,4.72,4.72
2023-10-04,Hessen,06,00+,146,261,261,261,261,6293154,2.32,4.15,4.15,4.15,4.15
2023-10-03,Hessen,06,00+,175,298,298,298,298,6293154,2.78,4.74,4.74,4.74,4.74
2023-10-02,Hessen,06,00+,157,270,270,270,270,6293154,2.49,4.29,4.29,4.29,4.29
2023-10-01,Hessen,06,00+,158,261,261,261,261,6293154,2.51,4.15,4.15,4.15,4.15
2023-09-30,Hessen,06,00+,158,256,256,256,256,6293154,2.51,4.07,4.07,4.07,4.07
2023-09-29,Hessen,06,00+,154,231,231,231,231,6293154,2.45,3.67,3.67,3.67,3.67
2023-09-28,Hessen,06,00+,140,216,216,216,216,6293154,2.22,3.43,3.43,3.43,3.43
2023-09-27,Hessen,06,00+,128,201,201,201,201,6293154,2.03,3.19,3.19,3.19,3.19
2023-09-26,Hessen,06,00+,128,201,201,201,201,6293154,2.03,3.19,3.19,3.19,3.19
2023-09-25,Hessen,06,00+,139,213,213,213,213,6293154,2.21,3.38,3.38,3.38,3.38
2023-09-24,Hessen,06,00+,141,214,214,214,214,6293154,2.24,3.4,3.4,3.4,3.4
2023-09-23,Hessen,06,00+,144,217,217,217,217,6293154,2.29,3.45,3.45,3.45,3.45
2023-09-22,Hessen,06,00+,146,213,213,213,213,6293154,2.32,3.38,3.38,3.38,3.38
2023-09-21,Hessen,06,00+,146,209,209,209,209,6293154,2.32,3.32,3.32,3.32,3.32
2023-09-20,Hessen,06,00+,132,206,206,206,206,6293154,2.1,3.27,3.27,3.27,3.27
2023-09-19,Hessen,06,00+,132,204,204,204,204,6293154,2.1,3.24,3.24,3.24,3.24
2023-09-18,Hessen,06,00+,139,192,192,192,192,6293154,2.21,3.05,3.05,3.05,3.05
2023-09-17,Hessen,06,00+,142,193,193,193,193,6293154,2.26,3.07,3.07,3.07,3.07
2023-09-16,Hessen,06,00+,148,196,196,196,196,6293154,2.35,3.11,3.11,3.11,3.11
2023-09-15,Hessen,06,00+,149,199,199,199,199,6293154,2.37,3.16,3.16,3.16,3.16
2023-09-14,Hessen,06,00+,147,201,201,201,201,6293154,2.34,3.19,3.19,3.19,3.19
2023-09-13,Hessen,06,00+,152,212,212,212,212,6293154,2.42,3.37,3.37,3.37,3.37
2023-09-12,Hessen,06,00+,131,207,207,207,207,6293154,2.08,3.29,3.29,3.29,3.29
2023-09-11,Hessen,06,00+,134,189,189,189,189,6293154,2.13,3,3,3,3
2023-09-10,Hessen,06,00+,136,188,188,188,188,6293154,2.16,2.99,2.99,2.99,2.99
2023-09-09,Hessen,06,00+,138,185,185,185,185,6293154,2.19,2.94,2.94,2.94,2.94
2023-09-08,Hessen,06,00+,132,182,182,182,182,6293154,2.1,2.89,2.89,2.89,2.89
2023-09-07,Hessen,06,00+,121,167,167,167,167,6293154,1.92,2.65,2.65,2.65,2.65
2023-09-06,Hessen,06,00+,95,149,149,149,149,6293154,1.51,2.37,2.37,2.37,2.37
2023-09-05,Hessen,06,00+,88,134,134,134,134,6293154,1.4,2.13,2.13,2.13,2.13
2023-09-04,Hessen,06,00+,79,119,119,119,119,6293154,1.26,1.89,1.89,1.89,1.89
2023-09-03,Hessen,06,00+,79,117,117,117,117,6293154,1.26,1.86,1.86,1.86,1.86
2023-09-02,Hessen,06,00+,80,116,116,116,116,6293154,1.27,1.84,1.84,1.84,1.84
2023-09-01,Hessen,06,00+,83,111,111,111,111,6293154,1.32,1.76,1.76,1.76,1.76
2023-08-31,Hessen,06,00+,77,116,116,116,116,6293154,1.22,1.84,1.84,1.84,1.84
2023-08-30,Hessen,06,00+,65,106,106,106,106,6293154,1.03,1.68,1.68,1.68,1.68
2023-08-29,Hessen,06,00+,69,108,108,108,108,6293154,1.1,1.72,1.72,1.72,1.72
2023-08-28,Hessen,06,00+,0,108,108,108,108,6293154,0,1.72,1.72,1.72,1.72
2023-08-27,Hessen,06,00+,0,108,108,108,108,6293154,0,1.72,1.72,1.72,1.72
2023-08-26,Hessen,06,00+,0,108,108,108,108,6293154,0,1.72,1.72,1.72,1.72
2023-08-25,Hessen,06,00+,0,99,99,99,99,6293154,0,1.57,1.57,1.57,1.57
2023-08-24,Hessen,06,00+,71,90,90,90,90,6293154,1.13,1.43,1.43,1.43,1.43
2023-08-23,Hessen,06,00+,73,94,94,94,94,6293154,1.16,1.49,1.49,1.49,1.49
2023-08-22,Hessen,06,00+,63,88,88,88,88,6293154,1,1.4,1.4,1.4,1.4
2023-08-21,Hessen,06,00+,61,92,92,92,92,6293154,0.97,1.46,1.46,1.46,1.46
2023-08-20,Hessen,06,00+,61,92,92,92,92,6293154,0.97,1.46,1.46,1.46,1.46
2023-08-19,Hessen,06,00+,62,91,91,91,91,6293154,0.99,1.45,1.45,1.45,1.45
2023-08-18,Hessen,06,00+,64,97,97,97,97,6293154,1.02,1.54,1.54,1.54,1.54
2023-08-17,Hessen,06,00+,58,95,95,95,95,6293154,0.92,1.51,1.51,1.51,1.51
2023-08-16,Hessen,06,00+,60,88,88,88,88,6293154,0.95,1.4,1.4,1.4,1.4
2023-08-15,Hessen,06,00+,56,87,87,87,87,6293154,0.89,1.38,1.38,1.38,1.38
2023-08-14,Hessen,06,00+,57,73,73,73,73,6293154,0.91,1.16,1.16,1.16,1.16
2023-08-13,Hessen,06,00+,57,73,73,73,73,6293154,0.91,1.16,1.16,1.16,1.16
2023-08-12,Hessen,06,00+,58,73,73,73,73,6293154,0.92,1.16,1.16,1.16,1.16
2023-08-11,Hessen,06,00+,60,69,69,69,69,6293154,0.95,1.1,1.1,1.1,1.1
2023-08-10,Hessen,06,00+,55,66,66,66,66,6293154,0.87,1.05,1.05,1.05,1.05
2023-08-09,Hessen,06,00+,49,65,65,65,65,6293154,0.78,1.03,1.03,1.03,1.03
2023-08-08,Hessen,06,00+,38,59,59,59,59,6293154,0.6,0.94,0.94,0.94,0.94
2023-08-07,Hessen,06,00+,41,55,55,55,55,6293154,0.65,0.87,0.87,0.87,0.87
2023-08-06,Hessen,06,00+,41,55,55,55,55,6293154,0.65,0.87,0.87,0.87,0.87
2023-08-05,Hessen,06,00+,42,55,55,55,55,6293154,0.67,0.87,0.87,0.87,0.87
2023-08-04,Hessen,06,00+,40,55,55,55,55,6293154,0.64,0.87,0.87,0.87,0.87
2023-08-03,Hessen,06,00+,37,53,53,53,53,6293154,0.59,0.84,0.84,0.84,0.84
2023-08-02,Hessen,06,00+,31,52,52,52,52,6293154,0.49,0.83,0.83,0.83,0.83
2023-08-01,Hessen,06,00+,29,53,53,53,53,6293154,0.46,0.84,0.84,0.84,0.84
2023-07-31,Hessen,06,00+,25,43,43,43,43,6293154,0.4,0.68,0.68,0.68,0.68
2023-07-30,Hessen,06,00+,25,43,43,43,43,6293154,0.4,0.68,0.68,0.68,0.68
2023-07-29,Hessen,06,00+,26,44,44,44,44,6293154,0.41,0.7,0.7,0.7,0.7
2023-07-28,Hessen,06,00+,27,38,38,38,38,6293154,0.43,0.6,0.6,0.6,0.6
2023-07-27,Hessen,06,00+,28,40,40,40,40,6293154,0.44,0.64,0.64,0.64,0.64
2023-07-26,Hessen,06,00+,28,38,38,38,38,6293154,0.44,0.6,0.6,0.6,0.6
2023-07-25,Hessen,06,00+,26,36,36,36,36,6293154,0.41,0.57,0.57,0.57,0.57
2023-07-24,Hessen,06,00+,28,42,42,42,42,6293154,0.44,0.67,0.67,0.67,0.67
2023-07-23,Hessen,06,00+,28,42,42,42,42,6293154,0.44,0.67,0.67,0.67,0.67
2023-07-22,Hessen,06,00+,28,40,40,40,40,6293154,0.44,0.64,0.64,0.64,0.64
2023-07-21,Hessen,06,00+,26,39,39,39,39,6293154,0.41,0.62,0.62,0.62,0.62
2023-07-20,Hessen,06,00+,21,36,36,36,36,6293154,0.33,0.57,0.57,0.57,0.57
2023-07-19,Hessen,06,00+,19,41,41,41,41,6293154,0.3,0.65,0.65,0.65,0.65
2023-07-18,Hessen,06,00+,16,35,35,35,35,6293154,0.25,0.56,0.56,0.56,0.56
2023-07-17,Hessen,06,00+,15,27,27,27,27,6293154,0.24,0.43,0.43,0.43,0.43
2023-07-16,Hessen,06,00+,16,28,28,28,28,6293154,0.25,0.44,0.44,0.44,0.44
2023-07-15,Hessen,06,00+,16,28,28,28,28,6293154,0.25,0.44,0.44,0.44,0.44
2023-07-14,Hessen,06,00+,15,27,27,27,27,6293154,0.24,0.43,0.43,0.43,0.43
2023-07-13,Hessen,06,00+,14,24,24,24,24,6293154,0.22,0.38,0.38,0.38,0.38
2023-07-12,Hessen,06,00+,12,16,16,16,16,6293154,0.19,0.25,0.25,0.25,0.25
2023-07-11,Hessen,06,00+,11,16,16,16,16,6293154,0.17,0.25,0.25,0.25,0.25
2023-07-10,Hessen,06,00+,12,18,18,18,18,6293154,0.19,0.29,0.29,0.29,0.29
2023-07-09,Hessen,06,00+,12,17,17,17,17,6293154,0.19,0.27,0.27,0.27,0.27
2023-07-08,Hessen,06,00+,12,17,17,17,17,6293154,0.19,0.27,0.27,0.27,0.27
2023-07-07,Hessen,06,00+,20,25,25,25,25,6293154,0.32,0.4,0.4,0.4,0.4
2023-07-06,Hessen,06,00+,17,26,26,26,26,6293154,0.27,0.41,0.41,0.41,0.41
2023-07-05,Hessen,06,00+,27,37,37,37,37,6293154,0.43,0.59,0.59,0.59,0.59
2023-07-04,Hessen,06,00+,30,38,38,38,38,6293154,0.48,0.6,0.6,0.6,0.6
2023-07-03,Hessen,06,00+,33,42,42,42,42,6293154,0.52,0.67,0.67,0.67,0.67
2023-07-02,Hessen,06,00+,34,43,43,43,43,6293154,0.54,0.68,0.68,0.68,0.68
2023-07-01,Hessen,06,00+,34,43,43,43,43,6293154,0.54,0.68,0.68,0.68,0.68
2023-06-30,Hessen,06,00+,31,37,37,37,37,6293154,0.49,0.59,0.59,0.59,0.59
2023-06-29,Hessen,06,00+,30,37,37,37,37,6293154,0.48,0.59,0.59,0.59,0.59
2023-06-28,Hessen,06,00+,20,29,29,29,29,6293154,0.32,0.46,0.46,0.46,0.46
2023-06-27,Hessen,06,00+,16,25,25,25,25,6293154,0.25,0.4,0.4,0.4,0.4
2023-06-26,Hessen,06,00+,16,20,20,20,20,6293154,0.25,0.32,0.32,0.32,0.32
2023-06-25,Hessen,06,00+,16,19,19,19,19,6293154,0.25,0.3,0.3,0.3,0.3
2023-06-24,Hessen,06,00+,17,20,20,20,20,6293154,0.27,0.32,0.32,0.32,0.32
2023-06-23,Hessen,06,00+,11,15,15,15,15,6293154,0.17,0.24,0.24,0.24,0.24
2023-06-22,Hessen,06,00+,10,16,16,16,16,6293154,0.16,0.25,0.25,0.25,0.25
2023-06-21,Hessen,06,00+,16,20,20,20,20,6293154,0.25,0.32,0.32,0.32,0.32
2023-06-20,Hessen,06,00+,21,27,27,27,27,6293154,0.33,0.43,0.43,0.43,0.43
2023-06-19,Hessen,06,00+,31,42,42,42,42,6293154,0.49,0.67,0.67,0.67,0.67
2023-06-18,Hessen,06,00+,32,43,43,43,43,6293154,0.51,0.68,0.68,0.68,0.68
2023-06-17,Hessen,06,00+,33,43,43,43,43,6293154,0.52,0.68,0.68,0.68,0.68
2023-06-16,Hessen,06,00+,39,51,51,51,51,6293154,0.62,0.81,0.81,0.81,0.81
2023-06-15,Hessen,06,00+,34,48,48,48,48,6293154,0.54,0.76,0.76,0.76,0.76
2023-06-14,Hessen,06,00+,35,52,52,52,52,6293154,0.56,0.83,0.83,0.83,0.83
2023-06-13,Hessen,06,00+,32,53,53,53,53,6293154,0.51,0.84,0.84,0.84,0.84
2023-06-12,Hessen,06,00+,34,56,56,56,56,6293154,0.54,0.89,0.89,0.89,0.89
2023-06-11,Hessen,06,00+,34,56,56,56,56,6293154,0.54,0.89,0.89,0.89,0.89
2023-06-10,Hessen,06,00+,34,55,55,55,55,6293154,0.54,0.87,0.87,0.87,0.87
2023-06-09,Hessen,06,00+,30,58,58,58,58,6293154,0.48,0.92,0.92,0.92,0.92
2023-06-08,Hessen,06,00+,42,71,71,71,71,6293154,0.67,1.13,1.13,1.13,1.13
2023-06-07,Hessen,06,00+,49,69,69,69,69,6293154,0.78,1.1,1.1,1.1,1.1
2023-06-06,Hessen,06,00+,66,88,88,88,88,6293154,1.05,1.4,1.4,1.4,1.4
2023-06-05,Hessen,06,00+,53,66,66,66,66,6293154,0.84,1.05,1.05,1.05,1.05
2023-06-04,Hessen,06,00+,53,65,65,65,65,6293154,0.84,1.03,1.03,1.03,1.03
2023-06-03,Hessen,06,00+,54,66,66,66,66,6293154,0.86,1.05,1.05,1.05,1.05
2023-06-02,Hessen,06,00+,50,60,60,60,60,6293154,0.79,0.95,0.95,0.95,0.95
2023-06-01,Hessen,06,00+,45,60,60,60,60,6293154,0.72,0.95,0.95,0.95,0.95
2023-05-31,Hessen,06,00+,43,59,59,59,59,6293154,0.68,0.94,0.94,0.94,0.94
2023-05-30,Hessen,06,00+,38,52,52,52,52,6293154,0.6,0.83,0.83,0.83,0.83
2023-05-29,Hessen,06,00+,73,89,89,89,89,6293154,1.16,1.41,1.41,1.41,1.41
2023-05-28,Hessen,06,00+,75,91,91,91,91,6293154,1.19,1.45,1.45,1.45,1.45
2023-05-27,Hessen,06,00+,75,90,90,90,90,6293154,1.19,1.43,1.43,1.43,1.43
2023-05-26,Hessen,06,00+,79,96,96,96,96,6293154,1.26,1.53,1.53,1.53,1.53
2023-05-25,Hessen,06,00+,64,85,85,85,85,6293154,1.02,1.35,1.35,1.35,1.35
2023-05-24,Hessen,06,00+,76,103,103,103,103,6293154,1.21,1.64,1.64,1.64,1.64
2023-05-23,Hessen,06,00+,76,110,110,110,110,6293154,1.21,1.75,1.75,1.75,1.75
2023-05-22,Hessen,06,00+,77,107,107,107,107,6293154,1.22,1.7,1.7,1.7,1.7
2023-05-21,Hessen,06,00+,78,106,106,106,106,6293154,1.24,1.68,1.68,1.68,1.68
2023-05-20,Hessen,06,00+,80,109,109,109,109,6293154,1.27,1.73,1.73,1.73,1.73
2023-05-19,Hessen,06,00+,77,106,106,106,106,6293154,1.22,1.68,1.68,1.68,1.68
2023-05-18,Hessen,06,00+,94,124,124,124,124,6293154,1.49,1.97,1.97,1.97,1.97
2023-05-17,Hessen,06,00+,86,114,114,114,114,6293154,1.37,1.81,1.81,1.81,1.81
2023-05-16,Hessen,06,00+,89,114,114,114,114,6293154,1.41,1.81,1.81,1.81,1.81
2023-05-15,Hessen,06,00+,98,126,126,126,126,6293154,1.56,2,2,2,2
2023-05-14,Hessen,06,00+,100,128,128,128,128,6293154,1.59,2.03,2.03,2.03,2.03
2023-05-13,Hessen,06,00+,102,127,127,127,127,6293154,1.62,2.02,2.02,2.02,2.02
2023-05-12,Hessen,06,00+,101,139,139,139,139,6293154,1.6,2.21,2.21,2.21,2.21
2023-05-11,Hessen,06,00+,119,155,155,155,155,6293154,1.89,2.46,2.46,2.46,2.46
2023-05-10,Hessen,06,00+,130,168,168,168,168,6293154,2.07,2.67,2.67,2.67,2.67
2023-05-09,Hessen,06,00+,160,202,202,202,202,6293154,2.54,3.21,3.21,3.21,3.21
2023-05-08,Hessen,06,00+,120,160,160,160,160,6293154,1.91,2.54,2.54,2.54,2.54
2023-05-07,Hessen,06,00+,126,163,163,163,163,6293154,2,2.59,2.59,2.59,2.59
2023-05-06,Hessen,06,00+,129,164,164,164,164,6293154,2.05,2.61,2.61,2.61,2.61
2023-05-05,Hessen,06,00+,136,166,166,166,166,6293154,2.16,2.64,2.64,2.64,2.64
2023-05-04,Hessen,06,00+,112,150,150,150,150,6293154,1.78,2.38,2.38,2.38,2.38
2023-05-03,Hessen,06,00+,116,162,162,162,162,6293154,1.84,2.57,2.57,2.57,2.57
2023-05-02,Hessen,06,00+,99,151,151,151,151,6293154,1.57,2.4,2.4,2.4,2.4
2023-05-01,Hessen,06,00+,176,230,230,230,230,6293154,2.8,3.65,3.65,3.65,3.65
2023-04-30,Hessen,06,00+,179,229,229,229,229,6293154,2.84,3.64,3.64,3.64,3.64
2023-04-29,Hessen,06,00+,180,227,227,227,227,6293154,2.86,3.61,3.61,3.61,3.61
2023-04-28,Hessen,06,00+,185,225,225,225,225,6293154,2.94,3.58,3.58,3.58,3.58
2023-04-27,Hessen,06,00+,198,252,252,252,252,6293154,3.15,4,4,4,4
2023-04-26,Hessen,06,00+,199,245,245,245,245,6293154,3.16,3.89,3.89,3.89,3.89
2023-04-25,Hessen,06,00+,178,241,241,241,241,6293154,2.83,3.83,3.83,3.83,3.83
2023-04-24,Hessen,06,00+,186,232,232,232,232,6293154,2.96,3.69,3.69,3.69,3.69
2023-04-23,Hessen,06,00+,190,231,231,231,231,6293154,3.02,3.67,3.67,3.67,3.67
2023-04-22,Hessen,06,00+,190,230,230,230,230,6293154,3.02,3.65,3.65,3.65,3.65
2023-04-21,Hessen,06,00+,192,245,245,245,245,6293154,3.05,3.89,3.89,3.89,3.89
2023-04-20,Hessen,06,00+,174,239,239,239,239,6293154,2.76,3.8,3.8,3.8,3.8
2023-04-19,Hessen,06,00+,178,264,264,264,264,6293154,2.83,4.2,4.2,4.2,4.2
2023-04-18,Hessen,06,00+,261,356,356,356,356,6293154,4.15,5.66,5.66,5.66,5.66
2023-04-17,Hessen,06,00+,219,288,288,288,288,6293154,3.48,4.58,4.58,4.58,4.58
2023-04-16,Hessen,06,00+,221,286,286,286,286,6293154,3.51,4.54,4.54,4.54,4.54
2023-04-15,Hessen,06,00+,225,292,292,292,292,6293154,3.58,4.64,4.64,4.64,4.64
2023-04-14,Hessen,06,00+,197,258,258,258,258,6293154,3.13,4.1,4.1,4.1,4.1
2023-04-13,Hessen,06,00+,185,259,259,259,259,6293154,2.94,4.12,4.12,4.12,4.12
2023-04-12,Hessen,06,00+,146,239,239,239,239,6293154,2.32,3.8,3.8,3.8,3.8
2023-04-11,Hessen,06,00+,94,167,167,167,167,6293154,1.49,2.65,2.65,2.65,2.65
2023-04-10,Hessen,06,00+,174,252,252,252,252,6293154,2.76,4,4,4,4
2023-04-09,Hessen,06,00+,181,262,262,262,262,6293154,2.88,4.16,4.16,4.16,4.16
2023-04-08,Hessen,06,00+,184,259,259,259,259,6293154,2.92,4.12,4.12,4.12,4.12
2023-04-07,Hessen,06,00+,227,316,316,316,316,6293154,3.61,5.02,5.02,5.02,5.02
2023-04-06,Hessen,06,00+,228,329,329,329,329,6293154,3.62,5.23,5.23,5.23,5.23
2023-04-05,Hessen,06,00+,268,364,364,364,364,6293154,4.26,5.78,5.78,5.78,5.78
2023-04-04,Hessen,06,00+,267,364,364,364,364,6293154,4.24,5.78,5.78,5.78,5.78
2023-04-03,Hessen,06,00+,302,400,400,400,400,6293154,4.8,6.36,6.36,6.36,6.36
2023-04-02,Hessen,06,00+,311,398,398,398,398,6293154,4.94,6.32,6.32,6.32,6.32
2023-04-01,Hessen,06,00+,319,404,404,404,404,6293154,5.07,6.42,6.42,6.42,6.42
2023-03-31,Hessen,06,00+,341,418,418,418,418,6293154,5.42,6.64,6.64,6.64,6.64
2023-03-30,Hessen,06,00+,321,436,436,436,436,6293154,5.1,6.93,6.93,6.93,6.93
2023-03-29,Hessen,06,00+,351,476,476,476,476,6293154,5.58,7.56,7.56,7.56,7.56
2023-03-28,Hessen,06,00+,375,503,503,503,503,6293154,5.96,7.99,7.99,7.99,7.99
2023-03-27,Hessen,06,00+,362,524,524,524,524,6293154,5.75,8.33,8.33,8.33,8.33
2023-03-26,Hessen,06,00+,371,526,526,526,526,6293154,5.9,8.36,8.36,8.36,8.36
2023-03-25,Hessen,06,00+,378,526,526,526,526,6293154,6.01,8.36,8.36,8.36,8.36
2023-03-24,Hessen,06,00+,390,546,546,546,546,6293154,6.2,8.68,8.68,8.68,8.68
2023-03-23,Hessen,06,00+,405,564,564,564,564,6293154,6.44,8.96,8.96,8.96,8.96
2023-03-22,Hessen,06,00+,377,556,556,556,556,6293154,5.99,8.83,8.83,8.83,8.83
2023-03-21,Hessen,06,00+,435,613,613,613,613,6293154,6.91,9.74,9.74,9.74,9.74
2023-03-20,Hessen,06,00+,527,696,696,696,696,6293154,8.37,11.06,11.06,11.06,11.06
2023-03-19,Hessen,06,00+,534,692,692,692,692,6293154,8.49,11,11,11,11
2023-03-18,Hessen,06,00+,550,700,700,700,700,6293154,8.74,11.12,11.12,11.12,11.12
2023-03-17,Hessen,06,00+,535,704,704,704,704,6293154,8.5,11.19,11.19,11.19,11.19
2023-03-16,Hessen,06,00+,543,723,723,723,723,6293154,8.63,11.49,11.49,11.49,11.49
2023-03-15,Hessen,06,00+,554,720,720,720,720,6293154,8.8,11.44,11.44,11.44,11.44
2023-03-14,Hessen,06,00+,521,713,713,713,713,6293154,8.28,11.33,11.33,11.33,11.33
2023-03-13,Hessen,06,00+,499,673,673,673,673,6293154,7.93,10.69,10.69,10.69,10.69
2023-03-12,Hessen,06,00+,509,675,675,675,675,6293154,8.09,10.73,10.73,10.73,10.73
2023-03-11,Hessen,06,00+,516,667,667,667,667,6293154,8.2,10.6,10.6,10.6,10.6
2023-03-10,Hessen,06,00+,566,711,711,711,711,6293154,8.99,11.3,11.3,11.3,11.3
2023-03-09,Hessen,06,00+,525,699,699,699,699,6293154,8.34,11.11,11.11,11.11,11.11
2023-03-08,Hessen,06,00+,520,711,711,711,711,6293154,8.26,11.3,11.3,11.3,11.3
2023-03-07,Hessen,06,00+,536,715,715,715,715,6293154,8.52,11.36,11.36,11.36,11.36
2023-03-06,Hessen,06,00+,572,764,764,764,764,6293154,9.09,12.14,12.14,12.14,12.14
2023-03-05,Hessen,06,00+,583,769,769,769,769,6293154,9.26,12.22,12.22,12.22,12.22
2023-03-04,Hessen,06,00+,595,774,774,774,774,6293154,9.45,12.3,12.3,12.3,12.3
2023-03-03,Hessen,06,00+,543,736,736,736,736,6293154,8.63,11.7,11.7,11.7,11.7
2023-03-02,Hessen,06,00+,556,749,749,749,749,6293154,8.83,11.9,11.9,11.9,11.9
2023-03-01,Hessen,06,00+,574,768,768,768,768,6293154,9.12,12.2,12.2,12.2,12.2
2023-02-28,Hessen,06,00+,570,774,774,774,774,6293154,9.06,12.3,12.3,12.3,12.3
2023-02-27,Hessen,06,00+,537,728,728,728,728,6293154,8.53,11.57,11.57,11.57,11.57
2023-02-26,Hessen,06,00+,551,730,730,730,730,6293154,8.76,11.6,11.6,11.6,11.6
2023-02-25,Hessen,06,00+,566,735,735,735,735,6293154,8.99,11.68,11.68,11.68,11.68
2023-02-24,Hessen,06,00+,591,759,759,759,759,6293154,9.39,12.06,12.06,12.06,12.06
2023-02-23,Hessen,06,00+,557,755,755,755,755,6293154,8.85,12,12,12,12
2023-02-22,Hessen,06,00+,545,753,753,753,753,6293154,8.66,11.97,11.97,11.97,11.97
2023-02-21,Hessen,06,00+,506,735,735,735,735,6293154,8.04,11.68,11.68,11.68,11.68
2023-02-20,Hessen,06,00+,529,719,719,719,719,6293154,8.41,11.43,11.43,11.43,11.43
2023-02-19,Hessen,06,00+,535,711,711,711,711,6293154,8.5,11.3,11.3,11.3,11.3
2023-02-18,Hessen,06,00+,548,705,705,705,705,6293154,8.71,11.2,11.2,11.2,11.2
2023-02-17,Hessen,06,00+,522,669,669,669,669,6293154,8.29,10.63,10.63,10.63,10.63
2023-02-16,Hessen,06,00+,477,651,651,651,651,6293154,7.58,10.34,10.34,10.34,10.34
2023-02-15,Hessen,06,00+,398,619,619,619,619,6293154,6.32,9.84,9.84,9.84,9.84
2023-02-14,Hessen,06,00+,390,570,570,570,570,6293154,6.2,9.06,9.06,9.06,9.06
2023-02-13,Hessen,06,00+,396,537,537,537,537,6293154,6.29,8.53,8.53,8.53,8.53
2023-02-12,Hessen,06,00+,403,535,535,535,535,6293154,6.4,8.5,8.5,8.5,8.5
2023-02-11,Hessen,06,00+,414,533,533,533,533,6293154,6.58,8.47,8.47,8.47,8.47
2023-02-10,Hessen,06,00+,405,530,530,530,530,6293154,6.44,8.42,8.42,8.42,8.42
2023-02-09,Hessen,06,00+,379,510,510,510,510,6293154,6.02,8.1,8.1,8.1,8.1
2023-02-08,Hessen,06,00+,363,490,490,490,490,6293154,5.77,7.79,7.79,7.79,7.79
2023-02-07,Hessen,06,00+,380,499,499,499,499,6293154,6.04,7.93,7.93,7.93,7.93
2023-02-06,Hessen,06,00+,325,464,464,464,464,6293154,5.16,7.37,7.37,7.37,7.37
2023-02-05,Hessen,06,00+,332,465,465,465,465,6293154,5.28,7.39,7.39,7.39,7.39
2023-02-04,Hessen,06,00+,335,458,458,458,458,6293154,5.32,7.28,7.28,7.28,7.28
2023-02-03,Hessen,06,00+,303,434,434,434,434,6293154,4.81,6.9,6.9,6.9,6.9
2023-02-02,Hessen,06,00+,321,430,430,430,430,6293154,5.1,6.83,6.83,6.83,6.83
2023-02-01,Hessen,06,00+,313,418,418,418,418,6293154,4.97,6.64,6.64,6.64,6.64
2023-01-31,Hessen,06,00+,283,376,376,376,376,6293154,4.5,5.97,5.97,5.97,5.97
2023-01-30,Hessen,06,00+,286,370,370,370,370,6293154,4.54,5.88,5.88,5.88,5.88
2023-01-29,Hessen,06,00+,290,367,367,367,367,6293154,4.61,5.83,5.83,5.83,5.83
2023-01-28,Hessen,06,00+,293,366,366,366,366,6293154,4.66,5.82,5.82,5.82,5.82
2023-01-27,Hessen,06,00+,268,348,348,348,348,6293154,4.26,5.53,5.53,5.53,5.53
2023-01-26,Hessen,06,00+,260,346,346,346,346,6293154,4.13,5.5,5.5,5.5,5.5
2023-01-25,Hessen,06,00+,251,339,339,339,339,6293154,3.99,5.39,5.39,5.39,5.39
2023-01-24,Hessen,06,00+,251,334,334,334,334,6293154,3.99,5.31,5.31,5.31,5.31
2023-01-23,Hessen,06,00+,262,350,350,350,350,6293154,4.16,5.56,5.56,5.56,5.56
2023-01-22,Hessen,06,00+,283,367,367,367,367,6293154,4.5,5.83,5.83,5.83,5.83
2023-01-21,Hessen,06,00+,289,370,370,370,370,6293154,4.59,5.88,5.88,5.88,5.88
2023-01-20,Hessen,06,00+,289,380,380,380,380,6293154,4.59,6.04,6.04,6.04,6.04
2023-01-19,Hessen,06,00+,307,408,408,408,408,6293154,4.88,6.48,6.48,6.48,6.48
2023-01-18,Hessen,06,00+,313,435,435,435,435,6293154,4.97,6.91,6.91,6.91,6.91
2023-01-17,Hessen,06,00+,349,487,487,487,487,6293154,5.55,7.74,7.74,7.74,7.74
2023-01-16,Hessen,06,00+,379,537,537,537,537,6293154,6.02,8.53,8.53,8.53,8.53
2023-01-15,Hessen,06,00+,386,523,523,523,523,6293154,6.13,8.31,8.31,8.31,8.31
2023-01-14,Hessen,06,00+,391,523,523,523,523,6293154,6.21,8.31,8.31,8.31,8.31
2023-01-13,Hessen,06,00+,389,540,540,540,540,6293154,6.18,8.58,8.58,8.58,8.58
2023-01-12,Hessen,06,00+,384,540,540,540,540,6293154,6.1,8.58,8.58,8.58,8.58
2023-01-11,Hessen,06,00+,374,564,564,564,564,6293154,5.94,8.96,8.96,8.96,8.96
2023-01-10,Hessen,06,00+,433,625,625,625,625,6293154,6.88,9.93,9.93,9.93,9.93
2023-01-09,Hessen,06,00+,526,697,697,697,697,6293154,8.36,11.08,11.08,11.08,11.08
2023-01-08,Hessen,06,00+,531,695,695,695,695,6293154,8.44,11.04,11.04,11.04,11.04
2023-01-07,Hessen,06,00+,549,0,0,0,0,6293154,8.72,0,0,0,0
2023-01-06,Hessen,06,00+,533,0,0,0,0,6293154,8.47,0,0,0,0
2023-01-05,Hessen,06,00+,552,0,0,0,0,6293154,8.77,0,0,0,0
2023-01-04,Hessen,06,00+,505,0,0,0,0,6293154,8.02,0,0,0,0
2023-01-03,Hessen,06,00+,604,0,0,0,0,6293154,9.6,0,0,0,0
2023-01-02,Hessen,06,00+,458,0,0,0,0,6293154,7.28,0,0,0,0
2024-04-19,Rheinland-Pfalz,07,00+,10,10,NA,NA,NA,4098391,0.24,0.24,NA,NA,NA
2024-04-18,Rheinland-Pfalz,07,00+,6,8,NA,NA,NA,4098391,0.15,0.2,NA,NA,NA
2024-04-17,Rheinland-Pfalz,07,00+,7,9,NA,NA,NA,4098391,0.17,0.22,NA,NA,NA
2024-04-16,Rheinland-Pfalz,07,00+,8,10,13,11,17,4098391,0.2,0.24,0.33,0.27,0.43
2024-04-15,Rheinland-Pfalz,07,00+,6,9,10,9,12,4098391,0.15,0.22,0.25,0.22,0.32
2024-04-14,Rheinland-Pfalz,07,00+,6,9,10,9,12,4098391,0.15,0.22,0.25,0.22,0.32
2024-04-13,Rheinland-Pfalz,07,00+,6,9,10,9,12,4098391,0.15,0.22,0.25,0.22,0.32
2024-04-12,Rheinland-Pfalz,07,00+,7,10,11,10,14,4098391,0.17,0.24,0.28,0.25,0.35
2024-04-11,Rheinland-Pfalz,07,00+,8,12,13,12,16,4098391,0.2,0.29,0.33,0.3,0.41
2024-04-10,Rheinland-Pfalz,07,00+,12,15,16,15,19,4098391,0.29,0.37,0.4,0.37,0.48
2024-04-09,Rheinland-Pfalz,07,00+,16,20,21,20,25,4098391,0.39,0.49,0.53,0.49,0.61
2024-04-08,Rheinland-Pfalz,07,00+,12,14,14,14,16,4098391,0.29,0.34,0.36,0.34,0.41
2024-04-07,Rheinland-Pfalz,07,00+,12,14,14,14,16,4098391,0.29,0.34,0.36,0.34,0.41
2024-04-06,Rheinland-Pfalz,07,00+,12,14,14,14,16,4098391,0.29,0.34,0.36,0.34,0.41
2024-04-05,Rheinland-Pfalz,07,00+,8,13,13,13,15,4098391,0.2,0.32,0.33,0.32,0.37
2024-04-04,Rheinland-Pfalz,07,00+,11,18,18,18,20,4098391,0.27,0.44,0.46,0.44,0.5
2024-04-03,Rheinland-Pfalz,07,00+,12,19,19,19,21,4098391,0.29,0.46,0.48,0.47,0.52
2024-04-02,Rheinland-Pfalz,07,00+,8,14,14,14,15,4098391,0.2,0.34,0.35,0.34,0.37
2024-04-01,Rheinland-Pfalz,07,00+,19,25,25,25,26,4098391,0.46,0.61,0.63,0.61,0.66
2024-03-31,Rheinland-Pfalz,07,00+,19,25,25,25,26,4098391,0.46,0.61,0.63,0.61,0.66
2024-03-30,Rheinland-Pfalz,07,00+,19,25,25,25,26,4098391,0.46,0.61,0.63,0.61,0.66
2024-03-29,Rheinland-Pfalz,07,00+,22,28,28,28,30,4098391,0.54,0.68,0.7,0.69,0.73
2024-03-28,Rheinland-Pfalz,07,00+,20,23,23,23,24,4098391,0.49,0.56,0.57,0.56,0.6
2024-03-27,Rheinland-Pfalz,07,00+,16,18,18,18,18,4098391,0.39,0.44,0.45,0.44,0.46
2024-03-26,Rheinland-Pfalz,07,00+,11,20,20,20,20,4098391,0.27,0.49,0.5,0.49,0.51
2024-03-25,Rheinland-Pfalz,07,00+,13,16,16,16,16,4098391,0.32,0.39,0.39,0.39,0.4
2024-03-24,Rheinland-Pfalz,07,00+,13,16,16,16,16,4098391,0.32,0.39,0.39,0.39,0.4
2024-03-23,Rheinland-Pfalz,07,00+,13,16,16,16,16,4098391,0.32,0.39,0.39,0.39,0.4
2024-03-22,Rheinland-Pfalz,07,00+,14,18,18,18,18,4098391,0.34,0.44,0.44,0.44,0.45
2024-03-21,Rheinland-Pfalz,07,00+,16,18,18,18,18,4098391,0.39,0.44,0.44,0.44,0.44
2024-03-20,Rheinland-Pfalz,07,00+,18,20,20,20,20,4098391,0.44,0.49,0.49,0.49,0.49
2024-03-19,Rheinland-Pfalz,07,00+,18,22,22,22,22,4098391,0.44,0.54,0.54,0.54,0.54
2024-03-18,Rheinland-Pfalz,07,00+,17,19,19,19,19,4098391,0.41,0.46,0.46,0.46,0.46
2024-03-17,Rheinland-Pfalz,07,00+,18,20,20,20,20,4098391,0.44,0.49,0.49,0.49,0.49
2024-03-16,Rheinland-Pfalz,07,00+,19,23,23,23,23,4098391,0.46,0.56,0.56,0.56,0.56
2024-03-15,Rheinland-Pfalz,07,00+,20,23,23,23,23,4098391,0.49,0.56,0.56,0.56,0.56
2024-03-14,Rheinland-Pfalz,07,00+,20,27,27,27,27,4098391,0.49,0.66,0.66,0.66,0.66
2024-03-13,Rheinland-Pfalz,07,00+,14,26,26,26,26,4098391,0.34,0.63,0.63,0.63,0.63
2024-03-12,Rheinland-Pfalz,07,00+,19,29,29,29,29,4098391,0.46,0.71,0.71,0.71,0.71
2024-03-11,Rheinland-Pfalz,07,00+,13,33,33,33,33,4098391,0.32,0.81,0.81,0.81,0.81
2024-03-10,Rheinland-Pfalz,07,00+,14,33,33,33,33,4098391,0.34,0.81,0.81,0.81,0.81
2024-03-09,Rheinland-Pfalz,07,00+,15,31,31,31,31,4098391,0.37,0.76,0.76,0.76,0.76
2024-03-08,Rheinland-Pfalz,07,00+,24,35,35,35,35,4098391,0.59,0.85,0.85,0.85,0.85
2024-03-07,Rheinland-Pfalz,07,00+,25,32,32,32,32,4098391,0.61,0.78,0.78,0.78,0.78
2024-03-06,Rheinland-Pfalz,07,00+,22,33,33,33,33,4098391,0.54,0.81,0.81,0.81,0.81
2024-03-05,Rheinland-Pfalz,07,00+,27,37,37,37,37,4098391,0.66,0.9,0.9,0.9,0.9
2024-03-04,Rheinland-Pfalz,07,00+,31,44,44,44,44,4098391,0.76,1.07,1.07,1.07,1.07
2024-03-03,Rheinland-Pfalz,07,00+,31,43,43,43,43,4098391,0.76,1.05,1.05,1.05,1.05
2024-03-02,Rheinland-Pfalz,07,00+,32,43,43,43,43,4098391,0.78,1.05,1.05,1.05,1.05
2024-03-01,Rheinland-Pfalz,07,00+,34,42,42,42,42,4098391,0.83,1.02,1.02,1.02,1.02
2024-02-29,Rheinland-Pfalz,07,00+,37,48,48,48,48,4098391,0.9,1.17,1.17,1.17,1.17
2024-02-28,Rheinland-Pfalz,07,00+,38,55,55,55,55,4098391,0.93,1.34,1.34,1.34,1.34
2024-02-27,Rheinland-Pfalz,07,00+,37,53,53,53,53,4098391,0.9,1.29,1.29,1.29,1.29
2024-02-26,Rheinland-Pfalz,07,00+,58,72,72,72,72,4098391,1.42,1.76,1.76,1.76,1.76
2024-02-25,Rheinland-Pfalz,07,00+,58,72,72,72,72,4098391,1.42,1.76,1.76,1.76,1.76
2024-02-24,Rheinland-Pfalz,07,00+,58,71,71,71,71,4098391,1.42,1.73,1.73,1.73,1.73
2024-02-23,Rheinland-Pfalz,07,00+,48,74,74,74,74,4098391,1.17,1.81,1.81,1.81,1.81
2024-02-22,Rheinland-Pfalz,07,00+,46,77,77,77,77,4098391,1.12,1.88,1.88,1.88,1.88
2024-02-21,Rheinland-Pfalz,07,00+,56,88,88,88,88,4098391,1.37,2.15,2.15,2.15,2.15
2024-02-20,Rheinland-Pfalz,07,00+,65,104,104,104,104,4098391,1.59,2.54,2.54,2.54,2.54
2024-02-19,Rheinland-Pfalz,07,00+,56,76,76,76,76,4098391,1.37,1.85,1.85,1.85,1.85
2024-02-18,Rheinland-Pfalz,07,00+,57,77,77,77,77,4098391,1.39,1.88,1.88,1.88,1.88
2024-02-17,Rheinland-Pfalz,07,00+,58,78,78,78,78,4098391,1.42,1.9,1.9,1.9,1.9
2024-02-16,Rheinland-Pfalz,07,00+,64,76,76,76,76,4098391,1.56,1.85,1.85,1.85,1.85
2024-02-15,Rheinland-Pfalz,07,00+,68,89,89,89,89,4098391,1.66,2.17,2.17,2.17,2.17
2024-02-14,Rheinland-Pfalz,07,00+,49,78,78,78,78,4098391,1.2,1.9,1.9,1.9,1.9
2024-02-13,Rheinland-Pfalz,07,00+,58,75,75,75,75,4098391,1.42,1.83,1.83,1.83,1.83
2024-02-12,Rheinland-Pfalz,07,00+,67,90,90,90,90,4098391,1.63,2.2,2.2,2.2,2.2
2024-02-11,Rheinland-Pfalz,07,00+,67,89,89,89,89,4098391,1.63,2.17,2.17,2.17,2.17
2024-02-10,Rheinland-Pfalz,07,00+,69,90,90,90,90,4098391,1.68,2.2,2.2,2.2,2.2
2024-02-09,Rheinland-Pfalz,07,00+,70,103,103,103,103,4098391,1.71,2.51,2.51,2.51,2.51
2024-02-08,Rheinland-Pfalz,07,00+,73,100,100,100,100,4098391,1.78,2.44,2.44,2.44,2.44
2024-02-07,Rheinland-Pfalz,07,00+,74,111,111,111,111,4098391,1.81,2.71,2.71,2.71,2.71
2024-02-06,Rheinland-Pfalz,07,00+,74,109,109,109,109,4098391,1.81,2.66,2.66,2.66,2.66
2024-02-05,Rheinland-Pfalz,07,00+,88,124,124,124,124,4098391,2.15,3.03,3.03,3.03,3.03
2024-02-04,Rheinland-Pfalz,07,00+,90,126,126,126,126,4098391,2.2,3.07,3.07,3.07,3.07
2024-02-03,Rheinland-Pfalz,07,00+,90,124,124,124,124,4098391,2.2,3.03,3.03,3.03,3.03
2024-02-02,Rheinland-Pfalz,07,00+,101,127,127,127,127,4098391,2.46,3.1,3.1,3.1,3.1
2024-02-01,Rheinland-Pfalz,07,00+,106,135,135,135,135,4098391,2.59,3.29,3.29,3.29,3.29
2024-01-31,Rheinland-Pfalz,07,00+,97,132,132,132,132,4098391,2.37,3.22,3.22,3.22,3.22
2024-01-30,Rheinland-Pfalz,07,00+,103,142,142,142,142,4098391,2.51,3.46,3.46,3.46,3.46
2024-01-29,Rheinland-Pfalz,07,00+,120,154,154,154,154,4098391,2.93,3.76,3.76,3.76,3.76
2024-01-28,Rheinland-Pfalz,07,00+,120,152,152,152,152,4098391,2.93,3.71,3.71,3.71,3.71
2024-01-27,Rheinland-Pfalz,07,00+,121,153,153,153,153,4098391,2.95,3.73,3.73,3.73,3.73
2024-01-26,Rheinland-Pfalz,07,00+,100,147,147,147,147,4098391,2.44,3.59,3.59,3.59,3.59
2024-01-25,Rheinland-Pfalz,07,00+,109,146,146,146,146,4098391,2.66,3.56,3.56,3.56,3.56
2024-01-24,Rheinland-Pfalz,07,00+,101,151,151,151,151,4098391,2.46,3.68,3.68,3.68,3.68
2024-01-23,Rheinland-Pfalz,07,00+,104,140,140,140,140,4098391,2.54,3.42,3.42,3.42,3.42
2024-01-22,Rheinland-Pfalz,07,00+,108,138,138,138,138,4098391,2.64,3.37,3.37,3.37,3.37
2024-01-21,Rheinland-Pfalz,07,00+,110,140,140,140,140,4098391,2.68,3.42,3.42,3.42,3.42
2024-01-20,Rheinland-Pfalz,07,00+,111,140,140,140,140,4098391,2.71,3.42,3.42,3.42,3.42
2024-01-19,Rheinland-Pfalz,07,00+,95,137,137,137,137,4098391,2.32,3.34,3.34,3.34,3.34
2024-01-18,Rheinland-Pfalz,07,00+,94,127,127,127,127,4098391,2.29,3.1,3.1,3.1,3.1
2024-01-17,Rheinland-Pfalz,07,00+,82,124,124,124,124,4098391,2,3.03,3.03,3.03,3.03
2024-01-16,Rheinland-Pfalz,07,00+,92,136,136,136,136,4098391,2.24,3.32,3.32,3.32,3.32
2024-01-15,Rheinland-Pfalz,07,00+,92,138,138,138,138,4098391,2.24,3.37,3.37,3.37,3.37
2024-01-14,Rheinland-Pfalz,07,00+,95,139,139,139,139,4098391,2.32,3.39,3.39,3.39,3.39
2024-01-13,Rheinland-Pfalz,07,00+,97,141,141,141,141,4098391,2.37,3.44,3.44,3.44,3.44
2024-01-12,Rheinland-Pfalz,07,00+,122,162,162,162,162,4098391,2.98,3.95,3.95,3.95,3.95
2024-01-11,Rheinland-Pfalz,07,00+,148,191,191,191,191,4098391,3.61,4.66,4.66,4.66,4.66
2024-01-10,Rheinland-Pfalz,07,00+,202,252,252,252,252,4098391,4.93,6.15,6.15,6.15,6.15
2024-01-09,Rheinland-Pfalz,07,00+,305,372,372,372,372,4098391,7.44,9.08,9.08,9.08,9.08
2024-01-08,Rheinland-Pfalz,07,00+,252,329,329,329,329,4098391,6.15,8.03,8.03,8.03,8.03
2024-01-07,Rheinland-Pfalz,07,00+,254,328,328,328,328,4098391,6.2,8,8,8,8
2024-01-06,Rheinland-Pfalz,07,00+,257,328,328,328,328,4098391,6.27,8,8,8,8
2024-01-05,Rheinland-Pfalz,07,00+,269,347,347,347,347,4098391,6.56,8.47,8.47,8.47,8.47
2024-01-04,Rheinland-Pfalz,07,00+,328,411,411,411,411,4098391,8,10.03,10.03,10.03,10.03
2024-01-03,Rheinland-Pfalz,07,00+,305,506,506,506,506,4098391,7.44,12.35,12.35,12.35,12.35
2024-01-02,Rheinland-Pfalz,07,00+,244,356,356,356,356,4098391,5.95,8.69,8.69,8.69,8.69
2024-01-01,Rheinland-Pfalz,07,00+,244,352,352,352,352,4098391,5.95,8.59,8.59,8.59,8.59
2023-12-31,Rheinland-Pfalz,07,00+,244,352,352,352,352,4098391,5.95,8.59,8.59,8.59,8.59
2023-12-30,Rheinland-Pfalz,07,00+,245,351,351,351,351,4098391,5.98,8.56,8.56,8.56,8.56
2023-12-29,Rheinland-Pfalz,07,00+,231,362,362,362,362,4098391,5.64,8.83,8.83,8.83,8.83
2023-12-28,Rheinland-Pfalz,07,00+,165,316,316,316,316,4098391,4.03,7.71,7.71,7.71,7.71
2023-12-27,Rheinland-Pfalz,07,00+,140,232,232,232,232,4098391,3.42,5.66,5.66,5.66,5.66
2023-12-26,Rheinland-Pfalz,07,00+,216,313,313,313,313,4098391,5.27,7.64,7.64,7.64,7.64
2023-12-25,Rheinland-Pfalz,07,00+,417,518,518,518,518,4098391,10.17,12.64,12.64,12.64,12.64
2023-12-24,Rheinland-Pfalz,07,00+,420,519,519,519,519,4098391,10.25,12.66,12.66,12.66,12.66
2023-12-23,Rheinland-Pfalz,07,00+,421,518,518,518,518,4098391,10.27,12.64,12.64,12.64,12.64
2023-12-22,Rheinland-Pfalz,07,00+,418,523,523,523,523,4098391,10.2,12.76,12.76,12.76,12.76
2023-12-21,Rheinland-Pfalz,07,00+,438,544,544,544,544,4098391,10.69,13.27,13.27,13.27,13.27
2023-12-20,Rheinland-Pfalz,07,00+,405,548,548,548,548,4098391,9.88,13.37,13.37,13.37,13.37
2023-12-19,Rheinland-Pfalz,07,00+,395,594,594,594,594,4098391,9.64,14.49,14.49,14.49,14.49
2023-12-18,Rheinland-Pfalz,07,00+,548,622,622,622,622,4098391,13.37,15.18,15.18,15.18,15.18
2023-12-17,Rheinland-Pfalz,07,00+,550,621,621,621,621,4098391,13.42,15.15,15.15,15.15,15.15
2023-12-16,Rheinland-Pfalz,07,00+,550,620,620,620,620,4098391,13.42,15.13,15.13,15.13,15.13
2023-12-15,Rheinland-Pfalz,07,00+,510,617,617,617,617,4098391,12.44,15.05,15.05,15.05,15.05
2023-12-14,Rheinland-Pfalz,07,00+,504,623,623,623,623,4098391,12.3,15.2,15.2,15.2,15.2
2023-12-13,Rheinland-Pfalz,07,00+,481,619,619,619,619,4098391,11.74,15.1,15.1,15.1,15.1
2023-12-12,Rheinland-Pfalz,07,00+,432,613,613,613,613,4098391,10.54,14.96,14.96,14.96,14.96
2023-12-11,Rheinland-Pfalz,07,00+,457,524,524,524,524,4098391,11.15,12.79,12.79,12.79,12.79
2023-12-10,Rheinland-Pfalz,07,00+,461,526,526,526,526,4098391,11.25,12.83,12.83,12.83,12.83
2023-12-09,Rheinland-Pfalz,07,00+,466,531,531,531,531,4098391,11.37,12.96,12.96,12.96,12.96
2023-12-08,Rheinland-Pfalz,07,00+,382,503,503,503,503,4098391,9.32,12.27,12.27,12.27,12.27
2023-12-07,Rheinland-Pfalz,07,00+,360,480,480,480,480,4098391,8.78,11.71,11.71,11.71,11.71
2023-12-06,Rheinland-Pfalz,07,00+,349,474,474,474,474,4098391,8.52,11.57,11.57,11.57,11.57
2023-12-05,Rheinland-Pfalz,07,00+,249,421,421,421,421,4098391,6.08,10.27,10.27,10.27,10.27
2023-12-04,Rheinland-Pfalz,07,00+,279,420,420,420,420,4098391,6.81,10.25,10.25,10.25,10.25
2023-12-03,Rheinland-Pfalz,07,00+,284,421,421,421,421,4098391,6.93,10.27,10.27,10.27,10.27
2023-12-02,Rheinland-Pfalz,07,00+,290,422,422,422,422,4098391,7.08,10.3,10.3,10.3,10.3
2023-12-01,Rheinland-Pfalz,07,00+,289,431,431,431,431,4098391,7.05,10.52,10.52,10.52,10.52
2023-11-30,Rheinland-Pfalz,07,00+,292,438,438,438,438,4098391,7.12,10.69,10.69,10.69,10.69
2023-11-29,Rheinland-Pfalz,07,00+,316,420,420,420,420,4098391,7.71,10.25,10.25,10.25,10.25
2023-11-28,Rheinland-Pfalz,07,00+,258,435,435,435,435,4098391,6.3,10.61,10.61,10.61,10.61
2023-11-27,Rheinland-Pfalz,07,00+,308,430,430,430,430,4098391,7.52,10.49,10.49,10.49,10.49
2023-11-26,Rheinland-Pfalz,07,00+,309,427,427,427,427,4098391,7.54,10.42,10.42,10.42,10.42
2023-11-25,Rheinland-Pfalz,07,00+,309,421,421,421,421,4098391,7.54,10.27,10.27,10.27,10.27
2023-11-24,Rheinland-Pfalz,07,00+,295,422,422,422,422,4098391,7.2,10.3,10.3,10.3,10.3
2023-11-23,Rheinland-Pfalz,07,00+,331,431,431,431,431,4098391,8.08,10.52,10.52,10.52,10.52
2023-11-22,Rheinland-Pfalz,07,00+,320,433,433,433,433,4098391,7.81,10.57,10.57,10.57,10.57
2023-11-21,Rheinland-Pfalz,07,00+,235,391,391,391,391,4098391,5.73,9.54,9.54,9.54,9.54
2023-11-20,Rheinland-Pfalz,07,00+,303,360,360,360,360,4098391,7.39,8.78,8.78,8.78,8.78
2023-11-19,Rheinland-Pfalz,07,00+,304,360,360,360,360,4098391,7.42,8.78,8.78,8.78,8.78
2023-11-18,Rheinland-Pfalz,07,00+,309,367,367,367,367,4098391,7.54,8.95,8.95,8.95,8.95
2023-11-17,Rheinland-Pfalz,07,00+,251,353,353,353,353,4098391,6.12,8.61,8.61,8.61,8.61
2023-11-16,Rheinland-Pfalz,07,00+,254,350,350,350,350,4098391,6.2,8.54,8.54,8.54,8.54
2023-11-15,Rheinland-Pfalz,07,00+,282,347,347,347,347,4098391,6.88,8.47,8.47,8.47,8.47
2023-11-14,Rheinland-Pfalz,07,00+,213,349,349,349,349,4098391,5.2,8.52,8.52,8.52,8.52
2023-11-13,Rheinland-Pfalz,07,00+,269,351,351,351,351,4098391,6.56,8.56,8.56,8.56,8.56
2023-11-12,Rheinland-Pfalz,07,00+,270,350,350,350,350,4098391,6.59,8.54,8.54,8.54,8.54
2023-11-11,Rheinland-Pfalz,07,00+,270,343,343,343,343,4098391,6.59,8.37,8.37,8.37,8.37
2023-11-10,Rheinland-Pfalz,07,00+,265,356,356,356,356,4098391,6.47,8.69,8.69,8.69,8.69
2023-11-09,Rheinland-Pfalz,07,00+,278,371,371,371,371,4098391,6.78,9.05,9.05,9.05,9.05
2023-11-08,Rheinland-Pfalz,07,00+,221,306,306,306,306,4098391,5.39,7.47,7.47,7.47,7.47
2023-11-07,Rheinland-Pfalz,07,00+,233,363,363,363,363,4098391,5.69,8.86,8.86,8.86,8.86
2023-11-06,Rheinland-Pfalz,07,00+,335,390,390,390,390,4098391,8.17,9.52,9.52,9.52,9.52
2023-11-05,Rheinland-Pfalz,07,00+,341,396,396,396,396,4098391,8.32,9.66,9.66,9.66,9.66
2023-11-04,Rheinland-Pfalz,07,00+,341,396,396,396,396,4098391,8.32,9.66,9.66,9.66,9.66
2023-11-03,Rheinland-Pfalz,07,00+,292,385,385,385,385,4098391,7.12,9.39,9.39,9.39,9.39
2023-11-02,Rheinland-Pfalz,07,00+,243,368,368,368,368,4098391,5.93,8.98,8.98,8.98,8.98
2023-11-01,Rheinland-Pfalz,07,00+,292,417,417,417,417,4098391,7.12,10.17,10.17,10.17,10.17
2023-10-31,Rheinland-Pfalz,07,00+,271,381,381,381,381,4098391,6.61,9.3,9.3,9.3,9.3
2023-10-30,Rheinland-Pfalz,07,00+,258,364,364,364,364,4098391,6.3,8.88,8.88,8.88,8.88
2023-10-29,Rheinland-Pfalz,07,00+,259,359,359,359,359,4098391,6.32,8.76,8.76,8.76,8.76
2023-10-28,Rheinland-Pfalz,07,00+,259,359,359,359,359,4098391,6.32,8.76,8.76,8.76,8.76
2023-10-27,Rheinland-Pfalz,07,00+,228,355,355,355,355,4098391,5.56,8.66,8.66,8.66,8.66
2023-10-26,Rheinland-Pfalz,07,00+,233,316,316,316,316,4098391,5.69,7.71,7.71,7.71,7.71
2023-10-25,Rheinland-Pfalz,07,00+,223,309,309,309,309,4098391,5.44,7.54,7.54,7.54,7.54
2023-10-24,Rheinland-Pfalz,07,00+,189,328,328,328,328,4098391,4.61,8,8,8,8
2023-10-23,Rheinland-Pfalz,07,00+,236,317,317,317,317,4098391,5.76,7.73,7.73,7.73,7.73
2023-10-22,Rheinland-Pfalz,07,00+,240,319,319,319,319,4098391,5.86,7.78,7.78,7.78,7.78
2023-10-21,Rheinland-Pfalz,07,00+,240,319,319,319,319,4098391,5.86,7.78,7.78,7.78,7.78
2023-10-20,Rheinland-Pfalz,07,00+,222,312,312,312,312,4098391,5.42,7.61,7.61,7.61,7.61
2023-10-19,Rheinland-Pfalz,07,00+,255,317,317,317,317,4098391,6.22,7.73,7.73,7.73,7.73
2023-10-18,Rheinland-Pfalz,07,00+,211,321,321,321,321,4098391,5.15,7.83,7.83,7.83,7.83
2023-10-17,Rheinland-Pfalz,07,00+,150,277,277,277,277,4098391,3.66,6.76,6.76,6.76,6.76
2023-10-16,Rheinland-Pfalz,07,00+,155,236,236,236,236,4098391,3.78,5.76,5.76,5.76,5.76
2023-10-15,Rheinland-Pfalz,07,00+,158,235,235,235,235,4098391,3.86,5.73,5.73,5.73,5.73
2023-10-14,Rheinland-Pfalz,07,00+,161,238,238,238,238,4098391,3.93,5.81,5.81,5.81,5.81
2023-10-13,Rheinland-Pfalz,07,00+,149,242,242,242,242,4098391,3.64,5.9,5.9,5.9,5.9
2023-10-12,Rheinland-Pfalz,07,00+,168,240,240,240,240,4098391,4.1,5.86,5.86,5.86,5.86
2023-10-11,Rheinland-Pfalz,07,00+,174,252,252,252,252,4098391,4.25,6.15,6.15,6.15,6.15
2023-10-10,Rheinland-Pfalz,07,00+,116,213,213,213,213,4098391,2.83,5.2,5.2,5.2,5.2
2023-10-09,Rheinland-Pfalz,07,00+,139,204,204,204,204,4098391,3.39,4.98,4.98,4.98,4.98
2023-10-08,Rheinland-Pfalz,07,00+,139,201,201,201,201,4098391,3.39,4.9,4.9,4.9,4.9
2023-10-07,Rheinland-Pfalz,07,00+,141,201,201,201,201,4098391,3.44,4.9,4.9,4.9,4.9
2023-10-06,Rheinland-Pfalz,07,00+,119,191,191,191,191,4098391,2.9,4.66,4.66,4.66,4.66
2023-10-05,Rheinland-Pfalz,07,00+,94,168,168,168,168,4098391,2.29,4.1,4.1,4.1,4.1
2023-10-04,Rheinland-Pfalz,07,00+,77,132,132,132,132,4098391,1.88,3.22,3.22,3.22,3.22
2023-10-03,Rheinland-Pfalz,07,00+,106,161,161,161,161,4098391,2.59,3.93,3.93,3.93,3.93
2023-10-02,Rheinland-Pfalz,07,00+,118,153,153,153,153,4098391,2.88,3.73,3.73,3.73,3.73
2023-10-01,Rheinland-Pfalz,07,00+,120,155,155,155,155,4098391,2.93,3.78,3.78,3.78,3.78
2023-09-30,Rheinland-Pfalz,07,00+,124,156,156,156,156,4098391,3.03,3.81,3.81,3.81,3.81
2023-09-29,Rheinland-Pfalz,07,00+,128,153,153,153,153,4098391,3.12,3.73,3.73,3.73,3.73
2023-09-28,Rheinland-Pfalz,07,00+,118,153,153,153,153,4098391,2.88,3.73,3.73,3.73,3.73
2023-09-27,Rheinland-Pfalz,07,00+,119,142,142,142,142,4098391,2.9,3.46,3.46,3.46,3.46
2023-09-26,Rheinland-Pfalz,07,00+,89,140,140,140,140,4098391,2.17,3.42,3.42,3.42,3.42
2023-09-25,Rheinland-Pfalz,07,00+,94,125,125,125,125,4098391,2.29,3.05,3.05,3.05,3.05
2023-09-24,Rheinland-Pfalz,07,00+,97,126,126,126,126,4098391,2.37,3.07,3.07,3.07,3.07
2023-09-23,Rheinland-Pfalz,07,00+,97,123,123,123,123,4098391,2.37,3,3,3,3
2023-09-22,Rheinland-Pfalz,07,00+,91,122,122,122,122,4098391,2.22,2.98,2.98,2.98,2.98
2023-09-21,Rheinland-Pfalz,07,00+,92,120,120,120,120,4098391,2.24,2.93,2.93,2.93,2.93
2023-09-20,Rheinland-Pfalz,07,00+,110,145,145,145,145,4098391,2.68,3.54,3.54,3.54,3.54
2023-09-19,Rheinland-Pfalz,07,00+,87,153,153,153,153,4098391,2.12,3.73,3.73,3.73,3.73
2023-09-18,Rheinland-Pfalz,07,00+,154,197,197,197,197,4098391,3.76,4.81,4.81,4.81,4.81
2023-09-17,Rheinland-Pfalz,07,00+,156,196,196,196,196,4098391,3.81,4.78,4.78,4.78,4.78
2023-09-16,Rheinland-Pfalz,07,00+,156,195,195,195,195,4098391,3.81,4.76,4.76,4.76,4.76
2023-09-15,Rheinland-Pfalz,07,00+,146,196,196,196,196,4098391,3.56,4.78,4.78,4.78,4.78
2023-09-14,Rheinland-Pfalz,07,00+,142,194,194,194,194,4098391,3.46,4.73,4.73,4.73,4.73
2023-09-13,Rheinland-Pfalz,07,00+,118,188,188,188,188,4098391,2.88,4.59,4.59,4.59,4.59
2023-09-12,Rheinland-Pfalz,07,00+,101,172,172,172,172,4098391,2.46,4.2,4.2,4.2,4.2
2023-09-11,Rheinland-Pfalz,07,00+,88,126,126,126,126,4098391,2.15,3.07,3.07,3.07,3.07
2023-09-10,Rheinland-Pfalz,07,00+,89,125,125,125,125,4098391,2.17,3.05,3.05,3.05,3.05
2023-09-09,Rheinland-Pfalz,07,00+,89,125,125,125,125,4098391,2.17,3.05,3.05,3.05,3.05
2023-09-08,Rheinland-Pfalz,07,00+,76,114,114,114,114,4098391,1.85,2.78,2.78,2.78,2.78
2023-09-07,Rheinland-Pfalz,07,00+,65,111,111,111,111,4098391,1.59,2.71,2.71,2.71,2.71
2023-09-06,Rheinland-Pfalz,07,00+,70,94,94,94,94,4098391,1.71,2.29,2.29,2.29,2.29
2023-09-05,Rheinland-Pfalz,07,00+,49,86,86,86,86,4098391,1.2,2.1,2.1,2.1,2.1
2023-09-04,Rheinland-Pfalz,07,00+,64,83,83,83,83,4098391,1.56,2.03,2.03,2.03,2.03
2023-09-03,Rheinland-Pfalz,07,00+,64,82,82,82,82,4098391,1.56,2,2,2,2
2023-09-02,Rheinland-Pfalz,07,00+,64,83,83,83,83,4098391,1.56,2.03,2.03,2.03,2.03
2023-09-01,Rheinland-Pfalz,07,00+,64,89,89,89,89,4098391,1.56,2.17,2.17,2.17,2.17
2023-08-31,Rheinland-Pfalz,07,00+,65,88,88,88,88,4098391,1.59,2.15,2.15,2.15,2.15
2023-08-30,Rheinland-Pfalz,07,00+,57,82,82,82,82,4098391,1.39,2,2,2,2
2023-08-29,Rheinland-Pfalz,07,00+,64,86,86,86,86,4098391,1.56,2.1,2.1,2.1,2.1
2023-08-28,Rheinland-Pfalz,07,00+,0,77,77,77,77,4098391,0,1.88,1.88,1.88,1.88
2023-08-27,Rheinland-Pfalz,07,00+,0,77,77,77,77,4098391,0,1.88,1.88,1.88,1.88
2023-08-26,Rheinland-Pfalz,07,00+,0,77,77,77,77,4098391,0,1.88,1.88,1.88,1.88
2023-08-25,Rheinland-Pfalz,07,00+,0,74,74,74,74,4098391,0,1.81,1.81,1.81,1.81
2023-08-24,Rheinland-Pfalz,07,00+,52,65,65,65,65,4098391,1.27,1.59,1.59,1.59,1.59
2023-08-23,Rheinland-Pfalz,07,00+,47,68,68,68,68,4098391,1.15,1.66,1.66,1.66,1.66
2023-08-22,Rheinland-Pfalz,07,00+,28,56,56,56,56,4098391,0.68,1.37,1.37,1.37,1.37
2023-08-21,Rheinland-Pfalz,07,00+,38,53,53,53,53,4098391,0.93,1.29,1.29,1.29,1.29
2023-08-20,Rheinland-Pfalz,07,00+,39,54,54,54,54,4098391,0.95,1.32,1.32,1.32,1.32
2023-08-19,Rheinland-Pfalz,07,00+,39,53,53,53,53,4098391,0.95,1.29,1.29,1.29,1.29
2023-08-18,Rheinland-Pfalz,07,00+,33,45,45,45,45,4098391,0.81,1.1,1.1,1.1,1.1
2023-08-17,Rheinland-Pfalz,07,00+,29,47,47,47,47,4098391,0.71,1.15,1.15,1.15,1.15
2023-08-16,Rheinland-Pfalz,07,00+,31,42,42,42,42,4098391,0.76,1.02,1.02,1.02,1.02
2023-08-15,Rheinland-Pfalz,07,00+,33,43,43,43,43,4098391,0.81,1.05,1.05,1.05,1.05
2023-08-14,Rheinland-Pfalz,07,00+,28,34,34,34,34,4098391,0.68,0.83,0.83,0.83,0.83
2023-08-13,Rheinland-Pfalz,07,00+,28,33,33,33,33,4098391,0.68,0.81,0.81,0.81,0.81
2023-08-12,Rheinland-Pfalz,07,00+,28,33,33,33,33,4098391,0.68,0.81,0.81,0.81,0.81
2023-08-11,Rheinland-Pfalz,07,00+,22,33,33,33,33,4098391,0.54,0.81,0.81,0.81,0.81
2023-08-10,Rheinland-Pfalz,07,00+,17,28,28,28,28,4098391,0.41,0.68,0.68,0.68,0.68
2023-08-09,Rheinland-Pfalz,07,00+,18,27,27,27,27,4098391,0.44,0.66,0.66,0.66,0.66
2023-08-08,Rheinland-Pfalz,07,00+,19,29,29,29,29,4098391,0.46,0.71,0.71,0.71,0.71
2023-08-07,Rheinland-Pfalz,07,00+,24,29,29,29,29,4098391,0.59,0.71,0.71,0.71,0.71
2023-08-06,Rheinland-Pfalz,07,00+,24,29,29,29,29,4098391,0.59,0.71,0.71,0.71,0.71
2023-08-05,Rheinland-Pfalz,07,00+,24,29,29,29,29,4098391,0.59,0.71,0.71,0.71,0.71
2023-08-04,Rheinland-Pfalz,07,00+,25,31,31,31,31,4098391,0.61,0.76,0.76,0.76,0.76
2023-08-03,Rheinland-Pfalz,07,00+,27,34,34,34,34,4098391,0.66,0.83,0.83,0.83,0.83
2023-08-02,Rheinland-Pfalz,07,00+,25,35,35,35,35,4098391,0.61,0.85,0.85,0.85,0.85
2023-08-01,Rheinland-Pfalz,07,00+,26,33,33,33,33,4098391,0.63,0.81,0.81,0.81,0.81
2023-07-31,Rheinland-Pfalz,07,00+,24,27,27,27,27,4098391,0.59,0.66,0.66,0.66,0.66
2023-07-30,Rheinland-Pfalz,07,00+,24,27,27,27,27,4098391,0.59,0.66,0.66,0.66,0.66
2023-07-29,Rheinland-Pfalz,07,00+,24,27,27,27,27,4098391,0.59,0.66,0.66,0.66,0.66
2023-07-28,Rheinland-Pfalz,07,00+,18,24,24,24,24,4098391,0.44,0.59,0.59,0.59,0.59
2023-07-27,Rheinland-Pfalz,07,00+,14,19,19,19,19,4098391,0.34,0.46,0.46,0.46,0.46
2023-07-26,Rheinland-Pfalz,07,00+,13,17,17,17,17,4098391,0.32,0.41,0.41,0.41,0.41
2023-07-25,Rheinland-Pfalz,07,00+,17,20,20,20,20,4098391,0.41,0.49,0.49,0.49,0.49
2023-07-24,Rheinland-Pfalz,07,00+,22,25,25,25,25,4098391,0.54,0.61,0.61,0.61,0.61
2023-07-23,Rheinland-Pfalz,07,00+,24,27,27,27,27,4098391,0.59,0.66,0.66,0.66,0.66
2023-07-22,Rheinland-Pfalz,07,00+,24,27,27,27,27,4098391,0.59,0.66,0.66,0.66,0.66
2023-07-21,Rheinland-Pfalz,07,00+,24,28,28,28,28,4098391,0.59,0.68,0.68,0.68,0.68
2023-07-20,Rheinland-Pfalz,07,00+,26,33,33,33,33,4098391,0.63,0.81,0.81,0.81,0.81
2023-07-19,Rheinland-Pfalz,07,00+,20,30,30,30,30,4098391,0.49,0.73,0.73,0.73,0.73
2023-07-18,Rheinland-Pfalz,07,00+,15,25,25,25,25,4098391,0.37,0.61,0.61,0.61,0.61
2023-07-17,Rheinland-Pfalz,07,00+,25,27,27,27,27,4098391,0.61,0.66,0.66,0.66,0.66
2023-07-16,Rheinland-Pfalz,07,00+,25,25,25,25,25,4098391,0.61,0.61,0.61,0.61,0.61
2023-07-15,Rheinland-Pfalz,07,00+,25,25,25,25,25,4098391,0.61,0.61,0.61,0.61,0.61
2023-07-14,Rheinland-Pfalz,07,00+,21,25,25,25,25,4098391,0.51,0.61,0.61,0.61,0.61
2023-07-13,Rheinland-Pfalz,07,00+,19,24,24,24,24,4098391,0.46,0.59,0.59,0.59,0.59
2023-07-12,Rheinland-Pfalz,07,00+,26,31,31,31,31,4098391,0.63,0.76,0.76,0.76,0.76
2023-07-11,Rheinland-Pfalz,07,00+,26,31,31,31,31,4098391,0.63,0.76,0.76,0.76,0.76
2023-07-10,Rheinland-Pfalz,07,00+,26,29,29,29,29,4098391,0.63,0.71,0.71,0.71,0.71
2023-07-09,Rheinland-Pfalz,07,00+,26,29,29,29,29,4098391,0.63,0.71,0.71,0.71,0.71
2023-07-08,Rheinland-Pfalz,07,00+,26,29,29,29,29,4098391,0.63,0.71,0.71,0.71,0.71
2023-07-07,Rheinland-Pfalz,07,00+,23,30,30,30,30,4098391,0.56,0.73,0.73,0.73,0.73
2023-07-06,Rheinland-Pfalz,07,00+,26,29,29,29,29,4098391,0.63,0.71,0.71,0.71,0.71
2023-07-05,Rheinland-Pfalz,07,00+,22,23,23,23,23,4098391,0.54,0.56,0.56,0.56,0.56
2023-07-04,Rheinland-Pfalz,07,00+,15,23,23,23,23,4098391,0.37,0.56,0.56,0.56,0.56
2023-07-03,Rheinland-Pfalz,07,00+,13,16,16,16,16,4098391,0.32,0.39,0.39,0.39,0.39
2023-07-02,Rheinland-Pfalz,07,00+,13,16,16,16,16,4098391,0.32,0.39,0.39,0.39,0.39
2023-07-01,Rheinland-Pfalz,07,00+,13,16,16,16,16,4098391,0.32,0.39,0.39,0.39,0.39
2023-06-30,Rheinland-Pfalz,07,00+,9,14,14,14,14,4098391,0.22,0.34,0.34,0.34,0.34
2023-06-29,Rheinland-Pfalz,07,00+,10,13,13,13,13,4098391,0.24,0.32,0.32,0.32,0.32
2023-06-28,Rheinland-Pfalz,07,00+,8,13,13,13,13,4098391,0.2,0.32,0.32,0.32,0.32
2023-06-27,Rheinland-Pfalz,07,00+,9,11,11,11,11,4098391,0.22,0.27,0.27,0.27,0.27
2023-06-26,Rheinland-Pfalz,07,00+,17,22,22,22,22,4098391,0.41,0.54,0.54,0.54,0.54
2023-06-25,Rheinland-Pfalz,07,00+,17,22,22,22,22,4098391,0.41,0.54,0.54,0.54,0.54
2023-06-24,Rheinland-Pfalz,07,00+,17,22,22,22,22,4098391,0.41,0.54,0.54,0.54,0.54
2023-06-23,Rheinland-Pfalz,07,00+,20,26,26,26,26,4098391,0.49,0.63,0.63,0.63,0.63
2023-06-22,Rheinland-Pfalz,07,00+,20,27,27,27,27,4098391,0.49,0.66,0.66,0.66,0.66
2023-06-21,Rheinland-Pfalz,07,00+,23,28,28,28,28,4098391,0.56,0.68,0.68,0.68,0.68
2023-06-20,Rheinland-Pfalz,07,00+,18,30,30,30,30,4098391,0.44,0.73,0.73,0.73,0.73
2023-06-19,Rheinland-Pfalz,07,00+,18,24,24,24,24,4098391,0.44,0.59,0.59,0.59,0.59
2023-06-18,Rheinland-Pfalz,07,00+,19,25,25,25,25,4098391,0.46,0.61,0.61,0.61,0.61
2023-06-17,Rheinland-Pfalz,07,00+,20,26,26,26,26,4098391,0.49,0.63,0.63,0.63,0.63
2023-06-16,Rheinland-Pfalz,07,00+,23,27,27,27,27,4098391,0.56,0.66,0.66,0.66,0.66
2023-06-15,Rheinland-Pfalz,07,00+,17,24,24,24,24,4098391,0.41,0.59,0.59,0.59,0.59
2023-06-14,Rheinland-Pfalz,07,00+,15,20,20,20,20,4098391,0.37,0.49,0.49,0.49,0.49
2023-06-13,Rheinland-Pfalz,07,00+,13,21,21,21,21,4098391,0.32,0.51,0.51,0.51,0.51
2023-06-12,Rheinland-Pfalz,07,00+,19,26,26,26,26,4098391,0.46,0.63,0.63,0.63,0.63
2023-06-11,Rheinland-Pfalz,07,00+,19,25,25,25,25,4098391,0.46,0.61,0.61,0.61,0.61
2023-06-10,Rheinland-Pfalz,07,00+,19,24,24,24,24,4098391,0.46,0.59,0.59,0.59,0.59
2023-06-09,Rheinland-Pfalz,07,00+,16,21,21,21,21,4098391,0.39,0.51,0.51,0.51,0.51
2023-06-08,Rheinland-Pfalz,07,00+,28,35,35,35,35,4098391,0.68,0.85,0.85,0.85,0.85
2023-06-07,Rheinland-Pfalz,07,00+,31,41,41,41,41,4098391,0.76,1,1,1,1
2023-06-06,Rheinland-Pfalz,07,00+,39,55,55,55,55,4098391,0.95,1.34,1.34,1.34,1.34
2023-06-05,Rheinland-Pfalz,07,00+,29,43,43,43,43,4098391,0.71,1.05,1.05,1.05,1.05
2023-06-04,Rheinland-Pfalz,07,00+,31,45,45,45,45,4098391,0.76,1.1,1.1,1.1,1.1
2023-06-03,Rheinland-Pfalz,07,00+,32,46,46,46,46,4098391,0.78,1.12,1.12,1.12,1.12
2023-06-02,Rheinland-Pfalz,07,00+,23,47,47,47,47,4098391,0.56,1.15,1.15,1.15,1.15
2023-06-01,Rheinland-Pfalz,07,00+,20,38,38,38,38,4098391,0.49,0.93,0.93,0.93,0.93
2023-05-31,Rheinland-Pfalz,07,00+,18,39,39,39,39,4098391,0.44,0.95,0.95,0.95,0.95
2023-05-30,Rheinland-Pfalz,07,00+,34,42,42,42,42,4098391,0.83,1.02,1.02,1.02,1.02
2023-05-29,Rheinland-Pfalz,07,00+,44,54,54,54,54,4098391,1.07,1.32,1.32,1.32,1.32
2023-05-28,Rheinland-Pfalz,07,00+,44,53,53,53,53,4098391,1.07,1.29,1.29,1.29,1.29
2023-05-27,Rheinland-Pfalz,07,00+,44,53,53,53,53,4098391,1.07,1.29,1.29,1.29,1.29
2023-05-26,Rheinland-Pfalz,07,00+,51,61,61,61,61,4098391,1.24,1.49,1.49,1.49,1.49
2023-05-25,Rheinland-Pfalz,07,00+,45,56,56,56,56,4098391,1.1,1.37,1.37,1.37,1.37
2023-05-24,Rheinland-Pfalz,07,00+,45,60,60,60,60,4098391,1.1,1.46,1.46,1.46,1.46
2023-05-23,Rheinland-Pfalz,07,00+,40,58,58,58,58,4098391,0.98,1.42,1.42,1.42,1.42
2023-05-22,Rheinland-Pfalz,07,00+,57,67,67,67,67,4098391,1.39,1.63,1.63,1.63,1.63
2023-05-21,Rheinland-Pfalz,07,00+,57,66,66,66,66,4098391,1.39,1.61,1.61,1.61,1.61
2023-05-20,Rheinland-Pfalz,07,00+,57,65,65,65,65,4098391,1.39,1.59,1.59,1.59,1.59
2023-05-19,Rheinland-Pfalz,07,00+,47,56,56,56,56,4098391,1.15,1.37,1.37,1.37,1.37
2023-05-18,Rheinland-Pfalz,07,00+,64,74,74,74,74,4098391,1.56,1.81,1.81,1.81,1.81
2023-05-17,Rheinland-Pfalz,07,00+,50,76,76,76,76,4098391,1.22,1.85,1.85,1.85,1.85
2023-05-16,Rheinland-Pfalz,07,00+,53,76,76,76,76,4098391,1.29,1.85,1.85,1.85,1.85
2023-05-15,Rheinland-Pfalz,07,00+,83,102,102,102,102,4098391,2.03,2.49,2.49,2.49,2.49
2023-05-14,Rheinland-Pfalz,07,00+,83,102,102,102,102,4098391,2.03,2.49,2.49,2.49,2.49
2023-05-13,Rheinland-Pfalz,07,00+,83,102,102,102,102,4098391,2.03,2.49,2.49,2.49,2.49
2023-05-12,Rheinland-Pfalz,07,00+,90,113,113,113,113,4098391,2.2,2.76,2.76,2.76,2.76
2023-05-11,Rheinland-Pfalz,07,00+,94,112,112,112,112,4098391,2.29,2.73,2.73,2.73,2.73
2023-05-10,Rheinland-Pfalz,07,00+,107,132,132,132,132,4098391,2.61,3.22,3.22,3.22,3.22
2023-05-09,Rheinland-Pfalz,07,00+,130,180,180,180,180,4098391,3.17,4.39,4.39,4.39,4.39
2023-05-08,Rheinland-Pfalz,07,00+,107,135,135,135,135,4098391,2.61,3.29,3.29,3.29,3.29
2023-05-07,Rheinland-Pfalz,07,00+,107,137,137,137,137,4098391,2.61,3.34,3.34,3.34,3.34
2023-05-06,Rheinland-Pfalz,07,00+,107,137,137,137,137,4098391,2.61,3.34,3.34,3.34,3.34
2023-05-05,Rheinland-Pfalz,07,00+,104,143,143,143,143,4098391,2.54,3.49,3.49,3.49,3.49
2023-05-04,Rheinland-Pfalz,07,00+,96,143,143,143,143,4098391,2.34,3.49,3.49,3.49,3.49
2023-05-03,Rheinland-Pfalz,07,00+,74,130,130,130,130,4098391,1.81,3.17,3.17,3.17,3.17
2023-05-02,Rheinland-Pfalz,07,00+,69,89,89,89,89,4098391,1.68,2.17,2.17,2.17,2.17
2023-05-01,Rheinland-Pfalz,07,00+,106,123,123,123,123,4098391,2.59,3,3,3,3
2023-04-30,Rheinland-Pfalz,07,00+,106,121,121,121,121,4098391,2.59,2.95,2.95,2.95,2.95
2023-04-29,Rheinland-Pfalz,07,00+,106,121,121,121,121,4098391,2.59,2.95,2.95,2.95,2.95
2023-04-28,Rheinland-Pfalz,07,00+,86,111,111,111,111,4098391,2.1,2.71,2.71,2.71,2.71
2023-04-27,Rheinland-Pfalz,07,00+,103,116,116,116,116,4098391,2.51,2.83,2.83,2.83,2.83
2023-04-26,Rheinland-Pfalz,07,00+,88,114,114,114,114,4098391,2.15,2.78,2.78,2.78,2.78
2023-04-25,Rheinland-Pfalz,07,00+,82,130,130,130,130,4098391,2,3.17,3.17,3.17,3.17
2023-04-24,Rheinland-Pfalz,07,00+,96,132,132,132,132,4098391,2.34,3.22,3.22,3.22,3.22
2023-04-23,Rheinland-Pfalz,07,00+,99,135,135,135,135,4098391,2.42,3.29,3.29,3.29,3.29
2023-04-22,Rheinland-Pfalz,07,00+,101,137,137,137,137,4098391,2.46,3.34,3.34,3.34,3.34
2023-04-21,Rheinland-Pfalz,07,00+,97,137,137,137,137,4098391,2.37,3.34,3.34,3.34,3.34
2023-04-20,Rheinland-Pfalz,07,00+,103,152,152,152,152,4098391,2.51,3.71,3.71,3.71,3.71
2023-04-19,Rheinland-Pfalz,07,00+,108,157,157,157,157,4098391,2.64,3.83,3.83,3.83,3.83
2023-04-18,Rheinland-Pfalz,07,00+,136,187,187,187,187,4098391,3.32,4.56,4.56,4.56,4.56
2023-04-17,Rheinland-Pfalz,07,00+,101,155,155,155,155,4098391,2.46,3.78,3.78,3.78,3.78
2023-04-16,Rheinland-Pfalz,07,00+,108,162,162,162,162,4098391,2.64,3.95,3.95,3.95,3.95
2023-04-15,Rheinland-Pfalz,07,00+,111,164,164,164,164,4098391,2.71,4,4,4,4
2023-04-14,Rheinland-Pfalz,07,00+,97,157,157,157,157,4098391,2.37,3.83,3.83,3.83,3.83
2023-04-13,Rheinland-Pfalz,07,00+,98,148,148,148,148,4098391,2.39,3.61,3.61,3.61,3.61
2023-04-12,Rheinland-Pfalz,07,00+,68,153,153,153,153,4098391,1.66,3.73,3.73,3.73,3.73
2023-04-11,Rheinland-Pfalz,07,00+,46,110,110,110,110,4098391,1.12,2.68,2.68,2.68,2.68
2023-04-10,Rheinland-Pfalz,07,00+,109,180,180,180,180,4098391,2.66,4.39,4.39,4.39,4.39
2023-04-09,Rheinland-Pfalz,07,00+,114,175,175,175,175,4098391,2.78,4.27,4.27,4.27,4.27
2023-04-08,Rheinland-Pfalz,07,00+,117,174,174,174,174,4098391,2.85,4.25,4.25,4.25,4.25
2023-04-07,Rheinland-Pfalz,07,00+,139,193,193,193,193,4098391,3.39,4.71,4.71,4.71,4.71
2023-04-06,Rheinland-Pfalz,07,00+,139,211,211,211,211,4098391,3.39,5.15,5.15,5.15,5.15
2023-04-05,Rheinland-Pfalz,07,00+,159,234,234,234,234,4098391,3.88,5.71,5.71,5.71,5.71
2023-04-04,Rheinland-Pfalz,07,00+,192,271,271,271,271,4098391,4.68,6.61,6.61,6.61,6.61
2023-04-03,Rheinland-Pfalz,07,00+,217,291,291,291,291,4098391,5.29,7.1,7.1,7.1,7.1
2023-04-02,Rheinland-Pfalz,07,00+,220,289,289,289,289,4098391,5.37,7.05,7.05,7.05,7.05
2023-04-01,Rheinland-Pfalz,07,00+,225,293,293,293,293,4098391,5.49,7.15,7.15,7.15,7.15
2023-03-31,Rheinland-Pfalz,07,00+,225,308,308,308,308,4098391,5.49,7.52,7.52,7.52,7.52
2023-03-30,Rheinland-Pfalz,07,00+,228,303,303,303,303,4098391,5.56,7.39,7.39,7.39,7.39
2023-03-29,Rheinland-Pfalz,07,00+,223,323,323,323,323,4098391,5.44,7.88,7.88,7.88,7.88
2023-03-28,Rheinland-Pfalz,07,00+,229,328,328,328,328,4098391,5.59,8,8,8,8
2023-03-27,Rheinland-Pfalz,07,00+,233,341,341,341,341,4098391,5.69,8.32,8.32,8.32,8.32
2023-03-26,Rheinland-Pfalz,07,00+,239,346,346,346,346,4098391,5.83,8.44,8.44,8.44,8.44
2023-03-25,Rheinland-Pfalz,07,00+,253,358,358,358,358,4098391,6.17,8.74,8.74,8.74,8.74
2023-03-24,Rheinland-Pfalz,07,00+,264,376,376,376,376,4098391,6.44,9.17,9.17,9.17,9.17
2023-03-23,Rheinland-Pfalz,07,00+,279,415,415,415,415,4098391,6.81,10.13,10.13,10.13,10.13
2023-03-22,Rheinland-Pfalz,07,00+,310,433,433,433,433,4098391,7.56,10.57,10.57,10.57,10.57
2023-03-21,Rheinland-Pfalz,07,00+,335,483,483,483,483,4098391,8.17,11.79,11.79,11.79,11.79
2023-03-20,Rheinland-Pfalz,07,00+,331,496,496,496,496,4098391,8.08,12.1,12.1,12.1,12.1
2023-03-19,Rheinland-Pfalz,07,00+,340,498,498,498,498,4098391,8.3,12.15,12.15,12.15,12.15
2023-03-18,Rheinland-Pfalz,07,00+,355,496,496,496,496,4098391,8.66,12.1,12.1,12.1,12.1
2023-03-17,Rheinland-Pfalz,07,00+,385,518,518,518,518,4098391,9.39,12.64,12.64,12.64,12.64
2023-03-16,Rheinland-Pfalz,07,00+,348,533,533,533,533,4098391,8.49,13.01,13.01,13.01,13.01
2023-03-15,Rheinland-Pfalz,07,00+,352,548,548,548,548,4098391,8.59,13.37,13.37,13.37,13.37
2023-03-14,Rheinland-Pfalz,07,00+,304,534,534,534,534,4098391,7.42,13.03,13.03,13.03,13.03
2023-03-13,Rheinland-Pfalz,07,00+,367,548,548,548,548,4098391,8.95,13.37,13.37,13.37,13.37
2023-03-12,Rheinland-Pfalz,07,00+,381,552,552,552,552,4098391,9.3,13.47,13.47,13.47,13.47
2023-03-11,Rheinland-Pfalz,07,00+,388,542,542,542,542,4098391,9.47,13.22,13.22,13.22,13.22
2023-03-10,Rheinland-Pfalz,07,00+,371,530,530,530,530,4098391,9.05,12.93,12.93,12.93,12.93
2023-03-09,Rheinland-Pfalz,07,00+,360,511,511,511,511,4098391,8.78,12.47,12.47,12.47,12.47
2023-03-08,Rheinland-Pfalz,07,00+,312,505,505,505,505,4098391,7.61,12.32,12.32,12.32,12.32
2023-03-07,Rheinland-Pfalz,07,00+,330,506,506,506,506,4098391,8.05,12.35,12.35,12.35,12.35
2023-03-06,Rheinland-Pfalz,07,00+,411,566,566,566,566,4098391,10.03,13.81,13.81,13.81,13.81
2023-03-05,Rheinland-Pfalz,07,00+,422,564,564,564,564,4098391,10.3,13.76,13.76,13.76,13.76
2023-03-04,Rheinland-Pfalz,07,00+,430,565,565,565,565,4098391,10.49,13.79,13.79,13.79,13.79
2023-03-03,Rheinland-Pfalz,07,00+,457,591,591,591,591,4098391,11.15,14.42,14.42,14.42,14.42
2023-03-02,Rheinland-Pfalz,07,00+,489,622,622,622,622,4098391,11.93,15.18,15.18,15.18,15.18
2023-03-01,Rheinland-Pfalz,07,00+,503,657,657,657,657,4098391,12.27,16.03,16.03,16.03,16.03
2023-02-28,Rheinland-Pfalz,07,00+,505,706,706,706,706,4098391,12.32,17.23,17.23,17.23,17.23
2023-02-27,Rheinland-Pfalz,07,00+,453,639,639,639,639,4098391,11.05,15.59,15.59,15.59,15.59
2023-02-26,Rheinland-Pfalz,07,00+,468,649,649,649,649,4098391,11.42,15.84,15.84,15.84,15.84
2023-02-25,Rheinland-Pfalz,07,00+,477,652,652,652,652,4098391,11.64,15.91,15.91,15.91,15.91
2023-02-24,Rheinland-Pfalz,07,00+,440,633,633,633,633,4098391,10.74,15.45,15.45,15.45,15.45
2023-02-23,Rheinland-Pfalz,07,00+,420,621,621,621,621,4098391,10.25,15.15,15.15,15.15,15.15
2023-02-22,Rheinland-Pfalz,07,00+,371,567,567,567,567,4098391,9.05,13.83,13.83,13.83,13.83
2023-02-21,Rheinland-Pfalz,07,00+,258,499,499,499,499,4098391,6.3,12.18,12.18,12.18,12.18
2023-02-20,Rheinland-Pfalz,07,00+,347,511,511,511,511,4098391,8.47,12.47,12.47,12.47,12.47
2023-02-19,Rheinland-Pfalz,07,00+,355,501,501,501,501,4098391,8.66,12.22,12.22,12.22,12.22
2023-02-18,Rheinland-Pfalz,07,00+,358,498,498,498,498,4098391,8.74,12.15,12.15,12.15,12.15
2023-02-17,Rheinland-Pfalz,07,00+,331,480,480,480,480,4098391,8.08,11.71,11.71,11.71,11.71
2023-02-16,Rheinland-Pfalz,07,00+,319,449,449,449,449,4098391,7.78,10.96,10.96,10.96,10.96
2023-02-15,Rheinland-Pfalz,07,00+,275,435,435,435,435,4098391,6.71,10.61,10.61,10.61,10.61
2023-02-14,Rheinland-Pfalz,07,00+,299,439,439,439,439,4098391,7.3,10.71,10.71,10.71,10.71
2023-02-13,Rheinland-Pfalz,07,00+,313,434,434,434,434,4098391,7.64,10.59,10.59,10.59,10.59
2023-02-12,Rheinland-Pfalz,07,00+,320,432,432,432,432,4098391,7.81,10.54,10.54,10.54,10.54
2023-02-11,Rheinland-Pfalz,07,00+,330,435,435,435,435,4098391,8.05,10.61,10.61,10.61,10.61
2023-02-10,Rheinland-Pfalz,07,00+,345,436,436,436,436,4098391,8.42,10.64,10.64,10.64,10.64
2023-02-09,Rheinland-Pfalz,07,00+,299,416,416,416,416,4098391,7.3,10.15,10.15,10.15,10.15
2023-02-08,Rheinland-Pfalz,07,00+,261,395,395,395,395,4098391,6.37,9.64,9.64,9.64,9.64
2023-02-07,Rheinland-Pfalz,07,00+,246,364,364,364,364,4098391,6,8.88,8.88,8.88,8.88
2023-02-06,Rheinland-Pfalz,07,00+,201,305,305,305,305,4098391,4.9,7.44,7.44,7.44,7.44
2023-02-05,Rheinland-Pfalz,07,00+,205,299,299,299,299,4098391,5,7.3,7.3,7.3,7.3
2023-02-04,Rheinland-Pfalz,07,00+,211,296,296,296,296,4098391,5.15,7.22,7.22,7.22,7.22
2023-02-03,Rheinland-Pfalz,07,00+,199,280,280,280,280,4098391,4.86,6.83,6.83,6.83,6.83
2023-02-02,Rheinland-Pfalz,07,00+,195,273,273,273,273,4098391,4.76,6.66,6.66,6.66,6.66
2023-02-01,Rheinland-Pfalz,07,00+,196,280,280,280,280,4098391,4.78,6.83,6.83,6.83,6.83
2023-01-31,Rheinland-Pfalz,07,00+,199,300,300,300,300,4098391,4.86,7.32,7.32,7.32,7.32
2023-01-30,Rheinland-Pfalz,07,00+,226,310,310,310,310,4098391,5.51,7.56,7.56,7.56,7.56
2023-01-29,Rheinland-Pfalz,07,00+,236,321,321,321,321,4098391,5.76,7.83,7.83,7.83,7.83
2023-01-28,Rheinland-Pfalz,07,00+,249,329,329,329,329,4098391,6.08,8.03,8.03,8.03,8.03
2023-01-27,Rheinland-Pfalz,07,00+,239,316,316,316,316,4098391,5.83,7.71,7.71,7.71,7.71
2023-01-26,Rheinland-Pfalz,07,00+,234,318,318,318,318,4098391,5.71,7.76,7.76,7.76,7.76
2023-01-25,Rheinland-Pfalz,07,00+,212,316,316,316,316,4098391,5.17,7.71,7.71,7.71,7.71
2023-01-24,Rheinland-Pfalz,07,00+,183,281,281,281,281,4098391,4.47,6.86,6.86,6.86,6.86
2023-01-23,Rheinland-Pfalz,07,00+,201,295,295,295,295,4098391,4.9,7.2,7.2,7.2,7.2
2023-01-22,Rheinland-Pfalz,07,00+,208,288,288,288,288,4098391,5.08,7.03,7.03,7.03,7.03
2023-01-21,Rheinland-Pfalz,07,00+,213,278,278,278,278,4098391,5.2,6.78,6.78,6.78,6.78
2023-01-20,Rheinland-Pfalz,07,00+,208,291,291,291,291,4098391,5.08,7.1,7.1,7.1,7.1
2023-01-19,Rheinland-Pfalz,07,00+,185,296,296,296,296,4098391,4.51,7.22,7.22,7.22,7.22
2023-01-18,Rheinland-Pfalz,07,00+,192,298,298,298,298,4098391,4.68,7.27,7.27,7.27,7.27
2023-01-17,Rheinland-Pfalz,07,00+,176,313,313,313,313,4098391,4.29,7.64,7.64,7.64,7.64
2023-01-16,Rheinland-Pfalz,07,00+,211,325,325,325,325,4098391,5.15,7.93,7.93,7.93,7.93
2023-01-15,Rheinland-Pfalz,07,00+,216,323,323,323,323,4098391,5.27,7.88,7.88,7.88,7.88
2023-01-14,Rheinland-Pfalz,07,00+,224,328,328,328,328,4098391,5.47,8,8,8,8
2023-01-13,Rheinland-Pfalz,07,00+,210,341,341,341,341,4098391,5.12,8.32,8.32,8.32,8.32
2023-01-12,Rheinland-Pfalz,07,00+,265,410,410,410,410,4098391,6.47,10,10,10,10
2023-01-11,Rheinland-Pfalz,07,00+,304,474,474,474,474,4098391,7.42,11.57,11.57,11.57,11.57
2023-01-10,Rheinland-Pfalz,07,00+,319,554,554,554,554,4098391,7.78,13.52,13.52,13.52,13.52
2023-01-09,Rheinland-Pfalz,07,00+,435,647,647,647,647,4098391,10.61,15.79,15.79,15.79,15.79
2023-01-08,Rheinland-Pfalz,07,00+,450,661,661,661,661,4098391,10.98,16.13,16.13,16.13,16.13
2023-01-07,Rheinland-Pfalz,07,00+,456,0,0,0,0,4098391,11.13,0,0,0,0
2023-01-06,Rheinland-Pfalz,07,00+,419,0,0,0,0,4098391,10.22,0,0,0,0
2023-01-05,Rheinland-Pfalz,07,00+,383,0,0,0,0,4098391,9.35,0,0,0,0
2023-01-04,Rheinland-Pfalz,07,00+,351,0,0,0,0,4098391,8.56,0,0,0,0
2023-01-03,Rheinland-Pfalz,07,00+,303,0,0,0,0,4098391,7.39,0,0,0,0
2023-01-02,Rheinland-Pfalz,07,00+,199,0,0,0,0,4098391,4.86,0,0,0,0
2024-04-19,Baden-Württemberg,08,00+,8,8,NA,NA,NA,11103043,0.07,0.07,NA,NA,NA
2024-04-18,Baden-Württemberg,08,00+,9,10,NA,NA,NA,11103043,0.08,0.09,NA,NA,NA
2024-04-17,Baden-Württemberg,08,00+,7,10,NA,NA,NA,11103043,0.06,0.09,NA,NA,NA
2024-04-16,Baden-Württemberg,08,00+,8,10,12,10,16,11103043,0.07,0.09,0.11,0.1,0.15
2024-04-15,Baden-Württemberg,08,00+,8,10,11,10,13,11103043,0.07,0.09,0.1,0.09,0.13
2024-04-14,Baden-Württemberg,08,00+,8,10,11,10,13,11103043,0.07,0.09,0.1,0.09,0.13
2024-04-13,Baden-Württemberg,08,00+,9,11,12,11,15,11103043,0.08,0.1,0.11,0.1,0.14
2024-04-12,Baden-Württemberg,08,00+,10,12,13,12,16,11103043,0.09,0.11,0.12,0.11,0.15
2024-04-11,Baden-Württemberg,08,00+,10,13,14,13,17,11103043,0.09,0.12,0.13,0.12,0.15
2024-04-10,Baden-Württemberg,08,00+,11,13,14,13,16,11103043,0.1,0.12,0.13,0.12,0.15
2024-04-09,Baden-Württemberg,08,00+,18,23,24,23,27,11103043,0.16,0.21,0.22,0.21,0.25
2024-04-08,Baden-Württemberg,08,00+,16,21,22,21,25,11103043,0.14,0.19,0.2,0.19,0.23
2024-04-07,Baden-Württemberg,08,00+,16,21,22,21,25,11103043,0.14,0.19,0.2,0.19,0.23
2024-04-06,Baden-Württemberg,08,00+,17,21,22,21,24,11103043,0.15,0.19,0.2,0.19,0.22
2024-04-05,Baden-Württemberg,08,00+,14,20,21,20,23,11103043,0.13,0.18,0.19,0.18,0.21
2024-04-04,Baden-Württemberg,08,00+,14,19,19,19,21,11103043,0.13,0.17,0.18,0.17,0.2
2024-04-03,Baden-Württemberg,08,00+,11,21,21,21,23,11103043,0.1,0.19,0.2,0.19,0.21
2024-04-02,Baden-Württemberg,08,00+,5,11,11,11,11,11103043,0.05,0.1,0.1,0.1,0.11
2024-04-01,Baden-Württemberg,08,00+,8,17,17,17,18,11103043,0.07,0.15,0.16,0.15,0.17
2024-03-31,Baden-Württemberg,08,00+,8,17,17,17,18,11103043,0.07,0.15,0.16,0.15,0.17
2024-03-30,Baden-Württemberg,08,00+,8,16,16,16,17,11103043,0.07,0.14,0.15,0.14,0.16
2024-03-29,Baden-Württemberg,08,00+,8,16,16,16,17,11103043,0.07,0.14,0.15,0.14,0.15
2024-03-28,Baden-Württemberg,08,00+,7,15,15,15,15,11103043,0.06,0.14,0.14,0.14,0.14
2024-03-27,Baden-Württemberg,08,00+,8,15,15,15,15,11103043,0.07,0.14,0.14,0.14,0.14
2024-03-26,Baden-Württemberg,08,00+,10,17,17,17,17,11103043,0.09,0.15,0.16,0.15,0.16
2024-03-25,Baden-Württemberg,08,00+,14,20,20,20,20,11103043,0.13,0.18,0.18,0.18,0.18
2024-03-24,Baden-Württemberg,08,00+,14,20,20,20,20,11103043,0.13,0.18,0.18,0.18,0.18
2024-03-23,Baden-Württemberg,08,00+,14,20,20,20,20,11103043,0.13,0.18,0.18,0.18,0.18
2024-03-22,Baden-Württemberg,08,00+,18,23,23,23,23,11103043,0.16,0.21,0.21,0.21,0.21
2024-03-21,Baden-Württemberg,08,00+,22,31,31,31,31,11103043,0.2,0.28,0.28,0.28,0.28
2024-03-20,Baden-Württemberg,08,00+,18,29,29,29,29,11103043,0.16,0.26,0.26,0.26,0.26
2024-03-19,Baden-Württemberg,08,00+,20,33,33,33,33,11103043,0.18,0.3,0.3,0.3,0.3
2024-03-18,Baden-Württemberg,08,00+,14,26,26,26,26,11103043,0.13,0.23,0.23,0.23,0.23
2024-03-17,Baden-Württemberg,08,00+,15,27,27,27,27,11103043,0.14,0.24,0.24,0.24,0.24
2024-03-16,Baden-Württemberg,08,00+,15,27,27,27,27,11103043,0.14,0.24,0.24,0.24,0.24
2024-03-15,Baden-Württemberg,08,00+,15,31,31,31,31,11103043,0.14,0.28,0.28,0.28,0.28
2024-03-14,Baden-Württemberg,08,00+,14,25,25,25,25,11103043,0.13,0.23,0.23,0.23,0.23
2024-03-13,Baden-Württemberg,08,00+,15,29,29,29,29,11103043,0.14,0.26,0.26,0.26,0.26
2024-03-12,Baden-Württemberg,08,00+,17,26,26,26,26,11103043,0.15,0.23,0.23,0.23,0.23
2024-03-11,Baden-Württemberg,08,00+,22,39,39,39,39,11103043,0.2,0.35,0.35,0.35,0.35
2024-03-10,Baden-Württemberg,08,00+,22,38,38,38,38,11103043,0.2,0.34,0.34,0.34,0.34
2024-03-09,Baden-Württemberg,08,00+,23,39,39,39,39,11103043,0.21,0.35,0.35,0.35,0.35
2024-03-08,Baden-Württemberg,08,00+,27,35,35,35,35,11103043,0.24,0.32,0.32,0.32,0.32
2024-03-07,Baden-Württemberg,08,00+,28,40,40,40,40,11103043,0.25,0.36,0.36,0.36,0.36
2024-03-06,Baden-Württemberg,08,00+,27,35,35,35,35,11103043,0.24,0.32,0.32,0.32,0.32
2024-03-05,Baden-Württemberg,08,00+,27,46,46,46,46,11103043,0.24,0.41,0.41,0.41,0.41
2024-03-04,Baden-Württemberg,08,00+,26,40,40,40,40,11103043,0.23,0.36,0.36,0.36,0.36
2024-03-03,Baden-Württemberg,08,00+,27,41,41,41,41,11103043,0.24,0.37,0.37,0.37,0.37
2024-03-02,Baden-Württemberg,08,00+,28,41,41,41,41,11103043,0.25,0.37,0.37,0.37,0.37
2024-03-01,Baden-Württemberg,08,00+,26,44,44,44,44,11103043,0.23,0.4,0.4,0.4,0.4
2024-02-29,Baden-Württemberg,08,00+,31,45,45,45,45,11103043,0.28,0.41,0.41,0.41,0.41
2024-02-28,Baden-Württemberg,08,00+,32,52,52,52,52,11103043,0.29,0.47,0.47,0.47,0.47
2024-02-27,Baden-Württemberg,08,00+,30,47,47,47,47,11103043,0.27,0.42,0.42,0.42,0.42
2024-02-26,Baden-Württemberg,08,00+,35,56,56,56,56,11103043,0.32,0.5,0.5,0.5,0.5
2024-02-25,Baden-Württemberg,08,00+,35,55,55,55,55,11103043,0.32,0.5,0.5,0.5,0.5
2024-02-24,Baden-Württemberg,08,00+,35,54,54,54,54,11103043,0.32,0.49,0.49,0.49,0.49
2024-02-23,Baden-Württemberg,08,00+,39,57,57,57,57,11103043,0.35,0.51,0.51,0.51,0.51
2024-02-22,Baden-Württemberg,08,00+,38,55,55,55,55,11103043,0.34,0.5,0.5,0.5,0.5
2024-02-21,Baden-Württemberg,08,00+,35,59,59,59,59,11103043,0.32,0.53,0.53,0.53,0.53
2024-02-20,Baden-Württemberg,08,00+,36,61,61,61,61,11103043,0.32,0.55,0.55,0.55,0.55
2024-02-19,Baden-Württemberg,08,00+,50,68,68,68,68,11103043,0.45,0.61,0.61,0.61,0.61
2024-02-18,Baden-Württemberg,08,00+,51,69,69,69,69,11103043,0.46,0.62,0.62,0.62,0.62
2024-02-17,Baden-Württemberg,08,00+,51,70,70,70,70,11103043,0.46,0.63,0.63,0.63,0.63
2024-02-16,Baden-Württemberg,08,00+,55,71,71,71,71,11103043,0.5,0.64,0.64,0.64,0.64
2024-02-15,Baden-Württemberg,08,00+,55,78,78,78,78,11103043,0.5,0.7,0.7,0.7,0.7
2024-02-14,Baden-Württemberg,08,00+,54,80,80,80,80,11103043,0.49,0.72,0.72,0.72,0.72
2024-02-13,Baden-Württemberg,08,00+,53,84,84,84,84,11103043,0.48,0.76,0.76,0.76,0.76
2024-02-12,Baden-Württemberg,08,00+,71,99,99,99,99,11103043,0.64,0.89,0.89,0.89,0.89
2024-02-11,Baden-Württemberg,08,00+,73,100,100,100,100,11103043,0.66,0.9,0.9,0.9,0.9
2024-02-10,Baden-Württemberg,08,00+,75,101,101,101,101,11103043,0.68,0.91,0.91,0.91,0.91
2024-02-09,Baden-Württemberg,08,00+,86,115,115,115,115,11103043,0.77,1.04,1.04,1.04,1.04
2024-02-08,Baden-Württemberg,08,00+,85,114,114,114,114,11103043,0.77,1.03,1.03,1.03,1.03
2024-02-07,Baden-Württemberg,08,00+,82,120,120,120,120,11103043,0.74,1.08,1.08,1.08,1.08
2024-02-06,Baden-Württemberg,08,00+,88,121,121,121,121,11103043,0.79,1.09,1.09,1.09,1.09
2024-02-05,Baden-Württemberg,08,00+,99,131,131,131,131,11103043,0.89,1.18,1.18,1.18,1.18
2024-02-04,Baden-Württemberg,08,00+,100,130,130,130,130,11103043,0.9,1.17,1.17,1.17,1.17
2024-02-03,Baden-Württemberg,08,00+,101,129,129,129,129,11103043,0.91,1.16,1.16,1.16,1.16
2024-02-02,Baden-Württemberg,08,00+,88,120,120,120,120,11103043,0.79,1.08,1.08,1.08,1.08
2024-02-01,Baden-Württemberg,08,00+,91,129,129,129,129,11103043,0.82,1.16,1.16,1.16,1.16
2024-01-31,Baden-Württemberg,08,00+,105,140,140,140,140,11103043,0.95,1.26,1.26,1.26,1.26
2024-01-30,Baden-Württemberg,08,00+,94,147,147,147,147,11103043,0.85,1.32,1.32,1.32,1.32
2024-01-29,Baden-Württemberg,08,00+,92,136,136,136,136,11103043,0.83,1.22,1.22,1.22,1.22
2024-01-28,Baden-Württemberg,08,00+,93,136,136,136,136,11103043,0.84,1.22,1.22,1.22,1.22
2024-01-27,Baden-Württemberg,08,00+,94,137,137,137,137,11103043,0.85,1.23,1.23,1.23,1.23
2024-01-26,Baden-Württemberg,08,00+,79,135,135,135,135,11103043,0.71,1.22,1.22,1.22,1.22
2024-01-25,Baden-Württemberg,08,00+,71,144,144,144,144,11103043,0.64,1.3,1.3,1.3,1.3
2024-01-24,Baden-Württemberg,08,00+,91,142,142,142,142,11103043,0.82,1.28,1.28,1.28,1.28
2024-01-23,Baden-Württemberg,08,00+,110,159,159,159,159,11103043,0.99,1.43,1.43,1.43,1.43
2024-01-22,Baden-Württemberg,08,00+,151,200,200,200,200,11103043,1.36,1.8,1.8,1.8,1.8
2024-01-21,Baden-Württemberg,08,00+,151,199,199,199,199,11103043,1.36,1.79,1.79,1.79,1.79
2024-01-20,Baden-Württemberg,08,00+,151,197,197,197,197,11103043,1.36,1.77,1.77,1.77,1.77
2024-01-19,Baden-Württemberg,08,00+,141,197,197,197,197,11103043,1.27,1.77,1.77,1.77,1.77
2024-01-18,Baden-Württemberg,08,00+,146,205,205,205,205,11103043,1.31,1.85,1.85,1.85,1.85
2024-01-17,Baden-Württemberg,08,00+,149,225,225,225,225,11103043,1.34,2.03,2.03,2.03,2.03
2024-01-16,Baden-Württemberg,08,00+,147,220,220,220,220,11103043,1.32,1.98,1.98,1.98,1.98
2024-01-15,Baden-Württemberg,08,00+,161,208,208,208,208,11103043,1.45,1.87,1.87,1.87,1.87
2024-01-14,Baden-Württemberg,08,00+,169,216,216,216,216,11103043,1.52,1.95,1.95,1.95,1.95
2024-01-13,Baden-Württemberg,08,00+,174,221,221,221,221,11103043,1.57,1.99,1.99,1.99,1.99
2024-01-12,Baden-Württemberg,08,00+,171,236,236,236,236,11103043,1.54,2.13,2.13,2.13,2.13
2024-01-11,Baden-Württemberg,08,00+,198,277,277,277,277,11103043,1.78,2.49,2.49,2.49,2.49
2024-01-10,Baden-Württemberg,08,00+,193,309,309,309,309,11103043,1.74,2.78,2.78,2.78,2.78
2024-01-09,Baden-Württemberg,08,00+,342,474,474,474,474,11103043,3.08,4.27,4.27,4.27,4.27
2024-01-08,Baden-Württemberg,08,00+,275,410,410,410,410,11103043,2.48,3.69,3.69,3.69,3.69
2024-01-07,Baden-Württemberg,08,00+,278,406,406,406,406,11103043,2.5,3.66,3.66,3.66,3.66
2024-01-06,Baden-Württemberg,08,00+,286,413,413,413,413,11103043,2.58,3.72,3.72,3.72,3.72
2024-01-05,Baden-Württemberg,08,00+,306,476,476,476,476,11103043,2.76,4.29,4.29,4.29,4.29
2024-01-04,Baden-Württemberg,08,00+,346,514,514,514,514,11103043,3.12,4.63,4.63,4.63,4.63
2024-01-03,Baden-Württemberg,08,00+,516,728,728,728,728,11103043,4.65,6.56,6.56,6.56,6.56
2024-01-02,Baden-Württemberg,08,00+,364,533,533,533,533,11103043,3.28,4.8,4.8,4.8,4.8
2024-01-01,Baden-Württemberg,08,00+,370,540,540,540,540,11103043,3.33,4.86,4.86,4.86,4.86
2023-12-31,Baden-Württemberg,08,00+,378,545,545,545,545,11103043,3.4,4.91,4.91,4.91,4.91
2023-12-30,Baden-Württemberg,08,00+,393,549,549,549,549,11103043,3.54,4.94,4.94,4.94,4.94
2023-12-29,Baden-Württemberg,08,00+,335,526,526,526,526,11103043,3.02,4.74,4.74,4.74,4.74
2023-12-28,Baden-Württemberg,08,00+,221,506,506,506,506,11103043,1.99,4.56,4.56,4.56,4.56
2023-12-27,Baden-Württemberg,08,00+,146,324,324,324,324,11103043,1.31,2.92,2.92,2.92,2.92
2023-12-26,Baden-Württemberg,08,00+,248,440,440,440,440,11103043,2.23,3.96,3.96,3.96,3.96
2023-12-25,Baden-Württemberg,08,00+,412,611,611,611,611,11103043,3.71,5.5,5.5,5.5,5.5
2023-12-24,Baden-Württemberg,08,00+,429,620,620,620,620,11103043,3.86,5.58,5.58,5.58,5.58
2023-12-23,Baden-Württemberg,08,00+,442,620,620,620,620,11103043,3.98,5.58,5.58,5.58,5.58
2023-12-22,Baden-Württemberg,08,00+,436,652,652,652,652,11103043,3.93,5.87,5.87,5.87,5.87
2023-12-21,Baden-Württemberg,08,00+,439,662,662,662,662,11103043,3.95,5.96,5.96,5.96,5.96
2023-12-20,Baden-Württemberg,08,00+,435,661,661,661,661,11103043,3.92,5.95,5.95,5.95,5.95
2023-12-19,Baden-Württemberg,08,00+,388,652,652,652,652,11103043,3.49,5.87,5.87,5.87,5.87
2023-12-18,Baden-Württemberg,08,00+,453,675,675,675,675,11103043,4.08,6.08,6.08,6.08,6.08
2023-12-17,Baden-Württemberg,08,00+,459,665,665,665,665,11103043,4.13,5.99,5.99,5.99,5.99
2023-12-16,Baden-Württemberg,08,00+,466,660,660,660,660,11103043,4.2,5.94,5.94,5.94,5.94
2023-12-15,Baden-Württemberg,08,00+,395,666,666,666,666,11103043,3.56,6,6,6,6
2023-12-14,Baden-Württemberg,08,00+,399,640,640,640,640,11103043,3.59,5.76,5.76,5.76,5.76
2023-12-13,Baden-Württemberg,08,00+,385,619,619,619,619,11103043,3.47,5.58,5.58,5.58,5.58
2023-12-12,Baden-Württemberg,08,00+,372,628,628,628,628,11103043,3.35,5.66,5.66,5.66,5.66
2023-12-11,Baden-Württemberg,08,00+,341,549,549,549,549,11103043,3.07,4.94,4.94,4.94,4.94
2023-12-10,Baden-Württemberg,08,00+,346,547,547,547,547,11103043,3.12,4.93,4.93,4.93,4.93
2023-12-09,Baden-Württemberg,08,00+,356,548,548,548,548,11103043,3.21,4.94,4.94,4.94,4.94
2023-12-08,Baden-Württemberg,08,00+,346,511,511,511,511,11103043,3.12,4.6,4.6,4.6,4.6
2023-12-07,Baden-Württemberg,08,00+,343,515,515,515,515,11103043,3.09,4.64,4.64,4.64,4.64
2023-12-06,Baden-Württemberg,08,00+,309,505,505,505,505,11103043,2.78,4.55,4.55,4.55,4.55
2023-12-05,Baden-Württemberg,08,00+,256,456,456,456,456,11103043,2.31,4.11,4.11,4.11,4.11
2023-12-04,Baden-Württemberg,08,00+,296,469,469,469,469,11103043,2.67,4.22,4.22,4.22,4.22
2023-12-03,Baden-Württemberg,08,00+,302,469,469,469,469,11103043,2.72,4.22,4.22,4.22,4.22
2023-12-02,Baden-Württemberg,08,00+,320,477,477,477,477,11103043,2.88,4.3,4.3,4.3,4.3
2023-12-01,Baden-Württemberg,08,00+,284,465,465,465,465,11103043,2.56,4.19,4.19,4.19,4.19
2023-11-30,Baden-Württemberg,08,00+,286,431,431,431,431,11103043,2.58,3.88,3.88,3.88,3.88
2023-11-29,Baden-Württemberg,08,00+,283,425,425,425,425,11103043,2.55,3.83,3.83,3.83,3.83
2023-11-28,Baden-Württemberg,08,00+,254,431,431,431,431,11103043,2.29,3.88,3.88,3.88,3.88
2023-11-27,Baden-Württemberg,08,00+,278,423,423,423,423,11103043,2.5,3.81,3.81,3.81,3.81
2023-11-26,Baden-Württemberg,08,00+,290,429,429,429,429,11103043,2.61,3.86,3.86,3.86,3.86
2023-11-25,Baden-Württemberg,08,00+,293,412,412,412,412,11103043,2.64,3.71,3.71,3.71,3.71
2023-11-24,Baden-Württemberg,08,00+,294,408,408,408,408,11103043,2.65,3.67,3.67,3.67,3.67
2023-11-23,Baden-Württemberg,08,00+,293,435,435,435,435,11103043,2.64,3.92,3.92,3.92,3.92
2023-11-22,Baden-Württemberg,08,00+,286,432,432,432,432,11103043,2.58,3.89,3.89,3.89,3.89
2023-11-21,Baden-Württemberg,08,00+,306,443,443,443,443,11103043,2.76,3.99,3.99,3.99,3.99
2023-11-20,Baden-Württemberg,08,00+,317,446,446,446,446,11103043,2.86,4.02,4.02,4.02,4.02
2023-11-19,Baden-Württemberg,08,00+,325,444,444,444,444,11103043,2.93,4,4,4,4
2023-11-18,Baden-Württemberg,08,00+,335,451,451,451,451,11103043,3.02,4.06,4.06,4.06,4.06
2023-11-17,Baden-Württemberg,08,00+,334,458,458,458,458,11103043,3.01,4.12,4.12,4.12,4.12
2023-11-16,Baden-Württemberg,08,00+,327,467,467,467,467,11103043,2.95,4.21,4.21,4.21,4.21
2023-11-15,Baden-Württemberg,08,00+,332,497,497,497,497,11103043,2.99,4.48,4.48,4.48,4.48
2023-11-14,Baden-Württemberg,08,00+,299,473,473,473,473,11103043,2.69,4.26,4.26,4.26,4.26
2023-11-13,Baden-Württemberg,08,00+,342,498,498,498,498,11103043,3.08,4.49,4.49,4.49,4.49
2023-11-12,Baden-Württemberg,08,00+,351,497,497,497,497,11103043,3.16,4.48,4.48,4.48,4.48
2023-11-11,Baden-Württemberg,08,00+,359,496,496,496,496,11103043,3.23,4.47,4.47,4.47,4.47
2023-11-10,Baden-Württemberg,08,00+,351,516,516,516,516,11103043,3.16,4.65,4.65,4.65,4.65
2023-11-09,Baden-Württemberg,08,00+,402,558,558,558,558,11103043,3.62,5.03,5.03,5.03,5.03
2023-11-08,Baden-Württemberg,08,00+,294,460,460,460,460,11103043,2.65,4.14,4.14,4.14,4.14
2023-11-07,Baden-Württemberg,08,00+,340,531,531,531,531,11103043,3.06,4.78,4.78,4.78,4.78
2023-11-06,Baden-Württemberg,08,00+,364,552,552,552,552,11103043,3.28,4.97,4.97,4.97,4.97
2023-11-05,Baden-Württemberg,08,00+,369,549,549,549,549,11103043,3.32,4.94,4.94,4.94,4.94
2023-11-04,Baden-Württemberg,08,00+,375,547,547,547,547,11103043,3.38,4.93,4.93,4.93,4.93
2023-11-03,Baden-Württemberg,08,00+,307,530,530,530,530,11103043,2.77,4.77,4.77,4.77,4.77
2023-11-02,Baden-Württemberg,08,00+,284,488,488,488,488,11103043,2.56,4.4,4.4,4.4,4.4
2023-11-01,Baden-Württemberg,08,00+,376,587,587,587,587,11103043,3.39,5.29,5.29,5.29,5.29
2023-10-31,Baden-Württemberg,08,00+,333,580,580,580,580,11103043,3,5.22,5.22,5.22,5.22
2023-10-30,Baden-Württemberg,08,00+,420,599,599,599,599,11103043,3.78,5.39,5.39,5.39,5.39
2023-10-29,Baden-Württemberg,08,00+,434,607,607,607,607,11103043,3.91,5.47,5.47,5.47,5.47
2023-10-28,Baden-Württemberg,08,00+,442,608,608,608,608,11103043,3.98,5.48,5.48,5.48,5.48
2023-10-27,Baden-Württemberg,08,00+,437,625,625,625,625,11103043,3.94,5.63,5.63,5.63,5.63
2023-10-26,Baden-Württemberg,08,00+,401,619,619,619,619,11103043,3.61,5.58,5.58,5.58,5.58
2023-10-25,Baden-Württemberg,08,00+,385,581,581,581,581,11103043,3.47,5.23,5.23,5.23,5.23
2023-10-24,Baden-Württemberg,08,00+,343,526,526,526,526,11103043,3.09,4.74,4.74,4.74,4.74
2023-10-23,Baden-Württemberg,08,00+,299,461,461,461,461,11103043,2.69,4.15,4.15,4.15,4.15
2023-10-22,Baden-Württemberg,08,00+,306,454,454,454,454,11103043,2.76,4.09,4.09,4.09,4.09
2023-10-21,Baden-Württemberg,08,00+,316,457,457,457,457,11103043,2.85,4.12,4.12,4.12,4.12
2023-10-20,Baden-Württemberg,08,00+,289,427,427,427,427,11103043,2.6,3.85,3.85,3.85,3.85
2023-10-19,Baden-Württemberg,08,00+,256,398,398,398,398,11103043,2.31,3.58,3.58,3.58,3.58
2023-10-18,Baden-Württemberg,08,00+,211,397,397,397,397,11103043,1.9,3.58,3.58,3.58,3.58
2023-10-17,Baden-Württemberg,08,00+,194,392,392,392,392,11103043,1.75,3.53,3.53,3.53,3.53
2023-10-16,Baden-Württemberg,08,00+,254,378,378,378,378,11103043,2.29,3.4,3.4,3.4,3.4
2023-10-15,Baden-Württemberg,08,00+,259,377,377,377,377,11103043,2.33,3.4,3.4,3.4,3.4
2023-10-14,Baden-Württemberg,08,00+,263,372,372,372,372,11103043,2.37,3.35,3.35,3.35,3.35
2023-10-13,Baden-Württemberg,08,00+,247,370,370,370,370,11103043,2.22,3.33,3.33,3.33,3.33
2023-10-12,Baden-Württemberg,08,00+,229,377,377,377,377,11103043,2.06,3.4,3.4,3.4,3.4
2023-10-11,Baden-Württemberg,08,00+,253,405,405,405,405,11103043,2.28,3.65,3.65,3.65,3.65
2023-10-10,Baden-Württemberg,08,00+,198,341,341,341,341,11103043,1.78,3.07,3.07,3.07,3.07
2023-10-09,Baden-Württemberg,08,00+,193,296,296,296,296,11103043,1.74,2.67,2.67,2.67,2.67
2023-10-08,Baden-Württemberg,08,00+,197,294,294,294,294,11103043,1.77,2.65,2.65,2.65,2.65
2023-10-07,Baden-Württemberg,08,00+,201,292,292,292,292,11103043,1.81,2.63,2.63,2.63,2.63
2023-10-06,Baden-Württemberg,08,00+,184,274,274,274,274,11103043,1.66,2.47,2.47,2.47,2.47
2023-10-05,Baden-Württemberg,08,00+,159,260,260,260,260,11103043,1.43,2.34,2.34,2.34,2.34
2023-10-04,Baden-Württemberg,08,00+,93,196,196,196,196,11103043,0.84,1.77,1.77,1.77,1.77
2023-10-03,Baden-Württemberg,08,00+,123,222,222,222,222,11103043,1.11,2,2,2,2
2023-10-02,Baden-Württemberg,08,00+,158,221,221,221,221,11103043,1.42,1.99,1.99,1.99,1.99
2023-10-01,Baden-Württemberg,08,00+,164,224,224,224,224,11103043,1.48,2.02,2.02,2.02,2.02
2023-09-30,Baden-Württemberg,08,00+,167,223,223,223,223,11103043,1.5,2.01,2.01,2.01,2.01
2023-09-29,Baden-Württemberg,08,00+,149,211,211,211,211,11103043,1.34,1.9,1.9,1.9,1.9
2023-09-28,Baden-Württemberg,08,00+,150,193,193,193,193,11103043,1.35,1.74,1.74,1.74,1.74
2023-09-27,Baden-Württemberg,08,00+,126,184,184,184,184,11103043,1.13,1.66,1.66,1.66,1.66
2023-09-26,Baden-Württemberg,08,00+,90,180,180,180,180,11103043,0.81,1.62,1.62,1.62,1.62
2023-09-25,Baden-Württemberg,08,00+,89,149,149,149,149,11103043,0.8,1.34,1.34,1.34,1.34
2023-09-24,Baden-Württemberg,08,00+,89,142,142,142,142,11103043,0.8,1.28,1.28,1.28,1.28
2023-09-23,Baden-Württemberg,08,00+,92,142,142,142,142,11103043,0.83,1.28,1.28,1.28,1.28
2023-09-22,Baden-Württemberg,08,00+,102,150,150,150,150,11103043,0.92,1.35,1.35,1.35,1.35
2023-09-21,Baden-Württemberg,08,00+,91,135,135,135,135,11103043,0.82,1.22,1.22,1.22,1.22
2023-09-20,Baden-Württemberg,08,00+,81,137,137,137,137,11103043,0.73,1.23,1.23,1.23,1.23
2023-09-19,Baden-Württemberg,08,00+,85,136,136,136,136,11103043,0.77,1.22,1.22,1.22,1.22
2023-09-18,Baden-Württemberg,08,00+,109,140,140,140,140,11103043,0.98,1.26,1.26,1.26,1.26
2023-09-17,Baden-Württemberg,08,00+,110,141,141,141,141,11103043,0.99,1.27,1.27,1.27,1.27
2023-09-16,Baden-Württemberg,08,00+,110,140,140,140,140,11103043,0.99,1.26,1.26,1.26,1.26
2023-09-15,Baden-Württemberg,08,00+,105,147,147,147,147,11103043,0.95,1.32,1.32,1.32,1.32
2023-09-14,Baden-Württemberg,08,00+,108,153,153,153,153,11103043,0.97,1.38,1.38,1.38,1.38
2023-09-13,Baden-Württemberg,08,00+,103,147,147,147,147,11103043,0.93,1.32,1.32,1.32,1.32
2023-09-12,Baden-Württemberg,08,00+,108,157,157,157,157,11103043,0.97,1.41,1.41,1.41,1.41
2023-09-11,Baden-Württemberg,08,00+,106,145,145,145,145,11103043,0.95,1.31,1.31,1.31,1.31
2023-09-10,Baden-Württemberg,08,00+,110,147,147,147,147,11103043,0.99,1.32,1.32,1.32,1.32
2023-09-09,Baden-Württemberg,08,00+,110,145,145,145,145,11103043,0.99,1.31,1.31,1.31,1.31
2023-09-08,Baden-Württemberg,08,00+,79,115,115,115,115,11103043,0.71,1.04,1.04,1.04,1.04
2023-09-07,Baden-Württemberg,08,00+,74,109,109,109,109,11103043,0.67,0.98,0.98,0.98,0.98
2023-09-06,Baden-Württemberg,08,00+,61,107,107,107,107,11103043,0.55,0.96,0.96,0.96,0.96
2023-09-05,Baden-Württemberg,08,00+,33,80,80,80,80,11103043,0.3,0.72,0.72,0.72,0.72
2023-09-04,Baden-Württemberg,08,00+,58,84,84,84,84,11103043,0.52,0.76,0.76,0.76,0.76
2023-09-03,Baden-Württemberg,08,00+,58,81,81,81,81,11103043,0.52,0.73,0.73,0.73,0.73
2023-09-02,Baden-Württemberg,08,00+,58,81,81,81,81,11103043,0.52,0.73,0.73,0.73,0.73
2023-09-01,Baden-Württemberg,08,00+,64,92,92,92,92,11103043,0.58,0.83,0.83,0.83,0.83
2023-08-31,Baden-Württemberg,08,00+,67,101,101,101,101,11103043,0.6,0.91,0.91,0.91,0.91
2023-08-30,Baden-Württemberg,08,00+,84,110,110,110,110,11103043,0.76,0.99,0.99,0.99,0.99
2023-08-29,Baden-Württemberg,08,00+,79,118,118,118,118,11103043,0.71,1.06,1.06,1.06,1.06
2023-08-28,Baden-Württemberg,08,00+,0,129,129,129,129,11103043,0,1.16,1.16,1.16,1.16
2023-08-27,Baden-Württemberg,08,00+,0,130,130,130,130,11103043,0,1.17,1.17,1.17,1.17
2023-08-26,Baden-Württemberg,08,00+,0,132,132,132,132,11103043,0,1.19,1.19,1.19,1.19
2023-08-25,Baden-Württemberg,08,00+,0,131,131,131,131,11103043,0,1.18,1.18,1.18,1.18
2023-08-24,Baden-Württemberg,08,00+,91,130,130,130,130,11103043,0.82,1.17,1.17,1.17,1.17
2023-08-23,Baden-Württemberg,08,00+,86,128,128,128,128,11103043,0.77,1.15,1.15,1.15,1.15
2023-08-22,Baden-Württemberg,08,00+,70,131,131,131,131,11103043,0.63,1.18,1.18,1.18,1.18
2023-08-21,Baden-Württemberg,08,00+,69,108,108,108,108,11103043,0.62,0.97,0.97,0.97,0.97
2023-08-20,Baden-Württemberg,08,00+,71,110,110,110,110,11103043,0.64,0.99,0.99,0.99,0.99
2023-08-19,Baden-Württemberg,08,00+,72,109,109,109,109,11103043,0.65,0.98,0.98,0.98,0.98
2023-08-18,Baden-Württemberg,08,00+,65,101,101,101,101,11103043,0.59,0.91,0.91,0.91,0.91
2023-08-17,Baden-Württemberg,08,00+,62,91,91,91,91,11103043,0.56,0.82,0.82,0.82,0.82
2023-08-16,Baden-Württemberg,08,00+,50,78,78,78,78,11103043,0.45,0.7,0.7,0.7,0.7
2023-08-15,Baden-Württemberg,08,00+,39,64,64,64,64,11103043,0.35,0.58,0.58,0.58,0.58
2023-08-14,Baden-Württemberg,08,00+,42,56,56,56,56,11103043,0.38,0.5,0.5,0.5,0.5
2023-08-13,Baden-Württemberg,08,00+,42,53,53,53,53,11103043,0.38,0.48,0.48,0.48,0.48
2023-08-12,Baden-Württemberg,08,00+,42,52,52,52,52,11103043,0.38,0.47,0.47,0.47,0.47
2023-08-11,Baden-Württemberg,08,00+,35,50,50,50,50,11103043,0.32,0.45,0.45,0.45,0.45
2023-08-10,Baden-Württemberg,08,00+,27,41,41,41,41,11103043,0.24,0.37,0.37,0.37,0.37
2023-08-09,Baden-Württemberg,08,00+,31,46,46,46,46,11103043,0.28,0.41,0.41,0.41,0.41
2023-08-08,Baden-Württemberg,08,00+,26,46,46,46,46,11103043,0.23,0.41,0.41,0.41,0.41
2023-08-07,Baden-Württemberg,08,00+,40,45,45,45,45,11103043,0.36,0.41,0.41,0.41,0.41
2023-08-06,Baden-Württemberg,08,00+,40,45,45,45,45,11103043,0.36,0.41,0.41,0.41,0.41
2023-08-05,Baden-Württemberg,08,00+,40,45,45,45,45,11103043,0.36,0.41,0.41,0.41,0.41
2023-08-04,Baden-Württemberg,08,00+,29,44,44,44,44,11103043,0.26,0.4,0.4,0.4,0.4
2023-08-03,Baden-Württemberg,08,00+,23,47,47,47,47,11103043,0.21,0.42,0.42,0.42,0.42
2023-08-02,Baden-Württemberg,08,00+,27,49,49,49,49,11103043,0.24,0.44,0.44,0.44,0.44
2023-08-01,Baden-Württemberg,08,00+,27,51,51,51,51,11103043,0.24,0.46,0.46,0.46,0.46
2023-07-31,Baden-Württemberg,08,00+,26,39,39,39,39,11103043,0.23,0.35,0.35,0.35,0.35
2023-07-30,Baden-Württemberg,08,00+,26,39,39,39,39,11103043,0.23,0.35,0.35,0.35,0.35
2023-07-29,Baden-Württemberg,08,00+,26,39,39,39,39,11103043,0.23,0.35,0.35,0.35,0.35
2023-07-28,Baden-Württemberg,08,00+,25,38,38,38,38,11103043,0.23,0.34,0.34,0.34,0.34
2023-07-27,Baden-Württemberg,08,00+,21,35,35,35,35,11103043,0.19,0.32,0.32,0.32,0.32
2023-07-26,Baden-Württemberg,08,00+,9,21,21,21,21,11103043,0.08,0.19,0.19,0.19,0.19
2023-07-25,Baden-Württemberg,08,00+,11,17,17,17,17,11103043,0.1,0.15,0.15,0.15,0.15
2023-07-24,Baden-Württemberg,08,00+,17,21,21,21,21,11103043,0.15,0.19,0.19,0.19,0.19
2023-07-23,Baden-Württemberg,08,00+,17,21,21,21,21,11103043,0.15,0.19,0.19,0.19,0.19
2023-07-22,Baden-Württemberg,08,00+,18,22,22,22,22,11103043,0.16,0.2,0.2,0.2,0.2
2023-07-21,Baden-Württemberg,08,00+,19,23,23,23,23,11103043,0.17,0.21,0.21,0.21,0.21
2023-07-20,Baden-Württemberg,08,00+,18,24,24,24,24,11103043,0.16,0.22,0.22,0.22,0.22
2023-07-19,Baden-Württemberg,08,00+,17,28,28,28,28,11103043,0.15,0.25,0.25,0.25,0.25
2023-07-18,Baden-Württemberg,08,00+,19,29,29,29,29,11103043,0.17,0.26,0.26,0.26,0.26
2023-07-17,Baden-Württemberg,08,00+,18,25,25,25,25,11103043,0.16,0.23,0.23,0.23,0.23
2023-07-16,Baden-Württemberg,08,00+,18,25,25,25,25,11103043,0.16,0.23,0.23,0.23,0.23
2023-07-15,Baden-Württemberg,08,00+,19,25,25,25,25,11103043,0.17,0.23,0.23,0.23,0.23
2023-07-14,Baden-Württemberg,08,00+,20,26,26,26,26,11103043,0.18,0.23,0.23,0.23,0.23
2023-07-13,Baden-Württemberg,08,00+,17,24,24,24,24,11103043,0.15,0.22,0.22,0.22,0.22
2023-07-12,Baden-Württemberg,08,00+,12,23,23,23,23,11103043,0.11,0.21,0.21,0.21,0.21
2023-07-11,Baden-Württemberg,08,00+,8,18,18,18,18,11103043,0.07,0.16,0.16,0.16,0.16
2023-07-10,Baden-Württemberg,08,00+,9,15,15,15,15,11103043,0.08,0.14,0.14,0.14,0.14
2023-07-09,Baden-Württemberg,08,00+,11,17,17,17,17,11103043,0.1,0.15,0.15,0.15,0.15
2023-07-08,Baden-Württemberg,08,00+,12,17,17,17,17,11103043,0.11,0.15,0.15,0.15,0.15
2023-07-07,Baden-Württemberg,08,00+,11,15,15,15,15,11103043,0.1,0.14,0.14,0.14,0.14
2023-07-06,Baden-Württemberg,08,00+,9,15,15,15,15,11103043,0.08,0.14,0.14,0.14,0.14
2023-07-05,Baden-Württemberg,08,00+,9,15,15,15,15,11103043,0.08,0.14,0.14,0.14,0.14
2023-07-04,Baden-Württemberg,08,00+,15,20,20,20,20,11103043,0.14,0.18,0.18,0.18,0.18
2023-07-03,Baden-Württemberg,08,00+,17,29,29,29,29,11103043,0.15,0.26,0.26,0.26,0.26
2023-07-02,Baden-Württemberg,08,00+,17,27,27,27,27,11103043,0.15,0.24,0.24,0.24,0.24
2023-07-01,Baden-Württemberg,08,00+,17,26,26,26,26,11103043,0.15,0.23,0.23,0.23,0.23
2023-06-30,Baden-Württemberg,08,00+,19,28,28,28,28,11103043,0.17,0.25,0.25,0.25,0.25
2023-06-29,Baden-Württemberg,08,00+,22,31,31,31,31,11103043,0.2,0.28,0.28,0.28,0.28
2023-06-28,Baden-Württemberg,08,00+,27,40,40,40,40,11103043,0.24,0.36,0.36,0.36,0.36
2023-06-27,Baden-Württemberg,08,00+,26,35,35,35,35,11103043,0.23,0.32,0.32,0.32,0.32
2023-06-26,Baden-Württemberg,08,00+,20,29,29,29,29,11103043,0.18,0.26,0.26,0.26,0.26
2023-06-25,Baden-Württemberg,08,00+,20,29,29,29,29,11103043,0.18,0.26,0.26,0.26,0.26
2023-06-24,Baden-Württemberg,08,00+,20,29,29,29,29,11103043,0.18,0.26,0.26,0.26,0.26
2023-06-23,Baden-Württemberg,08,00+,15,26,26,26,26,11103043,0.14,0.23,0.23,0.23,0.23
2023-06-22,Baden-Württemberg,08,00+,15,30,30,30,30,11103043,0.14,0.27,0.27,0.27,0.27
2023-06-21,Baden-Württemberg,08,00+,12,22,22,22,22,11103043,0.11,0.2,0.2,0.2,0.2
2023-06-20,Baden-Württemberg,08,00+,16,24,24,24,24,11103043,0.14,0.22,0.22,0.22,0.22
2023-06-19,Baden-Württemberg,08,00+,13,22,22,22,22,11103043,0.12,0.2,0.2,0.2,0.2
2023-06-18,Baden-Württemberg,08,00+,15,24,24,24,24,11103043,0.14,0.22,0.22,0.22,0.22
2023-06-17,Baden-Württemberg,08,00+,17,26,26,26,26,11103043,0.15,0.23,0.23,0.23,0.23
2023-06-16,Baden-Württemberg,08,00+,24,36,36,36,36,11103043,0.22,0.32,0.32,0.32,0.32
2023-06-15,Baden-Württemberg,08,00+,19,27,27,27,27,11103043,0.17,0.24,0.24,0.24,0.24
2023-06-14,Baden-Württemberg,08,00+,19,28,28,28,28,11103043,0.17,0.25,0.25,0.25,0.25
2023-06-13,Baden-Württemberg,08,00+,19,28,28,28,28,11103043,0.17,0.25,0.25,0.25,0.25
2023-06-12,Baden-Württemberg,08,00+,23,38,38,38,38,11103043,0.21,0.34,0.34,0.34,0.34
2023-06-11,Baden-Württemberg,08,00+,24,37,37,37,37,11103043,0.22,0.33,0.33,0.33,0.33
2023-06-10,Baden-Württemberg,08,00+,24,35,35,35,35,11103043,0.22,0.32,0.32,0.32,0.32
2023-06-09,Baden-Württemberg,08,00+,22,32,32,32,32,11103043,0.2,0.29,0.29,0.29,0.29
2023-06-08,Baden-Württemberg,08,00+,29,40,40,40,40,11103043,0.26,0.36,0.36,0.36,0.36
2023-06-07,Baden-Württemberg,08,00+,37,48,48,48,48,11103043,0.33,0.43,0.43,0.43,0.43
2023-06-06,Baden-Württemberg,08,00+,53,66,66,66,66,11103043,0.48,0.59,0.59,0.59,0.59
2023-06-05,Baden-Württemberg,08,00+,43,52,52,52,52,11103043,0.39,0.47,0.47,0.47,0.47
2023-06-04,Baden-Württemberg,08,00+,44,52,52,52,52,11103043,0.4,0.47,0.47,0.47,0.47
2023-06-03,Baden-Württemberg,08,00+,44,52,52,52,52,11103043,0.4,0.47,0.47,0.47,0.47
2023-06-02,Baden-Württemberg,08,00+,38,48,48,48,48,11103043,0.34,0.43,0.43,0.43,0.43
2023-06-01,Baden-Württemberg,08,00+,34,48,48,48,48,11103043,0.31,0.43,0.43,0.43,0.43
2023-05-31,Baden-Württemberg,08,00+,34,48,48,48,48,11103043,0.31,0.43,0.43,0.43,0.43
2023-05-30,Baden-Württemberg,08,00+,31,43,43,43,43,11103043,0.28,0.39,0.39,0.39,0.39
2023-05-29,Baden-Württemberg,08,00+,62,78,78,78,78,11103043,0.56,0.7,0.7,0.7,0.7
2023-05-28,Baden-Württemberg,08,00+,62,78,78,78,78,11103043,0.56,0.7,0.7,0.7,0.7
2023-05-27,Baden-Württemberg,08,00+,65,81,81,81,81,11103043,0.59,0.73,0.73,0.73,0.73
2023-05-26,Baden-Württemberg,08,00+,76,103,103,103,103,11103043,0.68,0.93,0.93,0.93,0.93
2023-05-25,Baden-Württemberg,08,00+,68,97,97,97,97,11103043,0.61,0.87,0.87,0.87,0.87
2023-05-24,Baden-Württemberg,08,00+,70,103,103,103,103,11103043,0.63,0.93,0.93,0.93,0.93
2023-05-23,Baden-Württemberg,08,00+,61,100,100,100,100,11103043,0.55,0.9,0.9,0.9,0.9
2023-05-22,Baden-Württemberg,08,00+,62,95,95,95,95,11103043,0.56,0.86,0.86,0.86,0.86
2023-05-21,Baden-Württemberg,08,00+,63,96,96,96,96,11103043,0.57,0.86,0.86,0.86,0.86
2023-05-20,Baden-Württemberg,08,00+,64,94,94,94,94,11103043,0.58,0.85,0.85,0.85,0.85
2023-05-19,Baden-Württemberg,08,00+,53,83,83,83,83,11103043,0.48,0.75,0.75,0.75,0.75
2023-05-18,Baden-Württemberg,08,00+,67,99,99,99,99,11103043,0.6,0.89,0.89,0.89,0.89
2023-05-17,Baden-Württemberg,08,00+,58,101,101,101,101,11103043,0.52,0.91,0.91,0.91,0.91
2023-05-16,Baden-Württemberg,08,00+,57,98,98,98,98,11103043,0.51,0.88,0.88,0.88,0.88
2023-05-15,Baden-Württemberg,08,00+,75,109,109,109,109,11103043,0.68,0.98,0.98,0.98,0.98
2023-05-14,Baden-Württemberg,08,00+,79,112,112,112,112,11103043,0.71,1.01,1.01,1.01,1.01
2023-05-13,Baden-Württemberg,08,00+,81,113,113,113,113,11103043,0.73,1.02,1.02,1.02,1.02
2023-05-12,Baden-Württemberg,08,00+,78,117,117,117,117,11103043,0.7,1.05,1.05,1.05,1.05
2023-05-11,Baden-Württemberg,08,00+,84,118,118,118,118,11103043,0.76,1.06,1.06,1.06,1.06
2023-05-10,Baden-Württemberg,08,00+,105,144,144,144,144,11103043,0.95,1.3,1.3,1.3,1.3
2023-05-09,Baden-Württemberg,08,00+,135,184,184,184,184,11103043,1.22,1.66,1.66,1.66,1.66
2023-05-08,Baden-Württemberg,08,00+,105,148,148,148,148,11103043,0.95,1.33,1.33,1.33,1.33
2023-05-07,Baden-Württemberg,08,00+,106,144,144,144,144,11103043,0.95,1.3,1.3,1.3,1.3
2023-05-06,Baden-Württemberg,08,00+,111,148,148,148,148,11103043,1,1.33,1.33,1.33,1.33
2023-05-05,Baden-Württemberg,08,00+,99,150,150,150,150,11103043,0.89,1.35,1.35,1.35,1.35
2023-05-04,Baden-Württemberg,08,00+,85,165,165,165,165,11103043,0.77,1.49,1.49,1.49,1.49
2023-05-03,Baden-Württemberg,08,00+,90,150,150,150,150,11103043,0.81,1.35,1.35,1.35,1.35
2023-05-02,Baden-Württemberg,08,00+,82,133,133,133,133,11103043,0.74,1.2,1.2,1.2,1.2
2023-05-01,Baden-Württemberg,08,00+,142,196,196,196,196,11103043,1.28,1.77,1.77,1.77,1.77
2023-04-30,Baden-Württemberg,08,00+,146,203,203,203,203,11103043,1.31,1.83,1.83,1.83,1.83
2023-04-29,Baden-Württemberg,08,00+,147,199,199,199,199,11103043,1.32,1.79,1.79,1.79,1.79
2023-04-28,Baden-Württemberg,08,00+,136,210,210,210,210,11103043,1.22,1.89,1.89,1.89,1.89
2023-04-27,Baden-Württemberg,08,00+,131,216,216,216,216,11103043,1.18,1.95,1.95,1.95,1.95
2023-04-26,Baden-Württemberg,08,00+,120,210,210,210,210,11103043,1.08,1.89,1.89,1.89,1.89
2023-04-25,Baden-Württemberg,08,00+,114,214,214,214,214,11103043,1.03,1.93,1.93,1.93,1.93
2023-04-24,Baden-Württemberg,08,00+,130,226,226,226,226,11103043,1.17,2.04,2.04,2.04,2.04
2023-04-23,Baden-Württemberg,08,00+,137,229,229,229,229,11103043,1.23,2.06,2.06,2.06,2.06
2023-04-22,Baden-Württemberg,08,00+,142,232,232,232,232,11103043,1.28,2.09,2.09,2.09,2.09
2023-04-21,Baden-Württemberg,08,00+,142,229,229,229,229,11103043,1.28,2.06,2.06,2.06,2.06
2023-04-20,Baden-Württemberg,08,00+,161,239,239,239,239,11103043,1.45,2.15,2.15,2.15,2.15
2023-04-19,Baden-Württemberg,08,00+,167,261,261,261,261,11103043,1.5,2.35,2.35,2.35,2.35
2023-04-18,Baden-Württemberg,08,00+,211,327,327,327,327,11103043,1.9,2.95,2.95,2.95,2.95
2023-04-17,Baden-Württemberg,08,00+,166,261,261,261,261,11103043,1.5,2.35,2.35,2.35,2.35
2023-04-16,Baden-Württemberg,08,00+,177,262,262,262,262,11103043,1.59,2.36,2.36,2.36,2.36
2023-04-15,Baden-Württemberg,08,00+,181,264,264,264,264,11103043,1.63,2.38,2.38,2.38,2.38
2023-04-14,Baden-Württemberg,08,00+,144,241,241,241,241,11103043,1.3,2.17,2.17,2.17,2.17
2023-04-13,Baden-Württemberg,08,00+,110,228,228,228,228,11103043,0.99,2.05,2.05,2.05,2.05
2023-04-12,Baden-Württemberg,08,00+,94,218,218,218,218,11103043,0.85,1.96,1.96,1.96,1.96
2023-04-11,Baden-Württemberg,08,00+,57,164,164,164,164,11103043,0.51,1.48,1.48,1.48,1.48
2023-04-10,Baden-Württemberg,08,00+,125,244,244,244,244,11103043,1.13,2.2,2.2,2.2,2.2
2023-04-09,Baden-Württemberg,08,00+,131,241,241,241,241,11103043,1.18,2.17,2.17,2.17,2.17
2023-04-08,Baden-Württemberg,08,00+,133,236,236,236,236,11103043,1.2,2.13,2.13,2.13,2.13
2023-04-07,Baden-Württemberg,08,00+,164,266,266,266,266,11103043,1.48,2.4,2.4,2.4,2.4
2023-04-06,Baden-Württemberg,08,00+,171,272,272,272,272,11103043,1.54,2.45,2.45,2.45,2.45
2023-04-05,Baden-Württemberg,08,00+,177,281,281,281,281,11103043,1.59,2.53,2.53,2.53,2.53
2023-04-04,Baden-Württemberg,08,00+,191,300,300,300,300,11103043,1.72,2.7,2.7,2.7,2.7
2023-04-03,Baden-Württemberg,08,00+,208,317,317,317,317,11103043,1.87,2.86,2.86,2.86,2.86
2023-04-02,Baden-Württemberg,08,00+,216,317,317,317,317,11103043,1.95,2.86,2.86,2.86,2.86
2023-04-01,Baden-Württemberg,08,00+,225,326,326,326,326,11103043,2.03,2.94,2.94,2.94,2.94
2023-03-31,Baden-Württemberg,08,00+,217,335,335,335,335,11103043,1.95,3.02,3.02,3.02,3.02
2023-03-30,Baden-Württemberg,08,00+,237,356,356,356,356,11103043,2.13,3.21,3.21,3.21,3.21
2023-03-29,Baden-Württemberg,08,00+,241,382,382,382,382,11103043,2.17,3.44,3.44,3.44,3.44
2023-03-28,Baden-Württemberg,08,00+,236,386,386,386,386,11103043,2.13,3.48,3.48,3.48,3.48
2023-03-27,Baden-Württemberg,08,00+,279,417,417,417,417,11103043,2.51,3.76,3.76,3.76,3.76
2023-03-26,Baden-Württemberg,08,00+,290,419,419,419,419,11103043,2.61,3.77,3.77,3.77,3.77
2023-03-25,Baden-Württemberg,08,00+,306,426,426,426,426,11103043,2.76,3.84,3.84,3.84,3.84
2023-03-24,Baden-Württemberg,08,00+,309,443,443,443,443,11103043,2.78,3.99,3.99,3.99,3.99
2023-03-23,Baden-Württemberg,08,00+,326,465,465,465,465,11103043,2.94,4.19,4.19,4.19,4.19
2023-03-22,Baden-Württemberg,08,00+,339,484,484,484,484,11103043,3.05,4.36,4.36,4.36,4.36
2023-03-21,Baden-Württemberg,08,00+,337,507,507,507,507,11103043,3.04,4.57,4.57,4.57,4.57
2023-03-20,Baden-Württemberg,08,00+,394,577,577,577,577,11103043,3.55,5.2,5.2,5.2,5.2
2023-03-19,Baden-Württemberg,08,00+,421,593,593,593,593,11103043,3.79,5.34,5.34,5.34,5.34
2023-03-18,Baden-Württemberg,08,00+,433,590,590,590,590,11103043,3.9,5.31,5.31,5.31,5.31
2023-03-17,Baden-Württemberg,08,00+,423,611,611,611,611,11103043,3.81,5.5,5.5,5.5,5.5
2023-03-16,Baden-Württemberg,08,00+,398,619,619,619,619,11103043,3.58,5.58,5.58,5.58,5.58
2023-03-15,Baden-Württemberg,08,00+,407,642,642,642,642,11103043,3.67,5.78,5.78,5.78,5.78
2023-03-14,Baden-Württemberg,08,00+,383,674,674,674,674,11103043,3.45,6.07,6.07,6.07,6.07
2023-03-13,Baden-Württemberg,08,00+,424,664,664,664,664,11103043,3.82,5.98,5.98,5.98,5.98
2023-03-12,Baden-Württemberg,08,00+,449,667,667,667,667,11103043,4.04,6.01,6.01,6.01,6.01
2023-03-11,Baden-Württemberg,08,00+,465,672,672,672,672,11103043,4.19,6.05,6.05,6.05,6.05
2023-03-10,Baden-Württemberg,08,00+,427,673,673,673,673,11103043,3.85,6.06,6.06,6.06,6.06
2023-03-09,Baden-Württemberg,08,00+,406,676,676,676,676,11103043,3.66,6.09,6.09,6.09,6.09
2023-03-08,Baden-Württemberg,08,00+,419,692,692,692,692,11103043,3.77,6.23,6.23,6.23,6.23
2023-03-07,Baden-Württemberg,08,00+,458,727,727,727,727,11103043,4.12,6.55,6.55,6.55,6.55
2023-03-06,Baden-Württemberg,08,00+,492,785,785,785,785,11103043,4.43,7.07,7.07,7.07,7.07
2023-03-05,Baden-Württemberg,08,00+,520,789,789,789,789,11103043,4.68,7.11,7.11,7.11,7.11
2023-03-04,Baden-Württemberg,08,00+,543,793,793,793,793,11103043,4.89,7.14,7.14,7.14,7.14
2023-03-03,Baden-Württemberg,08,00+,556,839,839,839,839,11103043,5.01,7.56,7.56,7.56,7.56
2023-03-02,Baden-Württemberg,08,00+,580,892,892,892,892,11103043,5.22,8.03,8.03,8.03,8.03
2023-03-01,Baden-Württemberg,08,00+,598,920,920,920,920,11103043,5.39,8.29,8.29,8.29,8.29
2023-02-28,Baden-Württemberg,08,00+,546,915,915,915,915,11103043,4.92,8.24,8.24,8.24,8.24
2023-02-27,Baden-Württemberg,08,00+,586,924,924,924,924,11103043,5.28,8.32,8.32,8.32,8.32
2023-02-26,Baden-Württemberg,08,00+,614,919,919,919,919,11103043,5.53,8.28,8.28,8.28,8.28
2023-02-25,Baden-Württemberg,08,00+,623,909,909,909,909,11103043,5.61,8.19,8.19,8.19,8.19
2023-02-24,Baden-Württemberg,08,00+,611,926,926,926,926,11103043,5.5,8.34,8.34,8.34,8.34
2023-02-23,Baden-Württemberg,08,00+,565,903,903,903,903,11103043,5.09,8.13,8.13,8.13,8.13
2023-02-22,Baden-Württemberg,08,00+,509,906,906,906,906,11103043,4.58,8.16,8.16,8.16,8.16
2023-02-21,Baden-Württemberg,08,00+,469,892,892,892,892,11103043,4.22,8.03,8.03,8.03,8.03
2023-02-20,Baden-Württemberg,08,00+,439,816,816,816,816,11103043,3.95,7.35,7.35,7.35,7.35
2023-02-19,Baden-Württemberg,08,00+,447,798,798,798,798,11103043,4.03,7.19,7.19,7.19,7.19
2023-02-18,Baden-Württemberg,08,00+,462,802,802,802,802,11103043,4.16,7.22,7.22,7.22,7.22
2023-02-17,Baden-Württemberg,08,00+,448,735,735,735,735,11103043,4.03,6.62,6.62,6.62,6.62
2023-02-16,Baden-Württemberg,08,00+,394,702,702,702,702,11103043,3.55,6.32,6.32,6.32,6.32
2023-02-15,Baden-Württemberg,08,00+,364,646,646,646,646,11103043,3.28,5.82,5.82,5.82,5.82
2023-02-14,Baden-Württemberg,08,00+,325,604,604,604,604,11103043,2.93,5.44,5.44,5.44,5.44
2023-02-13,Baden-Württemberg,08,00+,336,589,589,589,589,11103043,3.03,5.3,5.3,5.3,5.3
2023-02-12,Baden-Württemberg,08,00+,354,601,601,601,601,11103043,3.19,5.41,5.41,5.41,5.41
2023-02-11,Baden-Württemberg,08,00+,368,600,600,600,600,11103043,3.31,5.4,5.4,5.4,5.4
2023-02-10,Baden-Württemberg,08,00+,351,578,578,578,578,11103043,3.16,5.21,5.21,5.21,5.21
2023-02-09,Baden-Württemberg,08,00+,326,562,562,562,562,11103043,2.94,5.06,5.06,5.06,5.06
2023-02-08,Baden-Württemberg,08,00+,301,517,517,517,517,11103043,2.71,4.66,4.66,4.66,4.66
2023-02-07,Baden-Württemberg,08,00+,284,500,500,500,500,11103043,2.56,4.5,4.5,4.5,4.5
2023-02-06,Baden-Württemberg,08,00+,271,450,450,450,450,11103043,2.44,4.05,4.05,4.05,4.05
2023-02-05,Baden-Württemberg,08,00+,282,441,441,441,441,11103043,2.54,3.97,3.97,3.97,3.97
2023-02-04,Baden-Württemberg,08,00+,288,431,431,431,431,11103043,2.59,3.88,3.88,3.88,3.88
2023-02-03,Baden-Württemberg,08,00+,285,431,431,431,431,11103043,2.57,3.88,3.88,3.88,3.88
2023-02-02,Baden-Württemberg,08,00+,310,455,455,455,455,11103043,2.79,4.1,4.1,4.1,4.1
2023-02-01,Baden-Württemberg,08,00+,261,449,449,449,449,11103043,2.35,4.04,4.04,4.04,4.04
2023-01-31,Baden-Württemberg,08,00+,223,423,423,423,423,11103043,2.01,3.81,3.81,3.81,3.81
2023-01-30,Baden-Württemberg,08,00+,233,388,388,388,388,11103043,2.1,3.49,3.49,3.49,3.49
2023-01-29,Baden-Württemberg,08,00+,238,380,380,380,380,11103043,2.14,3.42,3.42,3.42,3.42
2023-01-28,Baden-Württemberg,08,00+,247,383,383,383,383,11103043,2.22,3.45,3.45,3.45,3.45
2023-01-27,Baden-Württemberg,08,00+,235,375,375,375,375,11103043,2.12,3.38,3.38,3.38,3.38
2023-01-26,Baden-Württemberg,08,00+,245,324,324,324,324,11103043,2.21,2.92,2.92,2.92,2.92
2023-01-25,Baden-Württemberg,08,00+,225,319,319,319,319,11103043,2.03,2.87,2.87,2.87,2.87
2023-01-24,Baden-Württemberg,08,00+,219,332,332,332,332,11103043,1.97,2.99,2.99,2.99,2.99
2023-01-23,Baden-Württemberg,08,00+,259,369,369,369,369,11103043,2.33,3.32,3.32,3.32,3.32
2023-01-22,Baden-Württemberg,08,00+,267,370,370,370,370,11103043,2.4,3.33,3.33,3.33,3.33
2023-01-21,Baden-Württemberg,08,00+,271,366,366,366,366,11103043,2.44,3.3,3.3,3.3,3.3
2023-01-20,Baden-Württemberg,08,00+,264,384,384,384,384,11103043,2.38,3.46,3.46,3.46,3.46
2023-01-19,Baden-Württemberg,08,00+,252,388,388,388,388,11103043,2.27,3.49,3.49,3.49,3.49
2023-01-18,Baden-Württemberg,08,00+,242,408,408,408,408,11103043,2.18,3.67,3.67,3.67,3.67
2023-01-17,Baden-Württemberg,08,00+,267,448,448,448,448,11103043,2.4,4.03,4.03,4.03,4.03
2023-01-16,Baden-Württemberg,08,00+,349,541,541,541,541,11103043,3.14,4.87,4.87,4.87,4.87
2023-01-15,Baden-Württemberg,08,00+,358,545,545,545,545,11103043,3.22,4.91,4.91,4.91,4.91
2023-01-14,Baden-Württemberg,08,00+,369,552,552,552,552,11103043,3.32,4.97,4.97,4.97,4.97
2023-01-13,Baden-Württemberg,08,00+,323,509,509,509,509,11103043,2.91,4.58,4.58,4.58,4.58
2023-01-12,Baden-Württemberg,08,00+,330,539,539,539,539,11103043,2.97,4.85,4.85,4.85,4.85
2023-01-11,Baden-Württemberg,08,00+,326,568,568,568,568,11103043,2.94,5.12,5.12,5.12,5.12
2023-01-10,Baden-Württemberg,08,00+,293,567,567,567,567,11103043,2.64,5.11,5.11,5.11,5.11
2023-01-09,Baden-Württemberg,08,00+,322,570,570,570,570,11103043,2.9,5.13,5.13,5.13,5.13
2023-01-08,Baden-Württemberg,08,00+,352,594,594,594,594,11103043,3.17,5.35,5.35,5.35,5.35
2023-01-07,Baden-Württemberg,08,00+,376,0,0,0,0,11103043,3.39,0,0,0,0
2023-01-06,Baden-Württemberg,08,00+,460,0,0,0,0,11103043,4.14,0,0,0,0
2023-01-05,Baden-Württemberg,08,00+,486,0,0,0,0,11103043,4.38,0,0,0,0
2023-01-04,Baden-Württemberg,08,00+,537,0,0,0,0,11103043,4.84,0,0,0,0
2023-01-03,Baden-Württemberg,08,00+,562,0,0,0,0,11103043,5.06,0,0,0,0
2023-01-02,Baden-Württemberg,08,00+,415,0,0,0,0,11103043,3.74,0,0,0,0
2024-04-19,Bayern,09,00+,20,20,NA,NA,NA,13140183,0.15,0.15,NA,NA,NA
2024-04-18,Bayern,09,00+,21,23,NA,NA,NA,13140183,0.16,0.18,NA,NA,NA
2024-04-17,Bayern,09,00+,18,21,NA,NA,NA,13140183,0.14,0.16,NA,NA,NA
2024-04-16,Bayern,09,00+,21,24,28,25,35,13140183,0.16,0.18,0.22,0.19,0.27
2024-04-15,Bayern,09,00+,31,34,39,35,48,13140183,0.24,0.26,0.3,0.27,0.37
2024-04-14,Bayern,09,00+,31,34,39,35,48,13140183,0.24,0.26,0.3,0.27,0.37
2024-04-13,Bayern,09,00+,31,34,39,35,48,13140183,0.24,0.26,0.3,0.27,0.37
2024-04-12,Bayern,09,00+,25,29,33,29,41,13140183,0.19,0.22,0.25,0.23,0.32
2024-04-11,Bayern,09,00+,25,31,34,31,42,13140183,0.19,0.24,0.26,0.24,0.32
2024-04-10,Bayern,09,00+,21,30,33,30,40,13140183,0.16,0.23,0.25,0.23,0.31
2024-04-09,Bayern,09,00+,42,53,56,53,65,13140183,0.32,0.4,0.43,0.41,0.5
2024-04-08,Bayern,09,00+,31,40,42,40,47,13140183,0.24,0.3,0.32,0.31,0.36
2024-04-07,Bayern,09,00+,32,41,43,41,48,13140183,0.24,0.31,0.33,0.31,0.37
2024-04-06,Bayern,09,00+,32,41,43,41,48,13140183,0.24,0.31,0.33,0.31,0.37
2024-04-05,Bayern,09,00+,29,40,42,40,47,13140183,0.22,0.3,0.32,0.31,0.36
2024-04-04,Bayern,09,00+,28,40,42,40,46,13140183,0.21,0.3,0.32,0.31,0.35
2024-04-03,Bayern,09,00+,25,42,43,42,48,13140183,0.19,0.32,0.33,0.32,0.37
2024-04-02,Bayern,09,00+,9,18,18,18,19,13140183,0.07,0.14,0.14,0.14,0.15
2024-04-01,Bayern,09,00+,25,37,37,37,40,13140183,0.19,0.28,0.29,0.28,0.3
2024-03-31,Bayern,09,00+,25,36,36,36,38,13140183,0.19,0.27,0.28,0.27,0.3
2024-03-30,Bayern,09,00+,25,36,36,36,38,13140183,0.19,0.27,0.28,0.27,0.3
2024-03-29,Bayern,09,00+,32,43,44,43,46,13140183,0.24,0.33,0.34,0.33,0.35
2024-03-28,Bayern,09,00+,36,41,41,41,43,13140183,0.27,0.31,0.32,0.31,0.33
2024-03-27,Bayern,09,00+,35,44,44,44,46,13140183,0.27,0.33,0.34,0.34,0.35
2024-03-26,Bayern,09,00+,35,47,47,47,49,13140183,0.27,0.36,0.36,0.36,0.38
2024-03-25,Bayern,09,00+,44,47,47,47,48,13140183,0.33,0.36,0.36,0.36,0.37
2024-03-24,Bayern,09,00+,44,47,47,47,48,13140183,0.33,0.36,0.36,0.36,0.37
2024-03-23,Bayern,09,00+,44,47,47,47,48,13140183,0.33,0.36,0.36,0.36,0.37
2024-03-22,Bayern,09,00+,38,46,46,46,46,13140183,0.29,0.35,0.35,0.35,0.36
2024-03-21,Bayern,09,00+,46,53,53,53,53,13140183,0.35,0.4,0.41,0.4,0.41
2024-03-20,Bayern,09,00+,42,51,51,51,51,13140183,0.32,0.39,0.39,0.39,0.39
2024-03-19,Bayern,09,00+,38,46,46,46,46,13140183,0.29,0.35,0.35,0.35,0.35
2024-03-18,Bayern,09,00+,52,56,56,56,56,13140183,0.4,0.43,0.43,0.43,0.43
2024-03-17,Bayern,09,00+,53,57,57,57,57,13140183,0.4,0.43,0.43,0.43,0.43
2024-03-16,Bayern,09,00+,53,57,57,57,57,13140183,0.4,0.43,0.43,0.43,0.43
2024-03-15,Bayern,09,00+,42,56,56,56,56,13140183,0.32,0.43,0.43,0.43,0.43
2024-03-14,Bayern,09,00+,42,50,50,50,50,13140183,0.32,0.38,0.38,0.38,0.38
2024-03-13,Bayern,09,00+,48,57,57,57,57,13140183,0.37,0.43,0.43,0.43,0.43
2024-03-12,Bayern,09,00+,50,66,66,66,66,13140183,0.38,0.5,0.5,0.5,0.5
2024-03-11,Bayern,09,00+,58,70,70,70,70,13140183,0.44,0.53,0.53,0.53,0.53
2024-03-10,Bayern,09,00+,58,71,71,71,71,13140183,0.44,0.54,0.54,0.54,0.54
2024-03-09,Bayern,09,00+,58,71,71,71,71,13140183,0.44,0.54,0.54,0.54,0.54
2024-03-08,Bayern,09,00+,64,72,72,72,72,13140183,0.49,0.55,0.55,0.55,0.55
2024-03-07,Bayern,09,00+,65,78,78,78,78,13140183,0.49,0.59,0.59,0.59,0.59
2024-03-06,Bayern,09,00+,61,80,80,80,80,13140183,0.46,0.61,0.61,0.61,0.61
2024-03-05,Bayern,09,00+,43,76,76,76,76,13140183,0.33,0.58,0.58,0.58,0.58
2024-03-04,Bayern,09,00+,58,74,74,74,74,13140183,0.44,0.56,0.56,0.56,0.56
2024-03-03,Bayern,09,00+,58,72,72,72,72,13140183,0.44,0.55,0.55,0.55,0.55
2024-03-02,Bayern,09,00+,58,72,72,72,72,13140183,0.44,0.55,0.55,0.55,0.55
2024-03-01,Bayern,09,00+,59,76,76,76,76,13140183,0.45,0.58,0.58,0.58,0.58
2024-02-29,Bayern,09,00+,55,70,70,70,70,13140183,0.42,0.53,0.53,0.53,0.53
2024-02-28,Bayern,09,00+,58,68,68,68,68,13140183,0.44,0.52,0.52,0.52,0.52
2024-02-27,Bayern,09,00+,61,80,80,80,80,13140183,0.46,0.61,0.61,0.61,0.61
2024-02-26,Bayern,09,00+,86,100,100,100,100,13140183,0.65,0.76,0.76,0.76,0.76
2024-02-25,Bayern,09,00+,88,103,103,103,103,13140183,0.67,0.78,0.78,0.78,0.78
2024-02-24,Bayern,09,00+,89,104,104,104,104,13140183,0.68,0.79,0.79,0.79,0.79
2024-02-23,Bayern,09,00+,87,104,104,104,104,13140183,0.66,0.79,0.79,0.79,0.79
2024-02-22,Bayern,09,00+,105,127,127,127,127,13140183,0.8,0.97,0.97,0.97,0.97
2024-02-21,Bayern,09,00+,123,155,155,155,155,13140183,0.94,1.18,1.18,1.18,1.18
2024-02-20,Bayern,09,00+,108,142,142,142,142,13140183,0.82,1.08,1.08,1.08,1.08
2024-02-19,Bayern,09,00+,124,152,152,152,152,13140183,0.94,1.16,1.16,1.16,1.16
2024-02-18,Bayern,09,00+,124,149,149,149,149,13140183,0.94,1.13,1.13,1.13,1.13
2024-02-17,Bayern,09,00+,124,148,148,148,148,13140183,0.94,1.13,1.13,1.13,1.13
2024-02-16,Bayern,09,00+,139,170,170,170,170,13140183,1.06,1.29,1.29,1.29,1.29
2024-02-15,Bayern,09,00+,157,186,186,186,186,13140183,1.19,1.42,1.42,1.42,1.42
2024-02-14,Bayern,09,00+,163,192,192,192,192,13140183,1.24,1.46,1.46,1.46,1.46
2024-02-13,Bayern,09,00+,177,219,219,219,219,13140183,1.35,1.67,1.67,1.67,1.67
2024-02-12,Bayern,09,00+,210,259,259,259,259,13140183,1.6,1.97,1.97,1.97,1.97
2024-02-11,Bayern,09,00+,210,259,259,259,259,13140183,1.6,1.97,1.97,1.97,1.97
2024-02-10,Bayern,09,00+,212,262,262,262,262,13140183,1.61,1.99,1.99,1.99,1.99
2024-02-09,Bayern,09,00+,188,256,256,256,256,13140183,1.43,1.95,1.95,1.95,1.95
2024-02-08,Bayern,09,00+,185,251,251,251,251,13140183,1.41,1.91,1.91,1.91,1.91
2024-02-07,Bayern,09,00+,155,248,248,248,248,13140183,1.18,1.89,1.89,1.89,1.89
2024-02-06,Bayern,09,00+,181,256,256,256,256,13140183,1.38,1.95,1.95,1.95,1.95
2024-02-05,Bayern,09,00+,210,273,273,273,273,13140183,1.6,2.08,2.08,2.08,2.08
2024-02-04,Bayern,09,00+,212,276,276,276,276,13140183,1.61,2.1,2.1,2.1,2.1
2024-02-03,Bayern,09,00+,214,276,276,276,276,13140183,1.63,2.1,2.1,2.1,2.1
2024-02-02,Bayern,09,00+,216,302,302,302,302,13140183,1.64,2.3,2.3,2.3,2.3
2024-02-01,Bayern,09,00+,253,329,329,329,329,13140183,1.93,2.5,2.5,2.5,2.5
2024-01-31,Bayern,09,00+,265,346,346,346,346,13140183,2.02,2.63,2.63,2.63,2.63
2024-01-30,Bayern,09,00+,279,378,378,378,378,13140183,2.12,2.88,2.88,2.88,2.88
2024-01-29,Bayern,09,00+,306,381,381,381,381,13140183,2.33,2.9,2.9,2.9,2.9
2024-01-28,Bayern,09,00+,307,380,380,380,380,13140183,2.34,2.89,2.89,2.89,2.89
2024-01-27,Bayern,09,00+,309,379,379,379,379,13140183,2.35,2.88,2.88,2.88,2.88
2024-01-26,Bayern,09,00+,286,392,392,392,392,13140183,2.18,2.98,2.98,2.98,2.98
2024-01-25,Bayern,09,00+,295,392,392,392,392,13140183,2.25,2.98,2.98,2.98,2.98
2024-01-24,Bayern,09,00+,279,388,388,388,388,13140183,2.12,2.95,2.95,2.95,2.95
2024-01-23,Bayern,09,00+,318,421,421,421,421,13140183,2.42,3.2,3.2,3.2,3.2
2024-01-22,Bayern,09,00+,412,502,502,502,502,13140183,3.14,3.82,3.82,3.82,3.82
2024-01-21,Bayern,09,00+,412,501,501,501,501,13140183,3.14,3.81,3.81,3.81,3.81
2024-01-20,Bayern,09,00+,414,501,501,501,501,13140183,3.15,3.81,3.81,3.81,3.81
2024-01-19,Bayern,09,00+,390,512,512,512,512,13140183,2.97,3.9,3.9,3.9,3.9
2024-01-18,Bayern,09,00+,432,555,555,555,555,13140183,3.29,4.22,4.22,4.22,4.22
2024-01-17,Bayern,09,00+,504,663,663,663,663,13140183,3.84,5.05,5.05,5.05,5.05
2024-01-16,Bayern,09,00+,524,698,698,698,698,13140183,3.99,5.31,5.31,5.31,5.31
2024-01-15,Bayern,09,00+,667,793,793,793,793,13140183,5.08,6.03,6.03,6.03,6.03
2024-01-14,Bayern,09,00+,667,792,792,792,792,13140183,5.08,6.03,6.03,6.03,6.03
2024-01-13,Bayern,09,00+,667,791,791,791,791,13140183,5.08,6.02,6.02,6.02,6.02
2024-01-12,Bayern,09,00+,642,830,830,830,830,13140183,4.89,6.32,6.32,6.32,6.32
2024-01-11,Bayern,09,00+,693,867,867,867,867,13140183,5.27,6.6,6.6,6.6,6.6
2024-01-10,Bayern,09,00+,723,897,897,897,897,13140183,5.5,6.83,6.83,6.83,6.83
2024-01-09,Bayern,09,00+,1014,1262,1262,1262,1262,13140183,7.72,9.6,9.6,9.6,9.6
2024-01-08,Bayern,09,00+,778,989,989,989,989,13140183,5.92,7.53,7.53,7.53,7.53
2024-01-07,Bayern,09,00+,780,991,991,991,991,13140183,5.94,7.54,7.54,7.54,7.54
2024-01-06,Bayern,09,00+,798,1009,1009,1009,1009,13140183,6.07,7.68,7.68,7.68,7.68
2024-01-05,Bayern,09,00+,799,1083,1083,1083,1083,13140183,6.08,8.24,8.24,8.24,8.24
2024-01-04,Bayern,09,00+,842,1212,1212,1212,1212,13140183,6.41,9.22,9.22,9.22,9.22
2024-01-03,Bayern,09,00+,992,1584,1584,1584,1584,13140183,7.55,12.05,12.05,12.05,12.05
2024-01-02,Bayern,09,00+,787,1089,1089,1089,1089,13140183,5.99,8.29,8.29,8.29,8.29
2024-01-01,Bayern,09,00+,802,1083,1083,1083,1083,13140183,6.1,8.24,8.24,8.24,8.24
2023-12-31,Bayern,09,00+,805,1086,1086,1086,1086,13140183,6.13,8.26,8.26,8.26,8.26
2023-12-30,Bayern,09,00+,815,1079,1079,1079,1079,13140183,6.2,8.21,8.21,8.21,8.21
2023-12-29,Bayern,09,00+,693,1064,1064,1064,1064,13140183,5.27,8.1,8.1,8.1,8.1
2023-12-28,Bayern,09,00+,575,1002,1002,1002,1002,13140183,4.38,7.63,7.63,7.63,7.63
2023-12-27,Bayern,09,00+,434,673,673,673,673,13140183,3.3,5.12,5.12,5.12,5.12
2023-12-26,Bayern,09,00+,637,900,900,900,900,13140183,4.85,6.85,6.85,6.85,6.85
2023-12-25,Bayern,09,00+,1051,1369,1369,1369,1369,13140183,8,10.42,10.42,10.42,10.42
2023-12-24,Bayern,09,00+,1075,1390,1390,1390,1390,13140183,8.18,10.58,10.58,10.58,10.58
2023-12-23,Bayern,09,00+,1090,1394,1394,1394,1394,13140183,8.3,10.61,10.61,10.61,10.61
2023-12-22,Bayern,09,00+,1052,1434,1434,1434,1434,13140183,8.01,10.91,10.91,10.91,10.91
2023-12-21,Bayern,09,00+,1066,1466,1466,1466,1466,13140183,8.11,11.16,11.16,11.16,11.16
2023-12-20,Bayern,09,00+,1111,1494,1494,1494,1494,13140183,8.45,11.37,11.37,11.37,11.37
2023-12-19,Bayern,09,00+,1010,1500,1500,1500,1500,13140183,7.69,11.42,11.42,11.42,11.42
2023-12-18,Bayern,09,00+,1116,1504,1504,1504,1504,13140183,8.49,11.45,11.45,11.45,11.45
2023-12-17,Bayern,09,00+,1163,1527,1527,1527,1527,13140183,8.85,11.62,11.62,11.62,11.62
2023-12-16,Bayern,09,00+,1177,1524,1524,1524,1524,13140183,8.96,11.6,11.6,11.6,11.6
2023-12-15,Bayern,09,00+,1068,1487,1487,1487,1487,13140183,8.13,11.32,11.32,11.32,11.32
2023-12-14,Bayern,09,00+,1102,1489,1489,1489,1489,13140183,8.39,11.33,11.33,11.33,11.33
2023-12-13,Bayern,09,00+,1036,1451,1451,1451,1451,13140183,7.88,11.04,11.04,11.04,11.04
2023-12-12,Bayern,09,00+,985,1452,1452,1452,1452,13140183,7.5,11.05,11.05,11.05,11.05
2023-12-11,Bayern,09,00+,938,1304,1304,1304,1304,13140183,7.14,9.92,9.92,9.92,9.92
2023-12-10,Bayern,09,00+,959,1280,1280,1280,1280,13140183,7.3,9.74,9.74,9.74,9.74
2023-12-09,Bayern,09,00+,972,1283,1283,1283,1283,13140183,7.4,9.76,9.76,9.76,9.76
2023-12-08,Bayern,09,00+,926,1300,1300,1300,1300,13140183,7.05,9.89,9.89,9.89,9.89
2023-12-07,Bayern,09,00+,907,1243,1243,1243,1243,13140183,6.9,9.46,9.46,9.46,9.46
2023-12-06,Bayern,09,00+,881,1224,1224,1224,1224,13140183,6.7,9.31,9.31,9.31,9.31
2023-12-05,Bayern,09,00+,868,1213,1213,1213,1213,13140183,6.61,9.23,9.23,9.23,9.23
2023-12-04,Bayern,09,00+,914,1202,1202,1202,1202,13140183,6.96,9.15,9.15,9.15,9.15
2023-12-03,Bayern,09,00+,929,1193,1193,1193,1193,13140183,7.07,9.08,9.08,9.08,9.08
2023-12-02,Bayern,09,00+,951,1201,1201,1201,1201,13140183,7.24,9.14,9.14,9.14,9.14
2023-12-01,Bayern,09,00+,843,1170,1170,1170,1170,13140183,6.42,8.9,8.9,8.9,8.9
2023-11-30,Bayern,09,00+,810,1140,1140,1140,1140,13140183,6.16,8.68,8.68,8.68,8.68
2023-11-29,Bayern,09,00+,735,1117,1117,1117,1117,13140183,5.59,8.5,8.5,8.5,8.5
2023-11-28,Bayern,09,00+,775,1096,1096,1096,1096,13140183,5.9,8.34,8.34,8.34,8.34
2023-11-27,Bayern,09,00+,791,1097,1097,1097,1097,13140183,6.02,8.35,8.35,8.35,8.35
2023-11-26,Bayern,09,00+,807,1100,1100,1100,1100,13140183,6.14,8.37,8.37,8.37,8.37
2023-11-25,Bayern,09,00+,824,1094,1094,1094,1094,13140183,6.27,8.33,8.33,8.33,8.33
2023-11-24,Bayern,09,00+,734,1073,1073,1073,1073,13140183,5.59,8.17,8.17,8.17,8.17
2023-11-23,Bayern,09,00+,786,1079,1079,1079,1079,13140183,5.98,8.21,8.21,8.21,8.21
2023-11-22,Bayern,09,00+,787,1103,1103,1103,1103,13140183,5.99,8.39,8.39,8.39,8.39
2023-11-21,Bayern,09,00+,750,1048,1048,1048,1048,13140183,5.71,7.98,7.98,7.98,7.98
2023-11-20,Bayern,09,00+,775,1059,1059,1059,1059,13140183,5.9,8.06,8.06,8.06,8.06
2023-11-19,Bayern,09,00+,800,1069,1069,1069,1069,13140183,6.09,8.14,8.14,8.14,8.14
2023-11-18,Bayern,09,00+,845,1096,1096,1096,1096,13140183,6.43,8.34,8.34,8.34,8.34
2023-11-17,Bayern,09,00+,771,1103,1103,1103,1103,13140183,5.87,8.39,8.39,8.39,8.39
2023-11-16,Bayern,09,00+,795,1110,1110,1110,1110,13140183,6.05,8.45,8.45,8.45,8.45
2023-11-15,Bayern,09,00+,814,1128,1128,1128,1128,13140183,6.19,8.58,8.58,8.58,8.58
2023-11-14,Bayern,09,00+,716,1133,1133,1133,1133,13140183,5.45,8.62,8.62,8.62,8.62
2023-11-13,Bayern,09,00+,822,1179,1179,1179,1179,13140183,6.26,8.97,8.97,8.97,8.97
2023-11-12,Bayern,09,00+,843,1172,1172,1172,1172,13140183,6.42,8.92,8.92,8.92,8.92
2023-11-11,Bayern,09,00+,860,1147,1147,1147,1147,13140183,6.54,8.73,8.73,8.73,8.73
2023-11-10,Bayern,09,00+,827,1172,1172,1172,1172,13140183,6.29,8.92,8.92,8.92,8.92
2023-11-09,Bayern,09,00+,883,1265,1265,1265,1265,13140183,6.72,9.63,9.63,9.63,9.63
2023-11-08,Bayern,09,00+,774,1064,1064,1064,1064,13140183,5.89,8.1,8.1,8.1,8.1
2023-11-07,Bayern,09,00+,790,1099,1099,1099,1099,13140183,6.01,8.36,8.36,8.36,8.36
2023-11-06,Bayern,09,00+,721,1079,1079,1079,1079,13140183,5.49,8.21,8.21,8.21,8.21
2023-11-05,Bayern,09,00+,744,1086,1086,1086,1086,13140183,5.66,8.26,8.26,8.26,8.26
2023-11-04,Bayern,09,00+,765,1090,1090,1090,1090,13140183,5.82,8.3,8.3,8.3,8.3
2023-11-03,Bayern,09,00+,734,1109,1109,1109,1109,13140183,5.59,8.44,8.44,8.44,8.44
2023-11-02,Bayern,09,00+,675,1020,1020,1020,1020,13140183,5.14,7.76,7.76,7.76,7.76
2023-11-01,Bayern,09,00+,881,1229,1229,1229,1229,13140183,6.7,9.35,9.35,9.35,9.35
2023-10-31,Bayern,09,00+,862,1259,1259,1259,1259,13140183,6.56,9.58,9.58,9.58,9.58
2023-10-30,Bayern,09,00+,885,1287,1287,1287,1287,13140183,6.74,9.79,9.79,9.79,9.79
2023-10-29,Bayern,09,00+,915,1292,1292,1292,1292,13140183,6.96,9.83,9.83,9.83,9.83
2023-10-28,Bayern,09,00+,928,1283,1283,1283,1283,13140183,7.06,9.76,9.76,9.76,9.76
2023-10-27,Bayern,09,00+,857,1248,1248,1248,1248,13140183,6.52,9.5,9.5,9.5,9.5
2023-10-26,Bayern,09,00+,805,1196,1196,1196,1196,13140183,6.13,9.1,9.1,9.1,9.1
2023-10-25,Bayern,09,00+,764,1102,1102,1102,1102,13140183,5.81,8.39,8.39,8.39,8.39
2023-10-24,Bayern,09,00+,631,1006,1006,1006,1006,13140183,4.8,7.66,7.66,7.66,7.66
2023-10-23,Bayern,09,00+,638,899,899,899,899,13140183,4.86,6.84,6.84,6.84,6.84
2023-10-22,Bayern,09,00+,649,878,878,878,878,13140183,4.94,6.68,6.68,6.68,6.68
2023-10-21,Bayern,09,00+,673,889,889,889,889,13140183,5.12,6.77,6.77,6.77,6.77
2023-10-20,Bayern,09,00+,670,882,882,882,882,13140183,5.1,6.71,6.71,6.71,6.71
2023-10-19,Bayern,09,00+,651,925,925,925,925,13140183,4.95,7.04,7.04,7.04,7.04
2023-10-18,Bayern,09,00+,617,928,928,928,928,13140183,4.7,7.06,7.06,7.06,7.06
2023-10-17,Bayern,09,00+,640,994,994,994,994,13140183,4.87,7.56,7.56,7.56,7.56
2023-10-16,Bayern,09,00+,635,951,951,951,951,13140183,4.83,7.24,7.24,7.24,7.24
2023-10-15,Bayern,09,00+,653,962,962,962,962,13140183,4.97,7.32,7.32,7.32,7.32
2023-10-14,Bayern,09,00+,673,958,958,958,958,13140183,5.12,7.29,7.29,7.29,7.29
2023-10-13,Bayern,09,00+,600,914,914,914,914,13140183,4.57,6.96,6.96,6.96,6.96
2023-10-12,Bayern,09,00+,635,907,907,907,907,13140183,4.83,6.9,6.9,6.9,6.9
2023-10-11,Bayern,09,00+,649,959,959,959,959,13140183,4.94,7.3,7.3,7.3,7.3
2023-10-10,Bayern,09,00+,501,792,792,792,792,13140183,3.81,6.03,6.03,6.03,6.03
2023-10-09,Bayern,09,00+,467,749,749,749,749,13140183,3.55,5.7,5.7,5.7,5.7
2023-10-08,Bayern,09,00+,483,745,745,745,745,13140183,3.68,5.67,5.67,5.67,5.67
2023-10-07,Bayern,09,00+,498,740,740,740,740,13140183,3.79,5.63,5.63,5.63,5.63
2023-10-06,Bayern,09,00+,444,717,717,717,717,13140183,3.38,5.46,5.46,5.46,5.46
2023-10-05,Bayern,09,00+,367,644,644,644,644,13140183,2.79,4.9,4.9,4.9,4.9
2023-10-04,Bayern,09,00+,250,530,530,530,530,13140183,1.9,4.03,4.03,4.03,4.03
2023-10-03,Bayern,09,00+,329,596,596,596,596,13140183,2.5,4.54,4.54,4.54,4.54
2023-10-02,Bayern,09,00+,320,513,513,513,513,13140183,2.44,3.9,3.9,3.9,3.9
2023-10-01,Bayern,09,00+,331,506,506,506,506,13140183,2.52,3.85,3.85,3.85,3.85
2023-09-30,Bayern,09,00+,338,498,498,498,498,13140183,2.57,3.79,3.79,3.79,3.79
2023-09-29,Bayern,09,00+,308,474,474,474,474,13140183,2.34,3.61,3.61,3.61,3.61
2023-09-28,Bayern,09,00+,311,474,474,474,474,13140183,2.37,3.61,3.61,3.61,3.61
2023-09-27,Bayern,09,00+,285,451,451,451,451,13140183,2.17,3.43,3.43,3.43,3.43
2023-09-26,Bayern,09,00+,281,442,442,442,442,13140183,2.14,3.36,3.36,3.36,3.36
2023-09-25,Bayern,09,00+,306,430,430,430,430,13140183,2.33,3.27,3.27,3.27,3.27
2023-09-24,Bayern,09,00+,316,429,429,429,429,13140183,2.4,3.26,3.26,3.26,3.26
2023-09-23,Bayern,09,00+,326,430,430,430,430,13140183,2.48,3.27,3.27,3.27,3.27
2023-09-22,Bayern,09,00+,301,420,420,420,420,13140183,2.29,3.2,3.2,3.2,3.2
2023-09-21,Bayern,09,00+,302,400,400,400,400,13140183,2.3,3.04,3.04,3.04,3.04
2023-09-20,Bayern,09,00+,269,388,388,388,388,13140183,2.05,2.95,2.95,2.95,2.95
2023-09-19,Bayern,09,00+,232,380,380,380,380,13140183,1.77,2.89,2.89,2.89,2.89
2023-09-18,Bayern,09,00+,259,380,380,380,380,13140183,1.97,2.89,2.89,2.89,2.89
2023-09-17,Bayern,09,00+,267,377,377,377,377,13140183,2.03,2.87,2.87,2.87,2.87
2023-09-16,Bayern,09,00+,272,375,375,375,375,13140183,2.07,2.85,2.85,2.85,2.85
2023-09-15,Bayern,09,00+,263,373,373,373,373,13140183,2,2.84,2.84,2.84,2.84
2023-09-14,Bayern,09,00+,244,355,355,355,355,13140183,1.86,2.7,2.7,2.7,2.7
2023-09-13,Bayern,09,00+,222,347,347,347,347,13140183,1.69,2.64,2.64,2.64,2.64
2023-09-12,Bayern,09,00+,176,303,303,303,303,13140183,1.34,2.31,2.31,2.31,2.31
2023-09-11,Bayern,09,00+,168,259,259,259,259,13140183,1.28,1.97,1.97,1.97,1.97
2023-09-10,Bayern,09,00+,174,257,257,257,257,13140183,1.32,1.96,1.96,1.96,1.96
2023-09-09,Bayern,09,00+,180,255,255,255,255,13140183,1.37,1.94,1.94,1.94,1.94
2023-09-08,Bayern,09,00+,138,230,230,230,230,13140183,1.05,1.75,1.75,1.75,1.75
2023-09-07,Bayern,09,00+,135,208,208,208,208,13140183,1.03,1.58,1.58,1.58,1.58
2023-09-06,Bayern,09,00+,135,200,200,200,200,13140183,1.03,1.52,1.52,1.52,1.52
2023-09-05,Bayern,09,00+,123,193,193,193,193,13140183,0.94,1.47,1.47,1.47,1.47
2023-09-04,Bayern,09,00+,129,188,188,188,188,13140183,0.98,1.43,1.43,1.43,1.43
2023-09-03,Bayern,09,00+,133,185,185,185,185,13140183,1.01,1.41,1.41,1.41,1.41
2023-09-02,Bayern,09,00+,138,184,184,184,184,13140183,1.05,1.4,1.4,1.4,1.4
2023-09-01,Bayern,09,00+,134,189,189,189,189,13140183,1.02,1.44,1.44,1.44,1.44
2023-08-31,Bayern,09,00+,134,188,188,188,188,13140183,1.02,1.43,1.43,1.43,1.43
2023-08-30,Bayern,09,00+,132,189,189,189,189,13140183,1,1.44,1.44,1.44,1.44
2023-08-29,Bayern,09,00+,132,201,201,201,201,13140183,1,1.53,1.53,1.53,1.53
2023-08-28,Bayern,09,00+,0,192,192,192,192,13140183,0,1.46,1.46,1.46,1.46
2023-08-27,Bayern,09,00+,0,200,200,200,200,13140183,0,1.52,1.52,1.52,1.52
2023-08-26,Bayern,09,00+,0,200,200,200,200,13140183,0,1.52,1.52,1.52,1.52
2023-08-25,Bayern,09,00+,0,207,207,207,207,13140183,0,1.58,1.58,1.58,1.58
2023-08-24,Bayern,09,00+,112,219,219,219,219,13140183,0.85,1.67,1.67,1.67,1.67
2023-08-23,Bayern,09,00+,154,237,237,237,237,13140183,1.17,1.8,1.8,1.8,1.8
2023-08-22,Bayern,09,00+,116,203,203,203,203,13140183,0.88,1.54,1.54,1.54,1.54
2023-08-21,Bayern,09,00+,119,218,218,218,218,13140183,0.91,1.66,1.66,1.66,1.66
2023-08-20,Bayern,09,00+,123,210,210,210,210,13140183,0.94,1.6,1.6,1.6,1.6
2023-08-19,Bayern,09,00+,125,208,208,208,208,13140183,0.95,1.58,1.58,1.58,1.58
2023-08-18,Bayern,09,00+,95,187,187,187,187,13140183,0.72,1.42,1.42,1.42,1.42
2023-08-17,Bayern,09,00+,77,157,157,157,157,13140183,0.59,1.19,1.19,1.19,1.19
2023-08-16,Bayern,09,00+,61,129,129,129,129,13140183,0.46,0.98,0.98,0.98,0.98
2023-08-15,Bayern,09,00+,77,142,142,142,142,13140183,0.59,1.08,1.08,1.08,1.08
2023-08-14,Bayern,09,00+,69,104,104,104,104,13140183,0.53,0.79,0.79,0.79,0.79
2023-08-13,Bayern,09,00+,74,106,106,106,106,13140183,0.56,0.81,0.81,0.81,0.81
2023-08-12,Bayern,09,00+,77,107,107,107,107,13140183,0.59,0.81,0.81,0.81,0.81
2023-08-11,Bayern,09,00+,73,109,109,109,109,13140183,0.56,0.83,0.83,0.83,0.83
2023-08-10,Bayern,09,00+,70,106,106,106,106,13140183,0.53,0.81,0.81,0.81,0.81
2023-08-09,Bayern,09,00+,58,99,99,99,99,13140183,0.44,0.75,0.75,0.75,0.75
2023-08-08,Bayern,09,00+,48,92,92,92,92,13140183,0.37,0.7,0.7,0.7,0.7
2023-08-07,Bayern,09,00+,56,90,90,90,90,13140183,0.43,0.68,0.68,0.68,0.68
2023-08-06,Bayern,09,00+,57,85,85,85,85,13140183,0.43,0.65,0.65,0.65,0.65
2023-08-05,Bayern,09,00+,62,86,86,86,86,13140183,0.47,0.65,0.65,0.65,0.65
2023-08-04,Bayern,09,00+,49,75,75,75,75,13140183,0.37,0.57,0.57,0.57,0.57
2023-08-03,Bayern,09,00+,51,81,81,81,81,13140183,0.39,0.62,0.62,0.62,0.62
2023-08-02,Bayern,09,00+,49,75,75,75,75,13140183,0.37,0.57,0.57,0.57,0.57
2023-08-01,Bayern,09,00+,46,71,71,71,71,13140183,0.35,0.54,0.54,0.54,0.54
2023-07-31,Bayern,09,00+,53,70,70,70,70,13140183,0.4,0.53,0.53,0.53,0.53
2023-07-30,Bayern,09,00+,54,70,70,70,70,13140183,0.41,0.53,0.53,0.53,0.53
2023-07-29,Bayern,09,00+,56,67,67,67,67,13140183,0.43,0.51,0.51,0.51,0.51
2023-07-28,Bayern,09,00+,51,68,68,68,68,13140183,0.39,0.52,0.52,0.52,0.52
2023-07-27,Bayern,09,00+,42,60,60,60,60,13140183,0.32,0.46,0.46,0.46,0.46
2023-07-26,Bayern,09,00+,34,63,63,63,63,13140183,0.26,0.48,0.48,0.48,0.48
2023-07-25,Bayern,09,00+,31,55,55,55,55,13140183,0.24,0.42,0.42,0.42,0.42
2023-07-24,Bayern,09,00+,30,44,44,44,44,13140183,0.23,0.33,0.33,0.33,0.33
2023-07-23,Bayern,09,00+,30,43,43,43,43,13140183,0.23,0.33,0.33,0.33,0.33
2023-07-22,Bayern,09,00+,30,41,41,41,41,13140183,0.23,0.31,0.31,0.31,0.31
2023-07-21,Bayern,09,00+,31,39,39,39,39,13140183,0.24,0.3,0.3,0.3,0.3
2023-07-20,Bayern,09,00+,31,42,42,42,42,13140183,0.24,0.32,0.32,0.32,0.32
2023-07-19,Bayern,09,00+,29,37,37,37,37,13140183,0.22,0.28,0.28,0.28,0.28
2023-07-18,Bayern,09,00+,27,44,44,44,44,13140183,0.21,0.33,0.33,0.33,0.33
2023-07-17,Bayern,09,00+,31,43,43,43,43,13140183,0.24,0.33,0.33,0.33,0.33
2023-07-16,Bayern,09,00+,32,44,44,44,44,13140183,0.24,0.33,0.33,0.33,0.33
2023-07-15,Bayern,09,00+,33,45,45,45,45,13140183,0.25,0.34,0.34,0.34,0.34
2023-07-14,Bayern,09,00+,38,53,53,53,53,13140183,0.29,0.4,0.4,0.4,0.4
2023-07-13,Bayern,09,00+,40,53,53,53,53,13140183,0.3,0.4,0.4,0.4,0.4
2023-07-12,Bayern,09,00+,30,50,50,50,50,13140183,0.23,0.38,0.38,0.38,0.38
2023-07-11,Bayern,09,00+,35,52,52,52,52,13140183,0.27,0.4,0.4,0.4,0.4
2023-07-10,Bayern,09,00+,30,48,48,48,48,13140183,0.23,0.37,0.37,0.37,0.37
2023-07-09,Bayern,09,00+,32,49,49,49,49,13140183,0.24,0.37,0.37,0.37,0.37
2023-07-08,Bayern,09,00+,33,50,50,50,50,13140183,0.25,0.38,0.38,0.38,0.38
2023-07-07,Bayern,09,00+,37,48,48,48,48,13140183,0.28,0.37,0.37,0.37,0.37
2023-07-06,Bayern,09,00+,37,48,48,48,48,13140183,0.28,0.37,0.37,0.37,0.37
2023-07-05,Bayern,09,00+,37,53,53,53,53,13140183,0.28,0.4,0.4,0.4,0.4
2023-07-04,Bayern,09,00+,30,46,46,46,46,13140183,0.23,0.35,0.35,0.35,0.35
2023-07-03,Bayern,09,00+,24,46,46,46,46,13140183,0.18,0.35,0.35,0.35,0.35
2023-07-02,Bayern,09,00+,25,45,45,45,45,13140183,0.19,0.34,0.34,0.34,0.34
2023-07-01,Bayern,09,00+,26,44,44,44,44,13140183,0.2,0.33,0.33,0.33,0.33
2023-06-30,Bayern,09,00+,24,37,37,37,37,13140183,0.18,0.28,0.28,0.28,0.28
2023-06-29,Bayern,09,00+,24,34,34,34,34,13140183,0.18,0.26,0.26,0.26,0.26
2023-06-28,Bayern,09,00+,27,37,37,37,37,13140183,0.21,0.28,0.28,0.28,0.28
2023-06-27,Bayern,09,00+,30,38,38,38,38,13140183,0.23,0.29,0.29,0.29,0.29
2023-06-26,Bayern,09,00+,39,49,49,49,49,13140183,0.3,0.37,0.37,0.37,0.37
2023-06-25,Bayern,09,00+,41,50,50,50,50,13140183,0.31,0.38,0.38,0.38,0.38
2023-06-24,Bayern,09,00+,41,49,49,49,49,13140183,0.31,0.37,0.37,0.37,0.37
2023-06-23,Bayern,09,00+,51,63,63,63,63,13140183,0.39,0.48,0.48,0.48,0.48
2023-06-22,Bayern,09,00+,55,68,68,68,68,13140183,0.42,0.52,0.52,0.52,0.52
2023-06-21,Bayern,09,00+,62,73,73,73,73,13140183,0.47,0.56,0.56,0.56,0.56
2023-06-20,Bayern,09,00+,64,92,92,92,92,13140183,0.49,0.7,0.7,0.7,0.7
2023-06-19,Bayern,09,00+,71,102,102,102,102,13140183,0.54,0.78,0.78,0.78,0.78
2023-06-18,Bayern,09,00+,72,103,103,103,103,13140183,0.55,0.78,0.78,0.78,0.78
2023-06-17,Bayern,09,00+,74,105,105,105,105,13140183,0.56,0.8,0.8,0.8,0.8
2023-06-16,Bayern,09,00+,78,103,103,103,103,13140183,0.59,0.78,0.78,0.78,0.78
2023-06-15,Bayern,09,00+,72,98,98,98,98,13140183,0.55,0.75,0.75,0.75,0.75
2023-06-14,Bayern,09,00+,65,97,97,97,97,13140183,0.49,0.74,0.74,0.74,0.74
2023-06-13,Bayern,09,00+,64,89,89,89,89,13140183,0.49,0.68,0.68,0.68,0.68
2023-06-12,Bayern,09,00+,62,90,90,90,90,13140183,0.47,0.68,0.68,0.68,0.68
2023-06-11,Bayern,09,00+,65,90,90,90,90,13140183,0.49,0.68,0.68,0.68,0.68
2023-06-10,Bayern,09,00+,66,90,90,90,90,13140183,0.5,0.68,0.68,0.68,0.68
2023-06-09,Bayern,09,00+,69,96,96,96,96,13140183,0.53,0.73,0.73,0.73,0.73
2023-06-08,Bayern,09,00+,86,109,109,109,109,13140183,0.65,0.83,0.83,0.83,0.83
2023-06-07,Bayern,09,00+,96,123,123,123,123,13140183,0.73,0.94,0.94,0.94,0.94
2023-06-06,Bayern,09,00+,125,158,158,158,158,13140183,0.95,1.2,1.2,1.2,1.2
2023-06-05,Bayern,09,00+,102,134,134,134,134,13140183,0.78,1.02,1.02,1.02,1.02
2023-06-04,Bayern,09,00+,102,132,132,132,132,13140183,0.78,1,1,1,1
2023-06-03,Bayern,09,00+,106,134,134,134,134,13140183,0.81,1.02,1.02,1.02,1.02
2023-06-02,Bayern,09,00+,109,136,136,136,136,13140183,0.83,1.03,1.03,1.03,1.03
2023-06-01,Bayern,09,00+,113,149,149,149,149,13140183,0.86,1.13,1.13,1.13,1.13
2023-05-31,Bayern,09,00+,106,147,147,147,147,13140183,0.81,1.12,1.12,1.12,1.12
2023-05-30,Bayern,09,00+,95,143,143,143,143,13140183,0.72,1.09,1.09,1.09,1.09
2023-05-29,Bayern,09,00+,155,204,204,204,204,13140183,1.18,1.55,1.55,1.55,1.55
2023-05-28,Bayern,09,00+,162,211,211,211,211,13140183,1.23,1.61,1.61,1.61,1.61
2023-05-27,Bayern,09,00+,167,212,212,212,212,13140183,1.27,1.61,1.61,1.61,1.61
2023-05-26,Bayern,09,00+,184,232,232,232,232,13140183,1.4,1.77,1.77,1.77,1.77
2023-05-25,Bayern,09,00+,163,207,207,207,207,13140183,1.24,1.58,1.58,1.58,1.58
2023-05-24,Bayern,09,00+,176,232,232,232,232,13140183,1.34,1.77,1.77,1.77,1.77
2023-05-23,Bayern,09,00+,131,217,217,217,217,13140183,1,1.65,1.65,1.65,1.65
2023-05-22,Bayern,09,00+,134,223,223,223,223,13140183,1.02,1.7,1.7,1.7,1.7
2023-05-21,Bayern,09,00+,137,218,218,218,218,13140183,1.04,1.66,1.66,1.66,1.66
2023-05-20,Bayern,09,00+,144,220,220,220,220,13140183,1.1,1.67,1.67,1.67,1.67
2023-05-19,Bayern,09,00+,137,208,208,208,208,13140183,1.04,1.58,1.58,1.58,1.58
2023-05-18,Bayern,09,00+,160,227,227,227,227,13140183,1.22,1.73,1.73,1.73,1.73
2023-05-17,Bayern,09,00+,153,205,205,205,205,13140183,1.16,1.56,1.56,1.56,1.56
2023-05-16,Bayern,09,00+,147,219,219,219,219,13140183,1.12,1.67,1.67,1.67,1.67
2023-05-15,Bayern,09,00+,196,242,242,242,242,13140183,1.49,1.84,1.84,1.84,1.84
2023-05-14,Bayern,09,00+,199,242,242,242,242,13140183,1.51,1.84,1.84,1.84,1.84
2023-05-13,Bayern,09,00+,205,242,242,242,242,13140183,1.56,1.84,1.84,1.84,1.84
2023-05-12,Bayern,09,00+,222,257,257,257,257,13140183,1.69,1.96,1.96,1.96,1.96
2023-05-11,Bayern,09,00+,216,288,288,288,288,13140183,1.64,2.19,2.19,2.19,2.19
2023-05-10,Bayern,09,00+,232,321,321,321,321,13140183,1.77,2.44,2.44,2.44,2.44
2023-05-09,Bayern,09,00+,300,398,398,398,398,13140183,2.28,3.03,3.03,3.03,3.03
2023-05-08,Bayern,09,00+,225,312,312,312,312,13140183,1.71,2.37,2.37,2.37,2.37
2023-05-07,Bayern,09,00+,232,317,317,317,317,13140183,1.77,2.41,2.41,2.41,2.41
2023-05-06,Bayern,09,00+,251,329,329,329,329,13140183,1.91,2.5,2.5,2.5,2.5
2023-05-05,Bayern,09,00+,259,332,332,332,332,13140183,1.97,2.53,2.53,2.53,2.53
2023-05-04,Bayern,09,00+,255,330,330,330,330,13140183,1.94,2.51,2.51,2.51,2.51
2023-05-03,Bayern,09,00+,228,329,329,329,329,13140183,1.74,2.5,2.5,2.5,2.5
2023-05-02,Bayern,09,00+,168,265,265,265,265,13140183,1.28,2.02,2.02,2.02,2.02
2023-05-01,Bayern,09,00+,293,397,397,397,397,13140183,2.23,3.02,3.02,3.02,3.02
2023-04-30,Bayern,09,00+,299,396,396,396,396,13140183,2.28,3.01,3.01,3.01,3.01
2023-04-29,Bayern,09,00+,309,389,389,389,389,13140183,2.35,2.96,2.96,2.96,2.96
2023-04-28,Bayern,09,00+,302,388,388,388,388,13140183,2.3,2.95,2.95,2.95,2.95
2023-04-27,Bayern,09,00+,320,403,403,403,403,13140183,2.44,3.07,3.07,3.07,3.07
2023-04-26,Bayern,09,00+,348,436,436,436,436,13140183,2.65,3.32,3.32,3.32,3.32
2023-04-25,Bayern,09,00+,336,455,455,455,455,13140183,2.56,3.46,3.46,3.46,3.46
2023-04-24,Bayern,09,00+,363,477,477,477,477,13140183,2.76,3.63,3.63,3.63,3.63
2023-04-23,Bayern,09,00+,375,482,482,482,482,13140183,2.85,3.67,3.67,3.67,3.67
2023-04-22,Bayern,09,00+,386,481,481,481,481,13140183,2.94,3.66,3.66,3.66,3.66
2023-04-21,Bayern,09,00+,416,518,518,518,518,13140183,3.17,3.94,3.94,3.94,3.94
2023-04-20,Bayern,09,00+,434,552,552,552,552,13140183,3.3,4.2,4.2,4.2,4.2
2023-04-19,Bayern,09,00+,432,545,545,545,545,13140183,3.29,4.15,4.15,4.15,4.15
2023-04-18,Bayern,09,00+,550,720,720,720,720,13140183,4.19,5.48,5.48,5.48,5.48
2023-04-17,Bayern,09,00+,407,567,567,567,567,13140183,3.1,4.32,4.32,4.32,4.32
2023-04-16,Bayern,09,00+,430,580,580,580,580,13140183,3.27,4.41,4.41,4.41,4.41
2023-04-15,Bayern,09,00+,449,590,590,590,590,13140183,3.42,4.49,4.49,4.49,4.49
2023-04-14,Bayern,09,00+,380,520,520,520,520,13140183,2.89,3.96,3.96,3.96,3.96
2023-04-13,Bayern,09,00+,370,510,510,510,510,13140183,2.82,3.88,3.88,3.88,3.88
2023-04-12,Bayern,09,00+,353,525,525,525,525,13140183,2.69,4,4,4,4
2023-04-11,Bayern,09,00+,273,443,443,443,443,13140183,2.08,3.37,3.37,3.37,3.37
2023-04-10,Bayern,09,00+,508,696,696,696,696,13140183,3.87,5.3,5.3,5.3,5.3
2023-04-09,Bayern,09,00+,527,690,690,690,690,13140183,4.01,5.25,5.25,5.25,5.25
2023-04-08,Bayern,09,00+,548,692,692,692,692,13140183,4.17,5.27,5.27,5.27,5.27
2023-04-07,Bayern,09,00+,650,797,797,797,797,13140183,4.95,6.07,6.07,6.07,6.07
2023-04-06,Bayern,09,00+,633,810,810,810,810,13140183,4.82,6.16,6.16,6.16,6.16
2023-04-05,Bayern,09,00+,639,852,852,852,852,13140183,4.86,6.48,6.48,6.48,6.48
2023-04-04,Bayern,09,00+,604,879,879,879,879,13140183,4.6,6.69,6.69,6.69,6.69
2023-04-03,Bayern,09,00+,725,956,956,956,956,13140183,5.52,7.28,7.28,7.28,7.28
2023-04-02,Bayern,09,00+,757,969,969,969,969,13140183,5.76,7.37,7.37,7.37,7.37
2023-04-01,Bayern,09,00+,779,972,972,972,972,13140183,5.93,7.4,7.4,7.4,7.4
2023-03-31,Bayern,09,00+,807,1003,1003,1003,1003,13140183,6.14,7.63,7.63,7.63,7.63
2023-03-30,Bayern,09,00+,861,1092,1092,1092,1092,13140183,6.55,8.31,8.31,8.31,8.31
2023-03-29,Bayern,09,00+,875,1166,1166,1166,1166,13140183,6.66,8.87,8.87,8.87,8.87
2023-03-28,Bayern,09,00+,832,1207,1207,1207,1207,13140183,6.33,9.19,9.19,9.19,9.19
2023-03-27,Bayern,09,00+,950,1291,1291,1291,1291,13140183,7.23,9.82,9.82,9.82,9.82
2023-03-26,Bayern,09,00+,987,1297,1297,1297,1297,13140183,7.51,9.87,9.87,9.87,9.87
2023-03-25,Bayern,09,00+,1012,1299,1299,1299,1299,13140183,7.7,9.89,9.89,9.89,9.89
2023-03-24,Bayern,09,00+,1049,1369,1369,1369,1369,13140183,7.98,10.42,10.42,10.42,10.42
2023-03-23,Bayern,09,00+,1057,1418,1418,1418,1418,13140183,8.04,10.79,10.79,10.79,10.79
2023-03-22,Bayern,09,00+,1058,1437,1437,1437,1437,13140183,8.05,10.94,10.94,10.94,10.94
2023-03-21,Bayern,09,00+,1063,1496,1496,1496,1496,13140183,8.09,11.38,11.38,11.38,11.38
2023-03-20,Bayern,09,00+,1107,1555,1555,1555,1555,13140183,8.42,11.83,11.83,11.83,11.83
2023-03-19,Bayern,09,00+,1155,1568,1568,1568,1568,13140183,8.79,11.93,11.93,11.93,11.93
2023-03-18,Bayern,09,00+,1187,1574,1574,1574,1574,13140183,9.03,11.98,11.98,11.98,11.98
2023-03-17,Bayern,09,00+,1208,1607,1607,1607,1607,13140183,9.19,12.23,12.23,12.23,12.23
2023-03-16,Bayern,09,00+,1265,1622,1622,1622,1622,13140183,9.63,12.34,12.34,12.34,12.34
2023-03-15,Bayern,09,00+,1248,1654,1654,1654,1654,13140183,9.5,12.59,12.59,12.59,12.59
2023-03-14,Bayern,09,00+,1252,1686,1686,1686,1686,13140183,9.53,12.83,12.83,12.83,12.83
2023-03-13,Bayern,09,00+,1256,1747,1747,1747,1747,13140183,9.56,13.3,13.3,13.3,13.3
2023-03-12,Bayern,09,00+,1302,1742,1742,1742,1742,13140183,9.91,13.26,13.26,13.26,13.26
2023-03-11,Bayern,09,00+,1333,1744,1744,1744,1744,13140183,10.14,13.27,13.27,13.27,13.27
2023-03-10,Bayern,09,00+,1305,1728,1728,1728,1728,13140183,9.93,13.15,13.15,13.15,13.15
2023-03-09,Bayern,09,00+,1312,1796,1796,1796,1796,13140183,9.98,13.67,13.67,13.67,13.67
2023-03-08,Bayern,09,00+,1313,1835,1835,1835,1835,13140183,9.99,13.96,13.96,13.96,13.96
2023-03-07,Bayern,09,00+,1355,1932,1932,1932,1932,13140183,10.31,14.7,14.7,14.7,14.7
2023-03-06,Bayern,09,00+,1473,2073,2073,2073,2073,13140183,11.21,15.78,15.78,15.78,15.78
2023-03-05,Bayern,09,00+,1539,2097,2097,2097,2097,13140183,11.71,15.96,15.96,15.96,15.96
2023-03-04,Bayern,09,00+,1585,2112,2112,2112,2112,13140183,12.06,16.07,16.07,16.07,16.07
2023-03-03,Bayern,09,00+,1635,2216,2216,2216,2216,13140183,12.44,16.86,16.86,16.86,16.86
2023-03-02,Bayern,09,00+,1669,2294,2294,2294,2294,13140183,12.7,17.46,17.46,17.46,17.46
2023-03-01,Bayern,09,00+,1873,2551,2551,2551,2551,13140183,14.25,19.41,19.41,19.41,19.41
2023-02-28,Bayern,09,00+,1712,2485,2485,2485,2485,13140183,13.03,18.91,18.91,18.91,18.91
2023-02-27,Bayern,09,00+,1759,2532,2532,2532,2532,13140183,13.39,19.27,19.27,19.27,19.27
2023-02-26,Bayern,09,00+,1824,2535,2535,2535,2535,13140183,13.88,19.29,19.29,19.29,19.29
2023-02-25,Bayern,09,00+,1876,2540,2540,2540,2540,13140183,14.28,19.33,19.33,19.33,19.33
2023-02-24,Bayern,09,00+,1856,2547,2547,2547,2547,13140183,14.12,19.38,19.38,19.38,19.38
2023-02-23,Bayern,09,00+,1759,2516,2516,2516,2516,13140183,13.39,19.15,19.15,19.15,19.15
2023-02-22,Bayern,09,00+,1540,2344,2344,2344,2344,13140183,11.72,17.84,17.84,17.84,17.84
2023-02-21,Bayern,09,00+,1617,2405,2405,2405,2405,13140183,12.31,18.3,18.3,18.3,18.3
2023-02-20,Bayern,09,00+,1618,2327,2327,2327,2327,13140183,12.31,17.71,17.71,17.71,17.71
2023-02-19,Bayern,09,00+,1679,2320,2320,2320,2320,13140183,12.78,17.66,17.66,17.66,17.66
2023-02-18,Bayern,09,00+,1731,2323,2323,2323,2323,13140183,13.17,17.68,17.68,17.68,17.68
2023-02-17,Bayern,09,00+,1661,2250,2250,2250,2250,13140183,12.64,17.12,17.12,17.12,17.12
2023-02-16,Bayern,09,00+,1638,2197,2197,2197,2197,13140183,12.47,16.72,16.72,16.72,16.72
2023-02-15,Bayern,09,00+,1499,2123,2123,2123,2123,13140183,11.41,16.16,16.16,16.16,16.16
2023-02-14,Bayern,09,00+,1437,2088,2088,2088,2088,13140183,10.94,15.89,15.89,15.89,15.89
2023-02-13,Bayern,09,00+,1408,1962,1962,1962,1962,13140183,10.72,14.93,14.93,14.93,14.93
2023-02-12,Bayern,09,00+,1448,1938,1938,1938,1938,13140183,11.02,14.75,14.75,14.75,14.75
2023-02-11,Bayern,09,00+,1484,1916,1916,1916,1916,13140183,11.29,14.58,14.58,14.58,14.58
2023-02-10,Bayern,09,00+,1444,1895,1895,1895,1895,13140183,10.99,14.42,14.42,14.42,14.42
2023-02-09,Bayern,09,00+,1340,1803,1803,1803,1803,13140183,10.2,13.72,13.72,13.72,13.72
2023-02-08,Bayern,09,00+,1293,1771,1771,1771,1771,13140183,9.84,13.48,13.48,13.48,13.48
2023-02-07,Bayern,09,00+,1185,1680,1680,1680,1680,13140183,9.02,12.79,12.79,12.79,12.79
2023-02-06,Bayern,09,00+,1096,1545,1545,1545,1545,13140183,8.34,11.76,11.76,11.76,11.76
2023-02-05,Bayern,09,00+,1135,1548,1548,1548,1548,13140183,8.64,11.78,11.78,11.78,11.78
2023-02-04,Bayern,09,00+,1167,1550,1550,1550,1550,13140183,8.88,11.8,11.8,11.8,11.8
2023-02-03,Bayern,09,00+,1144,1521,1521,1521,1521,13140183,8.71,11.58,11.58,11.58,11.58
2023-02-02,Bayern,09,00+,1143,1512,1512,1512,1512,13140183,8.7,11.51,11.51,11.51,11.51
2023-02-01,Bayern,09,00+,1056,1406,1406,1406,1406,13140183,8.04,10.7,10.7,10.7,10.7
2023-01-31,Bayern,09,00+,964,1374,1374,1374,1374,13140183,7.34,10.46,10.46,10.46,10.46
2023-01-30,Bayern,09,00+,950,1329,1329,1329,1329,13140183,7.23,10.11,10.11,10.11,10.11
2023-01-29,Bayern,09,00+,983,1318,1318,1318,1318,13140183,7.48,10.03,10.03,10.03,10.03
2023-01-28,Bayern,09,00+,1014,1311,1311,1311,1311,13140183,7.72,9.98,9.98,9.98,9.98
2023-01-27,Bayern,09,00+,959,1234,1234,1234,1234,13140183,7.3,9.39,9.39,9.39,9.39
2023-01-26,Bayern,09,00+,940,1206,1206,1206,1206,13140183,7.15,9.18,9.18,9.18,9.18
2023-01-25,Bayern,09,00+,899,1186,1186,1186,1186,13140183,6.84,9.03,9.03,9.03,9.03
2023-01-24,Bayern,09,00+,810,1110,1110,1110,1110,13140183,6.16,8.45,8.45,8.45,8.45
2023-01-23,Bayern,09,00+,827,1124,1124,1124,1124,13140183,6.29,8.55,8.55,8.55,8.55
2023-01-22,Bayern,09,00+,848,1114,1114,1114,1114,13140183,6.45,8.48,8.48,8.48,8.48
2023-01-21,Bayern,09,00+,869,1106,1106,1106,1106,13140183,6.61,8.42,8.42,8.42,8.42
2023-01-20,Bayern,09,00+,867,1144,1144,1144,1144,13140183,6.6,8.71,8.71,8.71,8.71
2023-01-19,Bayern,09,00+,834,1123,1123,1123,1123,13140183,6.35,8.55,8.55,8.55,8.55
2023-01-18,Bayern,09,00+,885,1200,1200,1200,1200,13140183,6.74,9.13,9.13,9.13,9.13
2023-01-17,Bayern,09,00+,773,1271,1271,1271,1271,13140183,5.88,9.67,9.67,9.67,9.67
2023-01-16,Bayern,09,00+,1067,1434,1434,1434,1434,13140183,8.12,10.91,10.91,10.91,10.91
2023-01-15,Bayern,09,00+,1109,1453,1453,1453,1453,13140183,8.44,11.06,11.06,11.06,11.06
2023-01-14,Bayern,09,00+,1149,1469,1469,1469,1469,13140183,8.74,11.18,11.18,11.18,11.18
2023-01-13,Bayern,09,00+,1040,1324,1324,1324,1324,13140183,7.91,10.08,10.08,10.08,10.08
2023-01-12,Bayern,09,00+,1094,1412,1412,1412,1412,13140183,8.33,10.75,10.75,10.75,10.75
2023-01-11,Bayern,09,00+,1070,1434,1434,1434,1434,13140183,8.14,10.91,10.91,10.91,10.91
2023-01-10,Bayern,09,00+,973,1461,1461,1461,1461,13140183,7.4,11.12,11.12,11.12,11.12
2023-01-09,Bayern,09,00+,826,1358,1358,1358,1358,13140183,6.29,10.33,10.33,10.33,10.33
2023-01-08,Bayern,09,00+,863,1353,1353,1353,1353,13140183,6.57,10.3,10.3,10.3,10.3
2023-01-07,Bayern,09,00+,898,0,0,0,0,13140183,6.83,0,0,0,0
2023-01-06,Bayern,09,00+,1087,0,0,0,0,13140183,8.27,0,0,0,0
2023-01-05,Bayern,09,00+,1163,0,0,0,0,13140183,8.85,0,0,0,0
2023-01-04,Bayern,09,00+,1270,0,0,0,0,13140183,9.67,0,0,0,0
2023-01-03,Bayern,09,00+,1452,0,0,0,0,13140183,11.05,0,0,0,0
2023-01-02,Bayern,09,00+,1109,0,0,0,0,13140183,8.44,0,0,0,0
2024-04-19,Saarland,10,00+,5,5,NA,NA,NA,983991,0.51,0.51,NA,NA,NA
2024-04-18,Saarland,10,00+,5,5,NA,NA,NA,983991,0.51,0.51,NA,NA,NA
2024-04-17,Saarland,10,00+,2,3,NA,NA,NA,983991,0.2,0.3,NA,NA,NA
2024-04-16,Saarland,10,00+,2,2,2,2,3,983991,0.2,0.2,0.26,0.22,0.34
2024-04-15,Saarland,10,00+,0,0,0,0,0,983991,0,0,0,0,0
2024-04-14,Saarland,10,00+,0,0,0,0,0,983991,0,0,0,0,0
2024-04-13,Saarland,10,00+,0,0,0,0,0,983991,0,0,0,0,0
2024-04-12,Saarland,10,00+,0,0,0,0,0,983991,0,0,0,0,0
2024-04-11,Saarland,10,00+,0,0,0,0,0,983991,0,0,0,0,0
2024-04-10,Saarland,10,00+,0,0,0,0,0,983991,0,0,0,0,0
2024-04-09,Saarland,10,00+,0,0,0,0,0,983991,0,0,0,0,0
2024-04-08,Saarland,10,00+,0,0,0,0,0,983991,0,0,0,0,0
2024-04-07,Saarland,10,00+,0,0,0,0,0,983991,0,0,0,0,0
2024-04-06,Saarland,10,00+,0,0,0,0,0,983991,0,0,0,0,0
2024-04-05,Saarland,10,00+,0,0,0,0,0,983991,0,0,0,0,0
2024-04-04,Saarland,10,00+,3,3,3,3,3,983991,0.3,0.3,0.31,0.31,0.33
2024-04-03,Saarland,10,00+,3,4,4,4,4,983991,0.3,0.41,0.42,0.41,0.44
2024-04-02,Saarland,10,00+,3,4,4,4,4,983991,0.3,0.41,0.42,0.41,0.44
2024-04-01,Saarland,10,00+,3,4,4,4,4,983991,0.3,0.41,0.42,0.41,0.44
2024-03-31,Saarland,10,00+,3,4,4,4,4,983991,0.3,0.41,0.42,0.41,0.44
2024-03-30,Saarland,10,00+,4,5,5,5,5,983991,0.41,0.51,0.52,0.51,0.55
2024-03-29,Saarland,10,00+,4,5,5,5,5,983991,0.41,0.51,0.52,0.51,0.55
2024-03-28,Saarland,10,00+,1,2,2,2,2,983991,0.1,0.2,0.21,0.2,0.22
2024-03-27,Saarland,10,00+,2,2,2,2,2,983991,0.2,0.2,0.21,0.2,0.21
2024-03-26,Saarland,10,00+,1,2,2,2,2,983991,0.1,0.2,0.21,0.2,0.21
2024-03-25,Saarland,10,00+,1,2,2,2,2,983991,0.1,0.2,0.21,0.2,0.21
2024-03-24,Saarland,10,00+,1,2,2,2,2,983991,0.1,0.2,0.21,0.2,0.21
2024-03-23,Saarland,10,00+,1,1,1,1,1,983991,0.1,0.1,0.1,0.1,0.11
2024-03-22,Saarland,10,00+,1,1,1,1,1,983991,0.1,0.1,0.1,0.1,0.11
2024-03-21,Saarland,10,00+,1,2,2,2,2,983991,0.1,0.2,0.2,0.2,0.21
2024-03-20,Saarland,10,00+,1,2,2,2,2,983991,0.1,0.2,0.2,0.2,0.2
2024-03-19,Saarland,10,00+,1,3,3,3,3,983991,0.1,0.3,0.3,0.3,0.3
2024-03-18,Saarland,10,00+,3,6,6,6,6,983991,0.3,0.61,0.61,0.61,0.61
2024-03-17,Saarland,10,00+,3,6,6,6,6,983991,0.3,0.61,0.61,0.61,0.61
2024-03-16,Saarland,10,00+,3,6,6,6,6,983991,0.3,0.61,0.61,0.61,0.61
2024-03-15,Saarland,10,00+,4,7,7,7,7,983991,0.41,0.71,0.71,0.71,0.71
2024-03-14,Saarland,10,00+,4,6,6,6,6,983991,0.41,0.61,0.61,0.61,0.61
2024-03-13,Saarland,10,00+,3,5,5,5,5,983991,0.3,0.51,0.51,0.51,0.51
2024-03-12,Saarland,10,00+,3,5,5,5,5,983991,0.3,0.51,0.51,0.51,0.51
2024-03-11,Saarland,10,00+,2,3,3,3,3,983991,0.2,0.3,0.3,0.3,0.3
2024-03-10,Saarland,10,00+,2,3,3,3,3,983991,0.2,0.3,0.3,0.3,0.3
2024-03-09,Saarland,10,00+,2,3,3,3,3,983991,0.2,0.3,0.3,0.3,0.3
2024-03-08,Saarland,10,00+,2,2,2,2,2,983991,0.2,0.2,0.2,0.2,0.2
2024-03-07,Saarland,10,00+,1,2,2,2,2,983991,0.1,0.2,0.2,0.2,0.2
2024-03-06,Saarland,10,00+,1,3,3,3,3,983991,0.1,0.3,0.3,0.3,0.3
2024-03-05,Saarland,10,00+,1,3,3,3,3,983991,0.1,0.3,0.3,0.3,0.3
2024-03-04,Saarland,10,00+,1,3,3,3,3,983991,0.1,0.3,0.3,0.3,0.3
2024-03-03,Saarland,10,00+,1,3,3,3,3,983991,0.1,0.3,0.3,0.3,0.3
2024-03-02,Saarland,10,00+,1,3,3,3,3,983991,0.1,0.3,0.3,0.3,0.3
2024-03-01,Saarland,10,00+,1,3,3,3,3,983991,0.1,0.3,0.3,0.3,0.3
2024-02-29,Saarland,10,00+,1,3,3,3,3,983991,0.1,0.3,0.3,0.3,0.3
2024-02-28,Saarland,10,00+,1,2,2,2,2,983991,0.1,0.2,0.2,0.2,0.2
2024-02-27,Saarland,10,00+,2,3,3,3,3,983991,0.2,0.3,0.3,0.3,0.3
2024-02-26,Saarland,10,00+,1,3,3,3,3,983991,0.1,0.3,0.3,0.3,0.3
2024-02-25,Saarland,10,00+,1,3,3,3,3,983991,0.1,0.3,0.3,0.3,0.3
2024-02-24,Saarland,10,00+,1,3,3,3,3,983991,0.1,0.3,0.3,0.3,0.3
2024-02-23,Saarland,10,00+,3,5,5,5,5,983991,0.3,0.51,0.51,0.51,0.51
2024-02-22,Saarland,10,00+,3,5,5,5,5,983991,0.3,0.51,0.51,0.51,0.51
2024-02-21,Saarland,10,00+,6,8,8,8,8,983991,0.61,0.81,0.81,0.81,0.81
2024-02-20,Saarland,10,00+,8,13,13,13,13,983991,0.81,1.32,1.32,1.32,1.32
2024-02-19,Saarland,10,00+,6,12,12,12,12,983991,0.61,1.22,1.22,1.22,1.22
2024-02-18,Saarland,10,00+,6,12,12,12,12,983991,0.61,1.22,1.22,1.22,1.22
2024-02-17,Saarland,10,00+,6,12,12,12,12,983991,0.61,1.22,1.22,1.22,1.22
2024-02-16,Saarland,10,00+,7,12,12,12,12,983991,0.71,1.22,1.22,1.22,1.22
2024-02-15,Saarland,10,00+,6,13,13,13,13,983991,0.61,1.32,1.32,1.32,1.32
2024-02-14,Saarland,10,00+,6,11,11,11,11,983991,0.61,1.12,1.12,1.12,1.12
2024-02-13,Saarland,10,00+,2,4,4,4,4,983991,0.2,0.41,0.41,0.41,0.41
2024-02-12,Saarland,10,00+,10,12,12,12,12,983991,1.02,1.22,1.22,1.22,1.22
2024-02-11,Saarland,10,00+,10,12,12,12,12,983991,1.02,1.22,1.22,1.22,1.22
2024-02-10,Saarland,10,00+,10,12,12,12,12,983991,1.02,1.22,1.22,1.22,1.22
2024-02-09,Saarland,10,00+,11,12,12,12,12,983991,1.12,1.22,1.22,1.22,1.22
2024-02-08,Saarland,10,00+,13,13,13,13,13,983991,1.32,1.32,1.32,1.32,1.32
2024-02-07,Saarland,10,00+,10,15,15,15,15,983991,1.02,1.52,1.52,1.52,1.52
2024-02-06,Saarland,10,00+,15,20,20,20,20,983991,1.52,2.03,2.03,2.03,2.03
2024-02-05,Saarland,10,00+,13,19,19,19,19,983991,1.32,1.93,1.93,1.93,1.93
2024-02-04,Saarland,10,00+,13,19,19,19,19,983991,1.32,1.93,1.93,1.93,1.93
2024-02-03,Saarland,10,00+,13,19,19,19,19,983991,1.32,1.93,1.93,1.93,1.93
2024-02-02,Saarland,10,00+,12,19,19,19,19,983991,1.22,1.93,1.93,1.93,1.93
2024-02-01,Saarland,10,00+,12,18,18,18,18,983991,1.22,1.83,1.83,1.83,1.83
2024-01-31,Saarland,10,00+,9,15,15,15,15,983991,0.91,1.52,1.52,1.52,1.52
2024-01-30,Saarland,10,00+,6,13,13,13,13,983991,0.61,1.32,1.32,1.32,1.32
2024-01-29,Saarland,10,00+,12,16,16,16,16,983991,1.22,1.63,1.63,1.63,1.63
2024-01-28,Saarland,10,00+,12,16,16,16,16,983991,1.22,1.63,1.63,1.63,1.63
2024-01-27,Saarland,10,00+,12,16,16,16,16,983991,1.22,1.63,1.63,1.63,1.63
2024-01-26,Saarland,10,00+,9,14,14,14,14,983991,0.91,1.42,1.42,1.42,1.42
2024-01-25,Saarland,10,00+,12,17,17,17,17,983991,1.22,1.73,1.73,1.73,1.73
2024-01-24,Saarland,10,00+,14,20,20,20,20,983991,1.42,2.03,2.03,2.03,2.03
2024-01-23,Saarland,10,00+,14,19,19,19,19,983991,1.42,1.93,1.93,1.93,1.93
2024-01-22,Saarland,10,00+,13,18,18,18,18,983991,1.32,1.83,1.83,1.83,1.83
2024-01-21,Saarland,10,00+,13,18,18,18,18,983991,1.32,1.83,1.83,1.83,1.83
2024-01-20,Saarland,10,00+,13,18,18,18,18,983991,1.32,1.83,1.83,1.83,1.83
2024-01-19,Saarland,10,00+,12,20,20,20,20,983991,1.22,2.03,2.03,2.03,2.03
2024-01-18,Saarland,10,00+,11,17,17,17,17,983991,1.12,1.73,1.73,1.73,1.73
2024-01-17,Saarland,10,00+,15,19,19,19,19,983991,1.52,1.93,1.93,1.93,1.93
2024-01-16,Saarland,10,00+,22,25,25,25,25,983991,2.24,2.54,2.54,2.54,2.54
2024-01-15,Saarland,10,00+,18,24,24,24,24,983991,1.83,2.44,2.44,2.44,2.44
2024-01-14,Saarland,10,00+,18,24,24,24,24,983991,1.83,2.44,2.44,2.44,2.44
2024-01-13,Saarland,10,00+,18,24,24,24,24,983991,1.83,2.44,2.44,2.44,2.44
2024-01-12,Saarland,10,00+,15,24,24,24,24,983991,1.52,2.44,2.44,2.44,2.44
2024-01-11,Saarland,10,00+,19,29,29,29,29,983991,1.93,2.95,2.95,2.95,2.95
2024-01-10,Saarland,10,00+,23,34,34,34,34,983991,2.34,3.46,3.46,3.46,3.46
2024-01-09,Saarland,10,00+,44,57,57,57,57,983991,4.47,5.79,5.79,5.79,5.79
2024-01-08,Saarland,10,00+,35,50,50,50,50,983991,3.56,5.08,5.08,5.08,5.08
2024-01-07,Saarland,10,00+,35,50,50,50,50,983991,3.56,5.08,5.08,5.08,5.08
2024-01-06,Saarland,10,00+,35,50,50,50,50,983991,3.56,5.08,5.08,5.08,5.08
2024-01-05,Saarland,10,00+,40,67,67,67,67,983991,4.07,6.81,6.81,6.81,6.81
2024-01-04,Saarland,10,00+,37,69,69,69,69,983991,3.76,7.01,7.01,7.01,7.01
2024-01-03,Saarland,10,00+,31,75,75,75,75,983991,3.15,7.62,7.62,7.62,7.62
2024-01-02,Saarland,10,00+,12,44,44,44,44,983991,1.22,4.47,4.47,4.47,4.47
2024-01-01,Saarland,10,00+,12,44,44,44,44,983991,1.22,4.47,4.47,4.47,4.47
2023-12-31,Saarland,10,00+,12,45,45,45,45,983991,1.22,4.57,4.57,4.57,4.57
2023-12-30,Saarland,10,00+,12,45,45,45,45,983991,1.22,4.57,4.57,4.57,4.57
2023-12-29,Saarland,10,00+,11,33,33,33,33,983991,1.12,3.35,3.35,3.35,3.35
2023-12-28,Saarland,10,00+,13,35,35,35,35,983991,1.32,3.56,3.56,3.56,3.56
2023-12-27,Saarland,10,00+,14,28,28,28,28,983991,1.42,2.85,2.85,2.85,2.85
2023-12-26,Saarland,10,00+,23,41,41,41,41,983991,2.34,4.17,4.17,4.17,4.17
2023-12-25,Saarland,10,00+,31,53,53,53,53,983991,3.15,5.39,5.39,5.39,5.39
2023-12-24,Saarland,10,00+,31,52,52,52,52,983991,3.15,5.28,5.28,5.28,5.28
2023-12-23,Saarland,10,00+,31,52,52,52,52,983991,3.15,5.28,5.28,5.28,5.28
2023-12-22,Saarland,10,00+,30,50,50,50,50,983991,3.05,5.08,5.08,5.08,5.08
2023-12-21,Saarland,10,00+,35,59,59,59,59,983991,3.56,6,6,6,6
2023-12-20,Saarland,10,00+,36,58,58,58,58,983991,3.66,5.89,5.89,5.89,5.89
2023-12-19,Saarland,10,00+,37,58,58,58,58,983991,3.76,5.89,5.89,5.89,5.89
2023-12-18,Saarland,10,00+,47,62,62,62,62,983991,4.78,6.3,6.3,6.3,6.3
2023-12-17,Saarland,10,00+,47,63,63,63,63,983991,4.78,6.4,6.4,6.4,6.4
2023-12-16,Saarland,10,00+,47,64,64,64,64,983991,4.78,6.5,6.5,6.5,6.5
2023-12-15,Saarland,10,00+,45,66,66,66,66,983991,4.57,6.71,6.71,6.71,6.71
2023-12-14,Saarland,10,00+,31,51,51,51,51,983991,3.15,5.18,5.18,5.18,5.18
2023-12-13,Saarland,10,00+,35,54,54,54,54,983991,3.56,5.49,5.49,5.49,5.49
2023-12-12,Saarland,10,00+,55,74,74,74,74,983991,5.59,7.52,7.52,7.52,7.52
2023-12-11,Saarland,10,00+,49,70,70,70,70,983991,4.98,7.11,7.11,7.11,7.11
2023-12-10,Saarland,10,00+,49,69,69,69,69,983991,4.98,7.01,7.01,7.01,7.01
2023-12-09,Saarland,10,00+,49,68,68,68,68,983991,4.98,6.91,6.91,6.91,6.91
2023-12-08,Saarland,10,00+,54,73,73,73,73,983991,5.49,7.42,7.42,7.42,7.42
2023-12-07,Saarland,10,00+,54,75,75,75,75,983991,5.49,7.62,7.62,7.62,7.62
2023-12-06,Saarland,10,00+,53,69,69,69,69,983991,5.39,7.01,7.01,7.01,7.01
2023-12-05,Saarland,10,00+,35,45,45,45,45,983991,3.56,4.57,4.57,4.57,4.57
2023-12-04,Saarland,10,00+,42,52,52,52,52,983991,4.27,5.28,5.28,5.28,5.28
2023-12-03,Saarland,10,00+,42,52,52,52,52,983991,4.27,5.28,5.28,5.28,5.28
2023-12-02,Saarland,10,00+,42,52,52,52,52,983991,4.27,5.28,5.28,5.28,5.28
2023-12-01,Saarland,10,00+,40,46,46,46,46,983991,4.07,4.67,4.67,4.67,4.67
2023-11-30,Saarland,10,00+,37,51,51,51,51,983991,3.76,5.18,5.18,5.18,5.18
2023-11-29,Saarland,10,00+,39,53,53,53,53,983991,3.96,5.39,5.39,5.39,5.39
2023-11-28,Saarland,10,00+,30,55,55,55,55,983991,3.05,5.59,5.59,5.59,5.59
2023-11-27,Saarland,10,00+,36,51,51,51,51,983991,3.66,5.18,5.18,5.18,5.18
2023-11-26,Saarland,10,00+,36,51,51,51,51,983991,3.66,5.18,5.18,5.18,5.18
2023-11-25,Saarland,10,00+,37,52,52,52,52,983991,3.76,5.28,5.28,5.28,5.28
2023-11-24,Saarland,10,00+,36,49,49,49,49,983991,3.66,4.98,4.98,4.98,4.98
2023-11-23,Saarland,10,00+,26,43,43,43,43,983991,2.64,4.37,4.37,4.37,4.37
2023-11-22,Saarland,10,00+,32,45,45,45,45,983991,3.25,4.57,4.57,4.57,4.57
2023-11-21,Saarland,10,00+,29,40,40,40,40,983991,2.95,4.07,4.07,4.07,4.07
2023-11-20,Saarland,10,00+,38,46,46,46,46,983991,3.86,4.67,4.67,4.67,4.67
2023-11-19,Saarland,10,00+,38,46,46,46,46,983991,3.86,4.67,4.67,4.67,4.67
2023-11-18,Saarland,10,00+,38,45,45,45,45,983991,3.86,4.57,4.57,4.57,4.57
2023-11-17,Saarland,10,00+,44,51,51,51,51,983991,4.47,5.18,5.18,5.18,5.18
2023-11-16,Saarland,10,00+,45,53,53,53,53,983991,4.57,5.39,5.39,5.39,5.39
2023-11-15,Saarland,10,00+,44,51,51,51,51,983991,4.47,5.18,5.18,5.18,5.18
2023-11-14,Saarland,10,00+,37,51,51,51,51,983991,3.76,5.18,5.18,5.18,5.18
2023-11-13,Saarland,10,00+,40,54,54,54,54,983991,4.07,5.49,5.49,5.49,5.49
2023-11-12,Saarland,10,00+,42,56,56,56,56,983991,4.27,5.69,5.69,5.69,5.69
2023-11-11,Saarland,10,00+,42,56,56,56,56,983991,4.27,5.69,5.69,5.69,5.69
2023-11-10,Saarland,10,00+,45,61,61,61,61,983991,4.57,6.2,6.2,6.2,6.2
2023-11-09,Saarland,10,00+,53,69,69,69,69,983991,5.39,7.01,7.01,7.01,7.01
2023-11-08,Saarland,10,00+,44,62,62,62,62,983991,4.47,6.3,6.3,6.3,6.3
2023-11-07,Saarland,10,00+,54,70,70,70,70,983991,5.49,7.11,7.11,7.11,7.11
2023-11-06,Saarland,10,00+,66,87,87,87,87,983991,6.71,8.84,8.84,8.84,8.84
2023-11-05,Saarland,10,00+,66,85,85,85,85,983991,6.71,8.64,8.64,8.64,8.64
2023-11-04,Saarland,10,00+,66,85,85,85,85,983991,6.71,8.64,8.64,8.64,8.64
2023-11-03,Saarland,10,00+,61,82,82,82,82,983991,6.2,8.33,8.33,8.33,8.33
2023-11-02,Saarland,10,00+,74,88,88,88,88,983991,7.52,8.94,8.94,8.94,8.94
2023-11-01,Saarland,10,00+,84,98,98,98,98,983991,8.54,9.96,9.96,9.96,9.96
2023-10-31,Saarland,10,00+,88,111,111,111,111,983991,8.94,11.28,11.28,11.28,11.28
2023-10-30,Saarland,10,00+,97,110,110,110,110,983991,9.86,11.18,11.18,11.18,11.18
2023-10-29,Saarland,10,00+,97,110,110,110,110,983991,9.86,11.18,11.18,11.18,11.18
2023-10-28,Saarland,10,00+,97,110,110,110,110,983991,9.86,11.18,11.18,11.18,11.18
2023-10-27,Saarland,10,00+,104,115,115,115,115,983991,10.57,11.69,11.69,11.69,11.69
2023-10-26,Saarland,10,00+,104,111,111,111,111,983991,10.57,11.28,11.28,11.28,11.28
2023-10-25,Saarland,10,00+,102,116,116,116,116,983991,10.37,11.79,11.79,11.79,11.79
2023-10-24,Saarland,10,00+,111,128,128,128,128,983991,11.28,13.01,13.01,13.01,13.01
2023-10-23,Saarland,10,00+,95,117,117,117,117,983991,9.65,11.89,11.89,11.89,11.89
2023-10-22,Saarland,10,00+,97,119,119,119,119,983991,9.86,12.09,12.09,12.09,12.09
2023-10-21,Saarland,10,00+,97,119,119,119,119,983991,9.86,12.09,12.09,12.09,12.09
2023-10-20,Saarland,10,00+,98,120,120,120,120,983991,9.96,12.2,12.2,12.2,12.2
2023-10-19,Saarland,10,00+,100,118,118,118,118,983991,10.16,11.99,11.99,11.99,11.99
2023-10-18,Saarland,10,00+,96,116,116,116,116,983991,9.76,11.79,11.79,11.79,11.79
2023-10-17,Saarland,10,00+,65,87,87,87,87,983991,6.61,8.84,8.84,8.84,8.84
2023-10-16,Saarland,10,00+,77,91,91,91,91,983991,7.83,9.25,9.25,9.25,9.25
2023-10-15,Saarland,10,00+,77,89,89,89,89,983991,7.83,9.04,9.04,9.04,9.04
2023-10-14,Saarland,10,00+,77,89,89,89,89,983991,7.83,9.04,9.04,9.04,9.04
2023-10-13,Saarland,10,00+,76,85,85,85,85,983991,7.72,8.64,8.64,8.64,8.64
2023-10-12,Saarland,10,00+,65,83,83,83,83,983991,6.61,8.44,8.44,8.44,8.44
2023-10-11,Saarland,10,00+,72,83,83,83,83,983991,7.32,8.44,8.44,8.44,8.44
2023-10-10,Saarland,10,00+,51,73,73,73,73,983991,5.18,7.42,7.42,7.42,7.42
2023-10-09,Saarland,10,00+,35,52,52,52,52,983991,3.56,5.28,5.28,5.28,5.28
2023-10-08,Saarland,10,00+,35,52,52,52,52,983991,3.56,5.28,5.28,5.28,5.28
2023-10-07,Saarland,10,00+,35,52,52,52,52,983991,3.56,5.28,5.28,5.28,5.28
2023-10-06,Saarland,10,00+,34,46,46,46,46,983991,3.46,4.67,4.67,4.67,4.67
2023-10-05,Saarland,10,00+,26,38,38,38,38,983991,2.64,3.86,3.86,3.86,3.86
2023-10-04,Saarland,10,00+,19,31,31,31,31,983991,1.93,3.15,3.15,3.15,3.15
2023-10-03,Saarland,10,00+,23,37,37,37,37,983991,2.34,3.76,3.76,3.76,3.76
2023-10-02,Saarland,10,00+,19,29,29,29,29,983991,1.93,2.95,2.95,2.95,2.95
2023-10-01,Saarland,10,00+,19,29,29,29,29,983991,1.93,2.95,2.95,2.95,2.95
2023-09-30,Saarland,10,00+,19,29,29,29,29,983991,1.93,2.95,2.95,2.95,2.95
2023-09-29,Saarland,10,00+,12,23,23,23,23,983991,1.22,2.34,2.34,2.34,2.34
2023-09-28,Saarland,10,00+,12,22,22,22,22,983991,1.22,2.24,2.24,2.24,2.24
2023-09-27,Saarland,10,00+,14,21,21,21,21,983991,1.42,2.13,2.13,2.13,2.13
2023-09-26,Saarland,10,00+,21,26,26,26,26,983991,2.13,2.64,2.64,2.64,2.64
2023-09-25,Saarland,10,00+,24,27,27,27,27,983991,2.44,2.74,2.74,2.74,2.74
2023-09-24,Saarland,10,00+,24,27,27,27,27,983991,2.44,2.74,2.74,2.74,2.74
2023-09-23,Saarland,10,00+,24,27,27,27,27,983991,2.44,2.74,2.74,2.74,2.74
2023-09-22,Saarland,10,00+,23,28,28,28,28,983991,2.34,2.85,2.85,2.85,2.85
2023-09-21,Saarland,10,00+,24,28,28,28,28,983991,2.44,2.85,2.85,2.85,2.85
2023-09-20,Saarland,10,00+,25,29,29,29,29,983991,2.54,2.95,2.95,2.95,2.95
2023-09-19,Saarland,10,00+,20,25,25,25,25,983991,2.03,2.54,2.54,2.54,2.54
2023-09-18,Saarland,10,00+,25,32,32,32,32,983991,2.54,3.25,3.25,3.25,3.25
2023-09-17,Saarland,10,00+,25,32,32,32,32,983991,2.54,3.25,3.25,3.25,3.25
2023-09-16,Saarland,10,00+,25,32,32,32,32,983991,2.54,3.25,3.25,3.25,3.25
2023-09-15,Saarland,10,00+,25,32,32,32,32,983991,2.54,3.25,3.25,3.25,3.25
2023-09-14,Saarland,10,00+,24,30,30,30,30,983991,2.44,3.05,3.05,3.05,3.05
2023-09-13,Saarland,10,00+,23,28,28,28,28,983991,2.34,2.85,2.85,2.85,2.85
2023-09-12,Saarland,10,00+,14,24,24,24,24,983991,1.42,2.44,2.44,2.44,2.44
2023-09-11,Saarland,10,00+,10,13,13,13,13,983991,1.02,1.32,1.32,1.32,1.32
2023-09-10,Saarland,10,00+,10,13,13,13,13,983991,1.02,1.32,1.32,1.32,1.32
2023-09-09,Saarland,10,00+,10,13,13,13,13,983991,1.02,1.32,1.32,1.32,1.32
2023-09-08,Saarland,10,00+,8,12,12,12,12,983991,0.81,1.22,1.22,1.22,1.22
2023-09-07,Saarland,10,00+,4,12,12,12,12,983991,0.41,1.22,1.22,1.22,1.22
2023-09-06,Saarland,10,00+,5,10,10,10,10,983991,0.51,1.02,1.02,1.02,1.02
2023-09-05,Saarland,10,00+,7,11,11,11,11,983991,0.71,1.12,1.12,1.12,1.12
2023-09-04,Saarland,10,00+,8,12,12,12,12,983991,0.81,1.22,1.22,1.22,1.22
2023-09-03,Saarland,10,00+,8,12,12,12,12,983991,0.81,1.22,1.22,1.22,1.22
2023-09-02,Saarland,10,00+,8,12,12,12,12,983991,0.81,1.22,1.22,1.22,1.22
2023-09-01,Saarland,10,00+,10,13,13,13,13,983991,1.02,1.32,1.32,1.32,1.32
2023-08-31,Saarland,10,00+,7,11,11,11,11,983991,0.71,1.12,1.12,1.12,1.12
2023-08-30,Saarland,10,00+,6,10,10,10,10,983991,0.61,1.02,1.02,1.02,1.02
2023-08-29,Saarland,10,00+,7,9,9,9,9,983991,0.71,0.91,0.91,0.91,0.91
2023-08-28,Saarland,10,00+,0,7,7,7,7,983991,0,0.71,0.71,0.71,0.71
2023-08-27,Saarland,10,00+,0,7,7,7,7,983991,0,0.71,0.71,0.71,0.71
2023-08-26,Saarland,10,00+,0,7,7,7,7,983991,0,0.71,0.71,0.71,0.71
2023-08-25,Saarland,10,00+,0,6,6,6,6,983991,0,0.61,0.61,0.61,0.61
2023-08-24,Saarland,10,00+,5,6,6,6,6,983991,0.51,0.61,0.61,0.61,0.61
2023-08-23,Saarland,10,00+,4,6,6,6,6,983991,0.41,0.61,0.61,0.61,0.61
2023-08-22,Saarland,10,00+,3,3,3,3,3,983991,0.3,0.3,0.3,0.3,0.3
2023-08-21,Saarland,10,00+,4,5,5,5,5,983991,0.41,0.51,0.51,0.51,0.51
2023-08-20,Saarland,10,00+,4,5,5,5,5,983991,0.41,0.51,0.51,0.51,0.51
2023-08-19,Saarland,10,00+,4,5,5,5,5,983991,0.41,0.51,0.51,0.51,0.51
2023-08-18,Saarland,10,00+,5,6,6,6,6,983991,0.51,0.61,0.61,0.61,0.61
2023-08-17,Saarland,10,00+,5,6,6,6,6,983991,0.51,0.61,0.61,0.61,0.61
2023-08-16,Saarland,10,00+,5,6,6,6,6,983991,0.51,0.61,0.61,0.61,0.61
2023-08-15,Saarland,10,00+,6,7,7,7,7,983991,0.61,0.71,0.71,0.71,0.71
2023-08-14,Saarland,10,00+,4,4,4,4,4,983991,0.41,0.41,0.41,0.41,0.41
2023-08-13,Saarland,10,00+,4,4,4,4,4,983991,0.41,0.41,0.41,0.41,0.41
2023-08-12,Saarland,10,00+,4,4,4,4,4,983991,0.41,0.41,0.41,0.41,0.41
2023-08-11,Saarland,10,00+,2,3,3,3,3,983991,0.2,0.3,0.3,0.3,0.3
2023-08-10,Saarland,10,00+,1,3,3,3,3,983991,0.1,0.3,0.3,0.3,0.3
2023-08-09,Saarland,10,00+,0,2,2,2,2,983991,0,0.2,0.2,0.2,0.2
2023-08-08,Saarland,10,00+,3,4,4,4,4,983991,0.3,0.41,0.41,0.41,0.41
2023-08-07,Saarland,10,00+,4,5,5,5,5,983991,0.41,0.51,0.51,0.51,0.51
2023-08-06,Saarland,10,00+,4,5,5,5,5,983991,0.41,0.51,0.51,0.51,0.51
2023-08-05,Saarland,10,00+,4,5,5,5,5,983991,0.41,0.51,0.51,0.51,0.51
2023-08-04,Saarland,10,00+,4,5,5,5,5,983991,0.41,0.51,0.51,0.51,0.51
2023-08-03,Saarland,10,00+,5,6,6,6,6,983991,0.51,0.61,0.61,0.61,0.61
2023-08-02,Saarland,10,00+,4,7,7,7,7,983991,0.41,0.71,0.71,0.71,0.71
2023-08-01,Saarland,10,00+,2,4,4,4,4,983991,0.2,0.41,0.41,0.41,0.41
2023-07-31,Saarland,10,00+,4,6,6,6,6,983991,0.41,0.61,0.61,0.61,0.61
2023-07-30,Saarland,10,00+,4,6,6,6,6,983991,0.41,0.61,0.61,0.61,0.61
2023-07-29,Saarland,10,00+,4,6,6,6,6,983991,0.41,0.61,0.61,0.61,0.61
2023-07-28,Saarland,10,00+,5,7,7,7,7,983991,0.51,0.71,0.71,0.71,0.71
2023-07-27,Saarland,10,00+,5,7,7,7,7,983991,0.51,0.71,0.71,0.71,0.71
2023-07-26,Saarland,10,00+,5,6,6,6,6,983991,0.51,0.61,0.61,0.61,0.61
2023-07-25,Saarland,10,00+,4,7,7,7,7,983991,0.41,0.71,0.71,0.71,0.71
2023-07-24,Saarland,10,00+,5,6,6,6,6,983991,0.51,0.61,0.61,0.61,0.61
2023-07-23,Saarland,10,00+,5,6,6,6,6,983991,0.51,0.61,0.61,0.61,0.61
2023-07-22,Saarland,10,00+,5,6,6,6,6,983991,0.51,0.61,0.61,0.61,0.61
2023-07-21,Saarland,10,00+,4,4,4,4,4,983991,0.41,0.41,0.41,0.41,0.41
2023-07-20,Saarland,10,00+,3,3,3,3,3,983991,0.3,0.3,0.3,0.3,0.3
2023-07-19,Saarland,10,00+,3,3,3,3,3,983991,0.3,0.3,0.3,0.3,0.3
2023-07-18,Saarland,10,00+,0,2,2,2,2,983991,0,0.2,0.2,0.2,0.2
2023-07-17,Saarland,10,00+,0,1,1,1,1,983991,0,0.1,0.1,0.1,0.1
2023-07-16,Saarland,10,00+,0,1,1,1,1,983991,0,0.1,0.1,0.1,0.1
2023-07-15,Saarland,10,00+,0,1,1,1,1,983991,0,0.1,0.1,0.1,0.1
2023-07-14,Saarland,10,00+,0,1,1,1,1,983991,0,0.1,0.1,0.1,0.1
2023-07-13,Saarland,10,00+,0,1,1,1,1,983991,0,0.1,0.1,0.1,0.1
2023-07-12,Saarland,10,00+,0,1,1,1,1,983991,0,0.1,0.1,0.1,0.1
2023-07-11,Saarland,10,00+,0,1,1,1,1,983991,0,0.1,0.1,0.1,0.1
2023-07-10,Saarland,10,00+,0,0,0,0,0,983991,0,0,0,0,0
2023-07-09,Saarland,10,00+,0,0,0,0,0,983991,0,0,0,0,0
2023-07-08,Saarland,10,00+,0,0,0,0,0,983991,0,0,0,0,0
2023-07-07,Saarland,10,00+,1,1,1,1,1,983991,0.1,0.1,0.1,0.1,0.1
2023-07-06,Saarland,10,00+,1,1,1,1,1,983991,0.1,0.1,0.1,0.1,0.1
2023-07-05,Saarland,10,00+,3,3,3,3,3,983991,0.3,0.3,0.3,0.3,0.3
2023-07-04,Saarland,10,00+,5,5,5,5,5,983991,0.51,0.51,0.51,0.51,0.51
2023-07-03,Saarland,10,00+,4,5,5,5,5,983991,0.41,0.51,0.51,0.51,0.51
2023-07-02,Saarland,10,00+,4,5,5,5,5,983991,0.41,0.51,0.51,0.51,0.51
2023-07-01,Saarland,10,00+,4,5,5,5,5,983991,0.41,0.51,0.51,0.51,0.51
2023-06-30,Saarland,10,00+,4,4,4,4,4,983991,0.41,0.41,0.41,0.41,0.41
2023-06-29,Saarland,10,00+,3,5,5,5,5,983991,0.3,0.51,0.51,0.51,0.51
2023-06-28,Saarland,10,00+,1,3,3,3,3,983991,0.1,0.3,0.3,0.3,0.3
2023-06-27,Saarland,10,00+,2,2,2,2,2,983991,0.2,0.2,0.2,0.2,0.2
2023-06-26,Saarland,10,00+,3,3,3,3,3,983991,0.3,0.3,0.3,0.3,0.3
2023-06-25,Saarland,10,00+,3,3,3,3,3,983991,0.3,0.3,0.3,0.3,0.3
2023-06-24,Saarland,10,00+,3,3,3,3,3,983991,0.3,0.3,0.3,0.3,0.3
2023-06-23,Saarland,10,00+,3,3,3,3,3,983991,0.3,0.3,0.3,0.3,0.3
2023-06-22,Saarland,10,00+,3,3,3,3,3,983991,0.3,0.3,0.3,0.3,0.3
2023-06-21,Saarland,10,00+,2,4,4,4,4,983991,0.2,0.41,0.41,0.41,0.41
2023-06-20,Saarland,10,00+,11,12,12,12,12,983991,1.12,1.22,1.22,1.22,1.22
2023-06-19,Saarland,10,00+,13,13,13,13,13,983991,1.32,1.32,1.32,1.32,1.32
2023-06-18,Saarland,10,00+,13,13,13,13,13,983991,1.32,1.32,1.32,1.32,1.32
2023-06-17,Saarland,10,00+,13,13,13,13,13,983991,1.32,1.32,1.32,1.32,1.32
2023-06-16,Saarland,10,00+,14,14,14,14,14,983991,1.42,1.42,1.42,1.42,1.42
2023-06-15,Saarland,10,00+,13,13,13,13,13,983991,1.32,1.32,1.32,1.32,1.32
2023-06-14,Saarland,10,00+,12,13,13,13,13,983991,1.22,1.32,1.32,1.32,1.32
2023-06-13,Saarland,10,00+,4,5,5,5,5,983991,0.41,0.51,0.51,0.51,0.51
2023-06-12,Saarland,10,00+,4,5,5,5,5,983991,0.41,0.51,0.51,0.51,0.51
2023-06-11,Saarland,10,00+,4,5,5,5,5,983991,0.41,0.51,0.51,0.51,0.51
2023-06-10,Saarland,10,00+,4,5,5,5,5,983991,0.41,0.51,0.51,0.51,0.51
2023-06-09,Saarland,10,00+,6,6,6,6,6,983991,0.61,0.61,0.61,0.61,0.61
2023-06-08,Saarland,10,00+,7,7,7,7,7,983991,0.71,0.71,0.71,0.71,0.71
2023-06-07,Saarland,10,00+,7,9,9,9,9,983991,0.71,0.91,0.91,0.91,0.91
2023-06-06,Saarland,10,00+,11,14,14,14,14,983991,1.12,1.42,1.42,1.42,1.42
2023-06-05,Saarland,10,00+,7,12,12,12,12,983991,0.71,1.22,1.22,1.22,1.22
2023-06-04,Saarland,10,00+,8,13,13,13,13,983991,0.81,1.32,1.32,1.32,1.32
2023-06-03,Saarland,10,00+,8,13,13,13,13,983991,0.81,1.32,1.32,1.32,1.32
2023-06-02,Saarland,10,00+,7,13,13,13,13,983991,0.71,1.32,1.32,1.32,1.32
2023-06-01,Saarland,10,00+,8,13,13,13,13,983991,0.81,1.32,1.32,1.32,1.32
2023-05-31,Saarland,10,00+,7,11,11,11,11,983991,0.71,1.12,1.12,1.12,1.12
2023-05-30,Saarland,10,00+,5,6,6,6,6,983991,0.51,0.61,0.61,0.61,0.61
2023-05-29,Saarland,10,00+,16,17,17,17,17,983991,1.63,1.73,1.73,1.73,1.73
2023-05-28,Saarland,10,00+,16,16,16,16,16,983991,1.63,1.63,1.63,1.63,1.63
2023-05-27,Saarland,10,00+,16,16,16,16,16,983991,1.63,1.63,1.63,1.63,1.63
2023-05-26,Saarland,10,00+,15,15,15,15,15,983991,1.52,1.52,1.52,1.52,1.52
2023-05-25,Saarland,10,00+,13,14,14,14,14,983991,1.32,1.42,1.42,1.42,1.42
2023-05-24,Saarland,10,00+,11,16,16,16,16,983991,1.12,1.63,1.63,1.63,1.63
2023-05-23,Saarland,10,00+,10,17,17,17,17,983991,1.02,1.73,1.73,1.73,1.73
2023-05-22,Saarland,10,00+,6,8,8,8,8,983991,0.61,0.81,0.81,0.81,0.81
2023-05-21,Saarland,10,00+,6,8,8,8,8,983991,0.61,0.81,0.81,0.81,0.81
2023-05-20,Saarland,10,00+,6,8,8,8,8,983991,0.61,0.81,0.81,0.81,0.81
2023-05-19,Saarland,10,00+,4,7,7,7,7,983991,0.41,0.71,0.71,0.71,0.71
2023-05-18,Saarland,10,00+,6,10,10,10,10,983991,0.61,1.02,1.02,1.02,1.02
2023-05-17,Saarland,10,00+,10,13,13,13,13,983991,1.02,1.32,1.32,1.32,1.32
2023-05-16,Saarland,10,00+,11,15,15,15,15,983991,1.12,1.52,1.52,1.52,1.52
2023-05-15,Saarland,10,00+,17,19,19,19,19,983991,1.73,1.93,1.93,1.93,1.93
2023-05-14,Saarland,10,00+,17,19,19,19,19,983991,1.73,1.93,1.93,1.93,1.93
2023-05-13,Saarland,10,00+,17,19,19,19,19,983991,1.73,1.93,1.93,1.93,1.93
2023-05-12,Saarland,10,00+,18,20,20,20,20,983991,1.83,2.03,2.03,2.03,2.03
2023-05-11,Saarland,10,00+,16,19,19,19,19,983991,1.63,1.93,1.93,1.93,1.93
2023-05-10,Saarland,10,00+,14,20,20,20,20,983991,1.42,2.03,2.03,2.03,2.03
2023-05-09,Saarland,10,00+,19,25,25,25,25,983991,1.93,2.54,2.54,2.54,2.54
2023-05-08,Saarland,10,00+,9,19,19,19,19,983991,0.91,1.93,1.93,1.93,1.93
2023-05-07,Saarland,10,00+,9,19,19,19,19,983991,0.91,1.93,1.93,1.93,1.93
2023-05-06,Saarland,10,00+,9,19,19,19,19,983991,0.91,1.93,1.93,1.93,1.93
2023-05-05,Saarland,10,00+,12,21,21,21,21,983991,1.22,2.13,2.13,2.13,2.13
2023-05-04,Saarland,10,00+,10,21,21,21,21,983991,1.02,2.13,2.13,2.13,2.13
2023-05-03,Saarland,10,00+,12,21,21,21,21,983991,1.22,2.13,2.13,2.13,2.13
2023-05-02,Saarland,10,00+,11,18,18,18,18,983991,1.12,1.83,1.83,1.83,1.83
2023-05-01,Saarland,10,00+,24,32,32,32,32,983991,2.44,3.25,3.25,3.25,3.25
2023-04-30,Saarland,10,00+,24,32,32,32,32,983991,2.44,3.25,3.25,3.25,3.25
2023-04-29,Saarland,10,00+,24,32,32,32,32,983991,2.44,3.25,3.25,3.25,3.25
2023-04-28,Saarland,10,00+,23,34,34,34,34,983991,2.34,3.46,3.46,3.46,3.46
2023-04-27,Saarland,10,00+,28,40,40,40,40,983991,2.85,4.07,4.07,4.07,4.07
2023-04-26,Saarland,10,00+,37,43,43,43,43,983991,3.76,4.37,4.37,4.37,4.37
2023-04-25,Saarland,10,00+,32,44,44,44,44,983991,3.25,4.47,4.47,4.47,4.47
2023-04-24,Saarland,10,00+,24,37,37,37,37,983991,2.44,3.76,3.76,3.76,3.76
2023-04-23,Saarland,10,00+,24,37,37,37,37,983991,2.44,3.76,3.76,3.76,3.76
2023-04-22,Saarland,10,00+,24,37,37,37,37,983991,2.44,3.76,3.76,3.76,3.76
2023-04-21,Saarland,10,00+,20,34,34,34,34,983991,2.03,3.46,3.46,3.46,3.46
2023-04-20,Saarland,10,00+,21,31,31,31,31,983991,2.13,3.15,3.15,3.15,3.15
2023-04-19,Saarland,10,00+,18,27,27,27,27,983991,1.83,2.74,2.74,2.74,2.74
2023-04-18,Saarland,10,00+,27,36,36,36,36,983991,2.74,3.66,3.66,3.66,3.66
2023-04-17,Saarland,10,00+,22,29,29,29,29,983991,2.24,2.95,2.95,2.95,2.95
2023-04-16,Saarland,10,00+,22,29,29,29,29,983991,2.24,2.95,2.95,2.95,2.95
2023-04-15,Saarland,10,00+,22,29,29,29,29,983991,2.24,2.95,2.95,2.95,2.95
2023-04-14,Saarland,10,00+,18,27,27,27,27,983991,1.83,2.74,2.74,2.74,2.74
2023-04-13,Saarland,10,00+,18,27,27,27,27,983991,1.83,2.74,2.74,2.74,2.74
2023-04-12,Saarland,10,00+,20,27,27,27,27,983991,2.03,2.74,2.74,2.74,2.74
2023-04-11,Saarland,10,00+,12,19,19,19,19,983991,1.22,1.93,1.93,1.93,1.93
2023-04-10,Saarland,10,00+,32,41,41,41,41,983991,3.25,4.17,4.17,4.17,4.17
2023-04-09,Saarland,10,00+,32,41,41,41,41,983991,3.25,4.17,4.17,4.17,4.17
2023-04-08,Saarland,10,00+,32,41,41,41,41,983991,3.25,4.17,4.17,4.17,4.17
2023-04-07,Saarland,10,00+,38,47,47,47,47,983991,3.86,4.78,4.78,4.78,4.78
2023-04-06,Saarland,10,00+,39,46,46,46,46,983991,3.96,4.67,4.67,4.67,4.67
2023-04-05,Saarland,10,00+,42,49,49,49,49,983991,4.27,4.98,4.98,4.98,4.98
2023-04-04,Saarland,10,00+,35,44,44,44,44,983991,3.56,4.47,4.47,4.47,4.47
2023-04-03,Saarland,10,00+,29,31,31,31,31,983991,2.95,3.15,3.15,3.15,3.15
2023-04-02,Saarland,10,00+,29,31,31,31,31,983991,2.95,3.15,3.15,3.15,3.15
2023-04-01,Saarland,10,00+,29,31,31,31,31,983991,2.95,3.15,3.15,3.15,3.15
2023-03-31,Saarland,10,00+,32,37,37,37,37,983991,3.25,3.76,3.76,3.76,3.76
2023-03-30,Saarland,10,00+,43,48,48,48,48,983991,4.37,4.88,4.88,4.88,4.88
2023-03-29,Saarland,10,00+,49,51,51,51,51,983991,4.98,5.18,5.18,5.18,5.18
2023-03-28,Saarland,10,00+,66,71,71,71,71,983991,6.71,7.22,7.22,7.22,7.22
2023-03-27,Saarland,10,00+,83,92,92,92,92,983991,8.44,9.35,9.35,9.35,9.35
2023-03-26,Saarland,10,00+,83,92,92,92,92,983991,8.44,9.35,9.35,9.35,9.35
2023-03-25,Saarland,10,00+,83,92,92,92,92,983991,8.44,9.35,9.35,9.35,9.35
2023-03-24,Saarland,10,00+,90,98,98,98,98,983991,9.15,9.96,9.96,9.96,9.96
2023-03-23,Saarland,10,00+,91,102,102,102,102,983991,9.25,10.37,10.37,10.37,10.37
2023-03-22,Saarland,10,00+,105,116,116,116,116,983991,10.67,11.79,11.79,11.79,11.79
2023-03-21,Saarland,10,00+,112,122,122,122,122,983991,11.38,12.4,12.4,12.4,12.4
2023-03-20,Saarland,10,00+,117,134,134,134,134,983991,11.89,13.62,13.62,13.62,13.62
2023-03-19,Saarland,10,00+,117,134,134,134,134,983991,11.89,13.62,13.62,13.62,13.62
2023-03-18,Saarland,10,00+,117,134,134,134,134,983991,11.89,13.62,13.62,13.62,13.62
2023-03-17,Saarland,10,00+,137,150,150,150,150,983991,13.92,15.24,15.24,15.24,15.24
2023-03-16,Saarland,10,00+,161,174,174,174,174,983991,16.36,17.68,17.68,17.68,17.68
2023-03-15,Saarland,10,00+,158,175,175,175,175,983991,16.06,17.78,17.78,17.78,17.78
2023-03-14,Saarland,10,00+,155,184,184,184,184,983991,15.75,18.7,18.7,18.7,18.7
2023-03-13,Saarland,10,00+,176,194,194,194,194,983991,17.89,19.72,19.72,19.72,19.72
2023-03-12,Saarland,10,00+,176,194,194,194,194,983991,17.89,19.72,19.72,19.72,19.72
2023-03-11,Saarland,10,00+,176,194,194,194,194,983991,17.89,19.72,19.72,19.72,19.72
2023-03-10,Saarland,10,00+,155,181,181,181,181,983991,15.75,18.39,18.39,18.39,18.39
2023-03-09,Saarland,10,00+,129,154,154,154,154,983991,13.11,15.65,15.65,15.65,15.65
2023-03-08,Saarland,10,00+,131,148,148,148,148,983991,13.31,15.04,15.04,15.04,15.04
2023-03-07,Saarland,10,00+,106,135,135,135,135,983991,10.77,13.72,13.72,13.72,13.72
2023-03-06,Saarland,10,00+,87,120,120,120,120,983991,8.84,12.2,12.2,12.2,12.2
2023-03-05,Saarland,10,00+,87,120,120,120,120,983991,8.84,12.2,12.2,12.2,12.2
2023-03-04,Saarland,10,00+,87,120,120,120,120,983991,8.84,12.2,12.2,12.2,12.2
2023-03-03,Saarland,10,00+,72,114,114,114,114,983991,7.32,11.59,11.59,11.59,11.59
2023-03-02,Saarland,10,00+,82,123,123,123,123,983991,8.33,12.5,12.5,12.5,12.5
2023-03-01,Saarland,10,00+,88,127,127,127,127,983991,8.94,12.91,12.91,12.91,12.91
2023-02-28,Saarland,10,00+,119,157,157,157,157,983991,12.09,15.96,15.96,15.96,15.96
2023-02-27,Saarland,10,00+,85,120,120,120,120,983991,8.64,12.2,12.2,12.2,12.2
2023-02-26,Saarland,10,00+,85,120,120,120,120,983991,8.64,12.2,12.2,12.2,12.2
2023-02-25,Saarland,10,00+,85,120,120,120,120,983991,8.64,12.2,12.2,12.2,12.2
2023-02-24,Saarland,10,00+,84,112,112,112,112,983991,8.54,11.38,11.38,11.38,11.38
2023-02-23,Saarland,10,00+,84,102,102,102,102,983991,8.54,10.37,10.37,10.37,10.37
2023-02-22,Saarland,10,00+,62,89,89,89,89,983991,6.3,9.04,9.04,9.04,9.04
2023-02-21,Saarland,10,00+,45,56,56,56,56,983991,4.57,5.69,5.69,5.69,5.69
2023-02-20,Saarland,10,00+,70,84,84,84,84,983991,7.11,8.54,8.54,8.54,8.54
2023-02-19,Saarland,10,00+,70,84,84,84,84,983991,7.11,8.54,8.54,8.54,8.54
2023-02-18,Saarland,10,00+,70,84,84,84,84,983991,7.11,8.54,8.54,8.54,8.54
2023-02-17,Saarland,10,00+,74,91,91,91,91,983991,7.52,9.25,9.25,9.25,9.25
2023-02-16,Saarland,10,00+,77,96,96,96,96,983991,7.83,9.76,9.76,9.76,9.76
2023-02-15,Saarland,10,00+,79,104,104,104,104,983991,8.03,10.57,10.57,10.57,10.57
2023-02-14,Saarland,10,00+,84,101,101,101,101,983991,8.54,10.26,10.26,10.26,10.26
2023-02-13,Saarland,10,00+,103,122,122,122,122,983991,10.47,12.4,12.4,12.4,12.4
2023-02-12,Saarland,10,00+,103,122,122,122,122,983991,10.47,12.4,12.4,12.4,12.4
2023-02-11,Saarland,10,00+,103,122,122,122,122,983991,10.47,12.4,12.4,12.4,12.4
2023-02-10,Saarland,10,00+,108,122,122,122,122,983991,10.98,12.4,12.4,12.4,12.4
2023-02-09,Saarland,10,00+,92,108,108,108,108,983991,9.35,10.98,10.98,10.98,10.98
2023-02-08,Saarland,10,00+,82,97,97,97,97,983991,8.33,9.86,9.86,9.86,9.86
2023-02-07,Saarland,10,00+,92,102,102,102,102,983991,9.35,10.37,10.37,10.37,10.37
2023-02-06,Saarland,10,00+,69,84,84,84,84,983991,7.01,8.54,8.54,8.54,8.54
2023-02-05,Saarland,10,00+,69,84,84,84,84,983991,7.01,8.54,8.54,8.54,8.54
2023-02-04,Saarland,10,00+,69,84,84,84,84,983991,7.01,8.54,8.54,8.54,8.54
2023-02-03,Saarland,10,00+,65,74,74,74,74,983991,6.61,7.52,7.52,7.52,7.52
2023-02-02,Saarland,10,00+,71,79,79,79,79,983991,7.22,8.03,8.03,8.03,8.03
2023-02-01,Saarland,10,00+,69,79,79,79,79,983991,7.01,8.03,8.03,8.03,8.03
2023-01-31,Saarland,10,00+,40,60,60,60,60,983991,4.07,6.1,6.1,6.1,6.1
2023-01-30,Saarland,10,00+,37,43,43,43,43,983991,3.76,4.37,4.37,4.37,4.37
2023-01-29,Saarland,10,00+,37,43,43,43,43,983991,3.76,4.37,4.37,4.37,4.37
2023-01-28,Saarland,10,00+,37,43,43,43,43,983991,3.76,4.37,4.37,4.37,4.37
2023-01-27,Saarland,10,00+,37,46,46,46,46,983991,3.76,4.67,4.67,4.67,4.67
2023-01-26,Saarland,10,00+,40,54,54,54,54,983991,4.07,5.49,5.49,5.49,5.49
2023-01-25,Saarland,10,00+,44,55,55,55,55,983991,4.47,5.59,5.59,5.59,5.59
2023-01-24,Saarland,10,00+,57,69,69,69,69,983991,5.79,7.01,7.01,7.01,7.01
2023-01-23,Saarland,10,00+,67,83,83,83,83,983991,6.81,8.44,8.44,8.44,8.44
2023-01-22,Saarland,10,00+,67,83,83,83,83,983991,6.81,8.44,8.44,8.44,8.44
2023-01-21,Saarland,10,00+,67,83,83,83,83,983991,6.81,8.44,8.44,8.44,8.44
2023-01-20,Saarland,10,00+,62,89,89,89,89,983991,6.3,9.04,9.04,9.04,9.04
2023-01-19,Saarland,10,00+,69,84,84,84,84,983991,7.01,8.54,8.54,8.54,8.54
2023-01-18,Saarland,10,00+,75,94,94,94,94,983991,7.62,9.55,9.55,9.55,9.55
2023-01-17,Saarland,10,00+,88,99,99,99,99,983991,8.94,10.06,10.06,10.06,10.06
2023-01-16,Saarland,10,00+,74,90,90,90,90,983991,7.52,9.15,9.15,9.15,9.15
2023-01-15,Saarland,10,00+,74,90,90,90,90,983991,7.52,9.15,9.15,9.15,9.15
2023-01-14,Saarland,10,00+,74,90,90,90,90,983991,7.52,9.15,9.15,9.15,9.15
2023-01-13,Saarland,10,00+,72,94,94,94,94,983991,7.32,9.55,9.55,9.55,9.55
2023-01-12,Saarland,10,00+,76,101,101,101,101,983991,7.72,10.26,10.26,10.26,10.26
2023-01-11,Saarland,10,00+,81,100,100,100,100,983991,8.23,10.16,10.16,10.16,10.16
2023-01-10,Saarland,10,00+,86,108,108,108,108,983991,8.74,10.98,10.98,10.98,10.98
2023-01-09,Saarland,10,00+,117,135,135,135,135,983991,11.89,13.72,13.72,13.72,13.72
2023-01-08,Saarland,10,00+,117,135,135,135,135,983991,11.89,13.72,13.72,13.72,13.72
2023-01-07,Saarland,10,00+,117,0,0,0,0,983991,11.89,0,0,0,0
2023-01-06,Saarland,10,00+,110,0,0,0,0,983991,11.18,0,0,0,0
2023-01-05,Saarland,10,00+,95,0,0,0,0,983991,9.65,0,0,0,0
2023-01-04,Saarland,10,00+,62,0,0,0,0,983991,6.3,0,0,0,0
2023-01-03,Saarland,10,00+,70,0,0,0,0,983991,7.11,0,0,0,0
2023-01-02,Saarland,10,00+,42,0,0,0,0,983991,4.27,0,0,0,0
2024-04-19,Berlin,11,00+,4,4,NA,NA,NA,3664088,0.11,0.11,NA,NA,NA
2024-04-18,Berlin,11,00+,2,2,NA,NA,NA,3664088,0.05,0.05,NA,NA,NA
2024-04-17,Berlin,11,00+,2,2,NA,NA,NA,3664088,0.05,0.05,NA,NA,NA
2024-04-16,Berlin,11,00+,3,3,3,3,4,3664088,0.08,0.08,0.09,0.09,0.11
2024-04-15,Berlin,11,00+,5,5,5,5,7,3664088,0.14,0.14,0.16,0.14,0.19
2024-04-14,Berlin,11,00+,5,5,5,5,7,3664088,0.14,0.14,0.16,0.14,0.19
2024-04-13,Berlin,11,00+,5,5,5,5,7,3664088,0.14,0.14,0.16,0.14,0.19
2024-04-12,Berlin,11,00+,4,4,4,4,5,3664088,0.11,0.11,0.12,0.11,0.15
2024-04-11,Berlin,11,00+,10,11,11,11,13,3664088,0.27,0.3,0.33,0.3,0.38
2024-04-10,Berlin,11,00+,9,13,14,13,16,3664088,0.25,0.35,0.38,0.36,0.44
2024-04-09,Berlin,11,00+,11,16,17,16,19,3664088,0.3,0.44,0.47,0.44,0.53
2024-04-08,Berlin,11,00+,9,14,14,14,16,3664088,0.25,0.38,0.41,0.38,0.45
2024-04-07,Berlin,11,00+,9,14,14,14,16,3664088,0.25,0.38,0.41,0.38,0.45
2024-04-06,Berlin,11,00+,9,14,14,14,16,3664088,0.25,0.38,0.41,0.38,0.45
2024-04-05,Berlin,11,00+,9,14,14,14,16,3664088,0.25,0.38,0.41,0.38,0.45
2024-04-04,Berlin,11,00+,9,12,12,12,13,3664088,0.25,0.33,0.34,0.33,0.37
2024-04-03,Berlin,11,00+,6,10,10,10,11,3664088,0.16,0.27,0.28,0.27,0.31
2024-04-02,Berlin,11,00+,5,5,5,5,5,3664088,0.14,0.14,0.14,0.14,0.15
2024-04-01,Berlin,11,00+,7,7,7,7,7,3664088,0.19,0.19,0.2,0.19,0.21
2024-03-31,Berlin,11,00+,7,7,7,7,7,3664088,0.19,0.19,0.2,0.19,0.21
2024-03-30,Berlin,11,00+,7,7,7,7,7,3664088,0.19,0.19,0.2,0.19,0.21
2024-03-29,Berlin,11,00+,8,8,8,8,8,3664088,0.22,0.22,0.22,0.22,0.23
2024-03-28,Berlin,11,00+,2,3,3,3,3,3664088,0.05,0.08,0.08,0.08,0.09
2024-03-27,Berlin,11,00+,4,5,5,5,5,3664088,0.11,0.14,0.14,0.14,0.14
2024-03-26,Berlin,11,00+,7,9,9,9,9,3664088,0.19,0.25,0.25,0.25,0.25
2024-03-25,Berlin,11,00+,9,9,9,9,9,3664088,0.25,0.25,0.25,0.25,0.25
2024-03-24,Berlin,11,00+,9,9,9,9,9,3664088,0.25,0.25,0.25,0.25,0.25
2024-03-23,Berlin,11,00+,9,9,9,9,9,3664088,0.25,0.25,0.25,0.25,0.25
2024-03-22,Berlin,11,00+,10,10,10,10,10,3664088,0.27,0.27,0.27,0.27,0.28
2024-03-21,Berlin,11,00+,17,18,18,18,18,3664088,0.46,0.49,0.49,0.49,0.5
2024-03-20,Berlin,11,00+,14,16,16,16,16,3664088,0.38,0.44,0.44,0.44,0.44
2024-03-19,Berlin,11,00+,18,21,21,21,21,3664088,0.49,0.57,0.57,0.57,0.57
2024-03-18,Berlin,11,00+,23,26,26,26,26,3664088,0.63,0.71,0.71,0.71,0.71
2024-03-17,Berlin,11,00+,23,26,26,26,26,3664088,0.63,0.71,0.71,0.71,0.71
2024-03-16,Berlin,11,00+,23,26,26,26,26,3664088,0.63,0.71,0.71,0.71,0.71
2024-03-15,Berlin,11,00+,19,24,24,24,24,3664088,0.52,0.66,0.66,0.66,0.66
2024-03-14,Berlin,11,00+,15,18,18,18,18,3664088,0.41,0.49,0.49,0.49,0.49
2024-03-13,Berlin,11,00+,10,20,20,20,20,3664088,0.27,0.55,0.55,0.55,0.55
2024-03-12,Berlin,11,00+,10,17,17,17,17,3664088,0.27,0.46,0.46,0.46,0.46
2024-03-11,Berlin,11,00+,9,13,13,13,13,3664088,0.25,0.35,0.35,0.35,0.35
2024-03-10,Berlin,11,00+,9,13,13,13,13,3664088,0.25,0.35,0.35,0.35,0.35
2024-03-09,Berlin,11,00+,9,13,13,13,13,3664088,0.25,0.35,0.35,0.35,0.35
2024-03-08,Berlin,11,00+,10,14,14,14,14,3664088,0.27,0.38,0.38,0.38,0.38
2024-03-07,Berlin,11,00+,10,14,14,14,14,3664088,0.27,0.38,0.38,0.38,0.38
2024-03-06,Berlin,11,00+,7,14,14,14,14,3664088,0.19,0.38,0.38,0.38,0.38
2024-03-05,Berlin,11,00+,8,11,11,11,11,3664088,0.22,0.3,0.3,0.3,0.3
2024-03-04,Berlin,11,00+,9,11,11,11,11,3664088,0.25,0.3,0.3,0.3,0.3
2024-03-03,Berlin,11,00+,9,11,11,11,11,3664088,0.25,0.3,0.3,0.3,0.3
2024-03-02,Berlin,11,00+,9,11,11,11,11,3664088,0.25,0.3,0.3,0.3,0.3
2024-03-01,Berlin,11,00+,12,14,14,14,14,3664088,0.33,0.38,0.38,0.38,0.38
2024-02-29,Berlin,11,00+,13,13,13,13,13,3664088,0.35,0.35,0.35,0.35,0.35
2024-02-28,Berlin,11,00+,16,16,16,16,16,3664088,0.44,0.44,0.44,0.44,0.44
2024-02-27,Berlin,11,00+,15,16,16,16,16,3664088,0.41,0.44,0.44,0.44,0.44
2024-02-26,Berlin,11,00+,24,26,26,26,26,3664088,0.66,0.71,0.71,0.71,0.71
2024-02-25,Berlin,11,00+,24,26,26,26,26,3664088,0.66,0.71,0.71,0.71,0.71
2024-02-24,Berlin,11,00+,24,26,26,26,26,3664088,0.66,0.71,0.71,0.71,0.71
2024-02-23,Berlin,11,00+,31,33,33,33,33,3664088,0.85,0.9,0.9,0.9,0.9
2024-02-22,Berlin,11,00+,34,40,40,40,40,3664088,0.93,1.09,1.09,1.09,1.09
2024-02-21,Berlin,11,00+,30,38,38,38,38,3664088,0.82,1.04,1.04,1.04,1.04
2024-02-20,Berlin,11,00+,30,43,43,43,43,3664088,0.82,1.17,1.17,1.17,1.17
2024-02-19,Berlin,11,00+,33,43,43,43,43,3664088,0.9,1.17,1.17,1.17,1.17
2024-02-18,Berlin,11,00+,34,44,44,44,44,3664088,0.93,1.2,1.2,1.2,1.2
2024-02-17,Berlin,11,00+,34,44,44,44,44,3664088,0.93,1.2,1.2,1.2,1.2
2024-02-16,Berlin,11,00+,33,42,42,42,42,3664088,0.9,1.15,1.15,1.15,1.15
2024-02-15,Berlin,11,00+,35,41,41,41,41,3664088,0.96,1.12,1.12,1.12,1.12
2024-02-14,Berlin,11,00+,40,47,47,47,47,3664088,1.09,1.28,1.28,1.28,1.28
2024-02-13,Berlin,11,00+,44,49,49,49,49,3664088,1.2,1.34,1.34,1.34,1.34
2024-02-12,Berlin,11,00+,49,53,53,53,53,3664088,1.34,1.45,1.45,1.45,1.45
2024-02-11,Berlin,11,00+,49,52,52,52,52,3664088,1.34,1.42,1.42,1.42,1.42
2024-02-10,Berlin,11,00+,49,52,52,52,52,3664088,1.34,1.42,1.42,1.42,1.42
2024-02-09,Berlin,11,00+,58,66,66,66,66,3664088,1.58,1.8,1.8,1.8,1.8
2024-02-08,Berlin,11,00+,65,75,75,75,75,3664088,1.77,2.05,2.05,2.05,2.05
2024-02-07,Berlin,11,00+,57,79,79,79,79,3664088,1.56,2.16,2.16,2.16,2.16
2024-02-06,Berlin,11,00+,65,79,79,79,79,3664088,1.77,2.16,2.16,2.16,2.16
2024-02-05,Berlin,11,00+,71,87,87,87,87,3664088,1.94,2.37,2.37,2.37,2.37
2024-02-04,Berlin,11,00+,71,89,89,89,89,3664088,1.94,2.43,2.43,2.43,2.43
2024-02-03,Berlin,11,00+,71,89,89,89,89,3664088,1.94,2.43,2.43,2.43,2.43
2024-02-02,Berlin,11,00+,55,73,73,73,73,3664088,1.5,1.99,1.99,1.99,1.99
2024-02-01,Berlin,11,00+,45,62,62,62,62,3664088,1.23,1.69,1.69,1.69,1.69
2024-01-31,Berlin,11,00+,34,55,55,55,55,3664088,0.93,1.5,1.5,1.5,1.5
2024-01-30,Berlin,11,00+,38,63,63,63,63,3664088,1.04,1.72,1.72,1.72,1.72
2024-01-29,Berlin,11,00+,52,68,68,68,68,3664088,1.42,1.86,1.86,1.86,1.86
2024-01-28,Berlin,11,00+,52,66,66,66,66,3664088,1.42,1.8,1.8,1.8,1.8
2024-01-27,Berlin,11,00+,52,66,66,66,66,3664088,1.42,1.8,1.8,1.8,1.8
2024-01-26,Berlin,11,00+,63,76,76,76,76,3664088,1.72,2.07,2.07,2.07,2.07
2024-01-25,Berlin,11,00+,75,95,95,95,95,3664088,2.05,2.59,2.59,2.59,2.59
2024-01-24,Berlin,11,00+,80,111,111,111,111,3664088,2.18,3.03,3.03,3.03,3.03
2024-01-23,Berlin,11,00+,64,116,116,116,116,3664088,1.75,3.17,3.17,3.17,3.17
2024-01-22,Berlin,11,00+,81,110,110,110,110,3664088,2.21,3,3,3,3
2024-01-21,Berlin,11,00+,82,111,111,111,111,3664088,2.24,3.03,3.03,3.03,3.03
2024-01-20,Berlin,11,00+,83,112,112,112,112,3664088,2.27,3.06,3.06,3.06,3.06
2024-01-19,Berlin,11,00+,84,110,110,110,110,3664088,2.29,3,3,3,3
2024-01-18,Berlin,11,00+,79,106,106,106,106,3664088,2.16,2.89,2.89,2.89,2.89
2024-01-17,Berlin,11,00+,85,113,113,113,113,3664088,2.32,3.08,3.08,3.08,3.08
2024-01-16,Berlin,11,00+,87,117,117,117,117,3664088,2.37,3.19,3.19,3.19,3.19
2024-01-15,Berlin,11,00+,109,127,127,127,127,3664088,2.97,3.47,3.47,3.47,3.47
2024-01-14,Berlin,11,00+,109,126,126,126,126,3664088,2.97,3.44,3.44,3.44,3.44
2024-01-13,Berlin,11,00+,109,125,125,125,125,3664088,2.97,3.41,3.41,3.41,3.41
2024-01-12,Berlin,11,00+,116,132,132,132,132,3664088,3.17,3.6,3.6,3.6,3.6
2024-01-11,Berlin,11,00+,108,130,130,130,130,3664088,2.95,3.55,3.55,3.55,3.55
2024-01-10,Berlin,11,00+,130,158,158,158,158,3664088,3.55,4.31,4.31,4.31,4.31
2024-01-09,Berlin,11,00+,207,237,237,237,237,3664088,5.65,6.47,6.47,6.47,6.47
2024-01-08,Berlin,11,00+,181,203,203,203,203,3664088,4.94,5.54,5.54,5.54,5.54
2024-01-07,Berlin,11,00+,181,203,203,203,203,3664088,4.94,5.54,5.54,5.54,5.54
2024-01-06,Berlin,11,00+,181,203,203,203,203,3664088,4.94,5.54,5.54,5.54,5.54
2024-01-05,Berlin,11,00+,202,236,236,236,236,3664088,5.51,6.44,6.44,6.44,6.44
2024-01-04,Berlin,11,00+,211,283,283,283,283,3664088,5.76,7.72,7.72,7.72,7.72
2024-01-03,Berlin,11,00+,312,445,445,445,445,3664088,8.52,12.14,12.14,12.14,12.14
2024-01-02,Berlin,11,00+,233,343,343,343,343,3664088,6.36,9.36,9.36,9.36,9.36
2024-01-01,Berlin,11,00+,233,343,343,343,343,3664088,6.36,9.36,9.36,9.36,9.36
2023-12-31,Berlin,11,00+,233,343,343,343,343,3664088,6.36,9.36,9.36,9.36,9.36
2023-12-30,Berlin,11,00+,233,344,344,344,344,3664088,6.36,9.39,9.39,9.39,9.39
2023-12-29,Berlin,11,00+,249,358,358,358,358,3664088,6.8,9.77,9.77,9.77,9.77
2023-12-28,Berlin,11,00+,220,355,355,355,355,3664088,6,9.69,9.69,9.69,9.69
2023-12-27,Berlin,11,00+,167,232,232,232,232,3664088,4.56,6.33,6.33,6.33,6.33
2023-12-26,Berlin,11,00+,303,371,371,371,371,3664088,8.27,10.13,10.13,10.13,10.13
2023-12-25,Berlin,11,00+,502,578,578,578,578,3664088,13.7,15.77,15.77,15.77,15.77
2023-12-24,Berlin,11,00+,502,578,578,578,578,3664088,13.7,15.77,15.77,15.77,15.77
2023-12-23,Berlin,11,00+,502,577,577,577,577,3664088,13.7,15.75,15.75,15.75,15.75
2023-12-22,Berlin,11,00+,513,600,600,600,600,3664088,14,16.38,16.38,16.38,16.38
2023-12-21,Berlin,11,00+,547,685,685,685,685,3664088,14.93,18.69,18.69,18.69,18.69
2023-12-20,Berlin,11,00+,539,702,702,702,702,3664088,14.71,19.16,19.16,19.16,19.16
2023-12-19,Berlin,11,00+,488,694,694,694,694,3664088,13.32,18.94,18.94,18.94,18.94
2023-12-18,Berlin,11,00+,485,653,653,653,653,3664088,13.24,17.82,17.82,17.82,17.82
2023-12-17,Berlin,11,00+,485,653,653,653,653,3664088,13.24,17.82,17.82,17.82,17.82
2023-12-16,Berlin,11,00+,485,653,653,653,653,3664088,13.24,17.82,17.82,17.82,17.82
2023-12-15,Berlin,11,00+,480,701,701,701,701,3664088,13.1,19.13,19.13,19.13,19.13
2023-12-14,Berlin,11,00+,477,668,668,668,668,3664088,13.02,18.23,18.23,18.23,18.23
2023-12-13,Berlin,11,00+,471,719,719,719,719,3664088,12.85,19.62,19.62,19.62,19.62
2023-12-12,Berlin,11,00+,495,758,758,758,758,3664088,13.51,20.69,20.69,20.69,20.69
2023-12-11,Berlin,11,00+,449,730,730,730,730,3664088,12.25,19.92,19.92,19.92,19.92
2023-12-10,Berlin,11,00+,449,730,730,730,730,3664088,12.25,19.92,19.92,19.92,19.92
2023-12-09,Berlin,11,00+,449,730,730,730,730,3664088,12.25,19.92,19.92,19.92,19.92
2023-12-08,Berlin,11,00+,420,657,657,657,657,3664088,11.46,17.93,17.93,17.93,17.93
2023-12-07,Berlin,11,00+,392,623,623,623,623,3664088,10.7,17,17,17,17
2023-12-06,Berlin,11,00+,299,540,540,540,540,3664088,8.16,14.74,14.74,14.74,14.74
2023-12-05,Berlin,11,00+,321,472,472,472,472,3664088,8.76,12.88,12.88,12.88,12.88
2023-12-04,Berlin,11,00+,384,466,466,466,466,3664088,10.48,12.72,12.72,12.72,12.72
2023-12-03,Berlin,11,00+,384,466,466,466,466,3664088,10.48,12.72,12.72,12.72,12.72
2023-12-02,Berlin,11,00+,384,466,466,466,466,3664088,10.48,12.72,12.72,12.72,12.72
2023-12-01,Berlin,11,00+,392,486,486,486,486,3664088,10.7,13.26,13.26,13.26,13.26
2023-11-30,Berlin,11,00+,375,473,473,473,473,3664088,10.23,12.91,12.91,12.91,12.91
2023-11-29,Berlin,11,00+,369,479,479,479,479,3664088,10.07,13.07,13.07,13.07,13.07
2023-11-28,Berlin,11,00+,409,519,519,519,519,3664088,11.16,14.16,14.16,14.16,14.16
2023-11-27,Berlin,11,00+,421,507,507,507,507,3664088,11.49,13.84,13.84,13.84,13.84
2023-11-26,Berlin,11,00+,421,507,507,507,507,3664088,11.49,13.84,13.84,13.84,13.84
2023-11-25,Berlin,11,00+,421,507,507,507,507,3664088,11.49,13.84,13.84,13.84,13.84
2023-11-24,Berlin,11,00+,388,477,477,477,477,3664088,10.59,13.02,13.02,13.02,13.02
2023-11-23,Berlin,11,00+,352,488,488,488,488,3664088,9.61,13.32,13.32,13.32,13.32
2023-11-22,Berlin,11,00+,343,466,466,466,466,3664088,9.36,12.72,12.72,12.72,12.72
2023-11-21,Berlin,11,00+,313,416,416,416,416,3664088,8.54,11.35,11.35,11.35,11.35
2023-11-20,Berlin,11,00+,358,431,431,431,431,3664088,9.77,11.76,11.76,11.76,11.76
2023-11-19,Berlin,11,00+,358,431,431,431,431,3664088,9.77,11.76,11.76,11.76,11.76
2023-11-18,Berlin,11,00+,362,435,435,435,435,3664088,9.88,11.87,11.87,11.87,11.87
2023-11-17,Berlin,11,00+,336,437,437,437,437,3664088,9.17,11.93,11.93,11.93,11.93
2023-11-16,Berlin,11,00+,327,426,426,426,426,3664088,8.92,11.63,11.63,11.63,11.63
2023-11-15,Berlin,11,00+,358,442,442,442,442,3664088,9.77,12.06,12.06,12.06,12.06
2023-11-14,Berlin,11,00+,312,432,432,432,432,3664088,8.52,11.79,11.79,11.79,11.79
2023-11-13,Berlin,11,00+,337,395,395,395,395,3664088,9.2,10.78,10.78,10.78,10.78
2023-11-12,Berlin,11,00+,337,395,395,395,395,3664088,9.2,10.78,10.78,10.78,10.78
2023-11-11,Berlin,11,00+,337,391,391,391,391,3664088,9.2,10.67,10.67,10.67,10.67
2023-11-10,Berlin,11,00+,326,386,386,386,386,3664088,8.9,10.53,10.53,10.53,10.53
2023-11-09,Berlin,11,00+,290,381,381,381,381,3664088,7.91,10.4,10.4,10.4,10.4
2023-11-08,Berlin,11,00+,302,359,359,359,359,3664088,8.24,9.8,9.8,9.8,9.8
2023-11-07,Berlin,11,00+,315,379,379,379,379,3664088,8.6,10.34,10.34,10.34,10.34
2023-11-06,Berlin,11,00+,357,428,428,428,428,3664088,9.74,11.68,11.68,11.68,11.68
2023-11-05,Berlin,11,00+,360,431,431,431,431,3664088,9.83,11.76,11.76,11.76,11.76
2023-11-04,Berlin,11,00+,360,431,431,431,431,3664088,9.83,11.76,11.76,11.76,11.76
2023-11-03,Berlin,11,00+,354,435,435,435,435,3664088,9.66,11.87,11.87,11.87,11.87
2023-11-02,Berlin,11,00+,348,435,435,435,435,3664088,9.5,11.87,11.87,11.87,11.87
2023-11-01,Berlin,11,00+,320,436,436,436,436,3664088,8.73,11.9,11.9,11.9,11.9
2023-10-31,Berlin,11,00+,290,386,386,386,386,3664088,7.91,10.53,10.53,10.53,10.53
2023-10-30,Berlin,11,00+,261,308,308,308,308,3664088,7.12,8.41,8.41,8.41,8.41
2023-10-29,Berlin,11,00+,261,305,305,305,305,3664088,7.12,8.32,8.32,8.32,8.32
2023-10-28,Berlin,11,00+,261,305,305,305,305,3664088,7.12,8.32,8.32,8.32,8.32
2023-10-27,Berlin,11,00+,206,285,285,285,285,3664088,5.62,7.78,7.78,7.78,7.78
2023-10-26,Berlin,11,00+,190,252,252,252,252,3664088,5.19,6.88,6.88,6.88,6.88
2023-10-25,Berlin,11,00+,153,214,214,214,214,3664088,4.18,5.84,5.84,5.84,5.84
2023-10-24,Berlin,11,00+,125,186,186,186,186,3664088,3.41,5.08,5.08,5.08,5.08
2023-10-23,Berlin,11,00+,116,150,150,150,150,3664088,3.17,4.09,4.09,4.09,4.09
2023-10-22,Berlin,11,00+,116,150,150,150,150,3664088,3.17,4.09,4.09,4.09,4.09
2023-10-21,Berlin,11,00+,116,150,150,150,150,3664088,3.17,4.09,4.09,4.09,4.09
2023-10-20,Berlin,11,00+,99,142,142,142,142,3664088,2.7,3.88,3.88,3.88,3.88
2023-10-19,Berlin,11,00+,99,136,136,136,136,3664088,2.7,3.71,3.71,3.71,3.71
2023-10-18,Berlin,11,00+,110,148,148,148,148,3664088,3,4.04,4.04,4.04,4.04
2023-10-17,Berlin,11,00+,113,157,157,157,157,3664088,3.08,4.28,4.28,4.28,4.28
2023-10-16,Berlin,11,00+,102,150,150,150,150,3664088,2.78,4.09,4.09,4.09,4.09
2023-10-15,Berlin,11,00+,102,150,150,150,150,3664088,2.78,4.09,4.09,4.09,4.09
2023-10-14,Berlin,11,00+,102,150,150,150,150,3664088,2.78,4.09,4.09,4.09,4.09
2023-10-13,Berlin,11,00+,93,149,149,149,149,3664088,2.54,4.07,4.07,4.07,4.07
2023-10-12,Berlin,11,00+,105,155,155,155,155,3664088,2.87,4.23,4.23,4.23,4.23
2023-10-11,Berlin,11,00+,104,145,145,145,145,3664088,2.84,3.96,3.96,3.96,3.96
2023-10-10,Berlin,11,00+,81,108,108,108,108,3664088,2.21,2.95,2.95,2.95,2.95
2023-10-09,Berlin,11,00+,88,130,130,130,130,3664088,2.4,3.55,3.55,3.55,3.55
2023-10-08,Berlin,11,00+,88,130,130,130,130,3664088,2.4,3.55,3.55,3.55,3.55
2023-10-07,Berlin,11,00+,88,130,130,130,130,3664088,2.4,3.55,3.55,3.55,3.55
2023-10-06,Berlin,11,00+,77,118,118,118,118,3664088,2.1,3.22,3.22,3.22,3.22
2023-10-05,Berlin,11,00+,53,101,101,101,101,3664088,1.45,2.76,2.76,2.76,2.76
2023-10-04,Berlin,11,00+,41,89,89,89,89,3664088,1.12,2.43,2.43,2.43,2.43
2023-10-03,Berlin,11,00+,60,108,108,108,108,3664088,1.64,2.95,2.95,2.95,2.95
2023-10-02,Berlin,11,00+,45,70,70,70,70,3664088,1.23,1.91,1.91,1.91,1.91
2023-10-01,Berlin,11,00+,45,70,70,70,70,3664088,1.23,1.91,1.91,1.91,1.91
2023-09-30,Berlin,11,00+,45,70,70,70,70,3664088,1.23,1.91,1.91,1.91,1.91
2023-09-29,Berlin,11,00+,36,61,61,61,61,3664088,0.98,1.66,1.66,1.66,1.66
2023-09-28,Berlin,11,00+,48,67,67,67,67,3664088,1.31,1.83,1.83,1.83,1.83
2023-09-27,Berlin,11,00+,59,78,78,78,78,3664088,1.61,2.13,2.13,2.13,2.13
2023-09-26,Berlin,11,00+,62,78,78,78,78,3664088,1.69,2.13,2.13,2.13,2.13
2023-09-25,Berlin,11,00+,85,102,102,102,102,3664088,2.32,2.78,2.78,2.78,2.78
2023-09-24,Berlin,11,00+,85,102,102,102,102,3664088,2.32,2.78,2.78,2.78,2.78
2023-09-23,Berlin,11,00+,85,102,102,102,102,3664088,2.32,2.78,2.78,2.78,2.78
2023-09-22,Berlin,11,00+,81,105,105,105,105,3664088,2.21,2.87,2.87,2.87,2.87
2023-09-21,Berlin,11,00+,63,100,100,100,100,3664088,1.72,2.73,2.73,2.73,2.73
2023-09-20,Berlin,11,00+,69,97,97,97,97,3664088,1.88,2.65,2.65,2.65,2.65
2023-09-19,Berlin,11,00+,76,96,96,96,96,3664088,2.07,2.62,2.62,2.62,2.62
2023-09-18,Berlin,11,00+,76,96,96,96,96,3664088,2.07,2.62,2.62,2.62,2.62
2023-09-17,Berlin,11,00+,76,96,96,96,96,3664088,2.07,2.62,2.62,2.62,2.62
2023-09-16,Berlin,11,00+,76,96,96,96,96,3664088,2.07,2.62,2.62,2.62,2.62
2023-09-15,Berlin,11,00+,85,108,108,108,108,3664088,2.32,2.95,2.95,2.95,2.95
2023-09-14,Berlin,11,00+,94,116,116,116,116,3664088,2.57,3.17,3.17,3.17,3.17
2023-09-13,Berlin,11,00+,88,106,106,106,106,3664088,2.4,2.89,2.89,2.89,2.89
2023-09-12,Berlin,11,00+,100,126,126,126,126,3664088,2.73,3.44,3.44,3.44,3.44
2023-09-11,Berlin,11,00+,96,110,110,110,110,3664088,2.62,3,3,3,3
2023-09-10,Berlin,11,00+,96,110,110,110,110,3664088,2.62,3,3,3,3
2023-09-09,Berlin,11,00+,96,110,110,110,110,3664088,2.62,3,3,3,3
2023-09-08,Berlin,11,00+,74,92,92,92,92,3664088,2.02,2.51,2.51,2.51,2.51
2023-09-07,Berlin,11,00+,64,79,79,79,79,3664088,1.75,2.16,2.16,2.16,2.16
2023-09-06,Berlin,11,00+,46,74,74,74,74,3664088,1.26,2.02,2.02,2.02,2.02
2023-09-05,Berlin,11,00+,41,57,57,57,57,3664088,1.12,1.56,1.56,1.56,1.56
2023-09-04,Berlin,11,00+,46,56,56,56,56,3664088,1.26,1.53,1.53,1.53,1.53
2023-09-03,Berlin,11,00+,46,56,56,56,56,3664088,1.26,1.53,1.53,1.53,1.53
2023-09-02,Berlin,11,00+,46,56,56,56,56,3664088,1.26,1.53,1.53,1.53,1.53
2023-09-01,Berlin,11,00+,49,62,62,62,62,3664088,1.34,1.69,1.69,1.69,1.69
2023-08-31,Berlin,11,00+,44,60,60,60,60,3664088,1.2,1.64,1.64,1.64,1.64
2023-08-30,Berlin,11,00+,39,62,62,62,62,3664088,1.06,1.69,1.69,1.69,1.69
2023-08-29,Berlin,11,00+,31,48,48,48,48,3664088,0.85,1.31,1.31,1.31,1.31
2023-08-28,Berlin,11,00+,0,48,48,48,48,3664088,0,1.31,1.31,1.31,1.31
2023-08-27,Berlin,11,00+,0,48,48,48,48,3664088,0,1.31,1.31,1.31,1.31
2023-08-26,Berlin,11,00+,0,48,48,48,48,3664088,0,1.31,1.31,1.31,1.31
2023-08-25,Berlin,11,00+,0,47,47,47,47,3664088,0,1.28,1.28,1.28,1.28
2023-08-24,Berlin,11,00+,46,52,52,52,52,3664088,1.26,1.42,1.42,1.42,1.42
2023-08-23,Berlin,11,00+,51,61,61,61,61,3664088,1.39,1.66,1.66,1.66,1.66
2023-08-22,Berlin,11,00+,54,64,64,64,64,3664088,1.47,1.75,1.75,1.75,1.75
2023-08-21,Berlin,11,00+,55,67,67,67,67,3664088,1.5,1.83,1.83,1.83,1.83
2023-08-20,Berlin,11,00+,55,67,67,67,67,3664088,1.5,1.83,1.83,1.83,1.83
2023-08-19,Berlin,11,00+,55,67,67,67,67,3664088,1.5,1.83,1.83,1.83,1.83
2023-08-18,Berlin,11,00+,42,58,58,58,58,3664088,1.15,1.58,1.58,1.58,1.58
2023-08-17,Berlin,11,00+,39,51,51,51,51,3664088,1.06,1.39,1.39,1.39,1.39
2023-08-16,Berlin,11,00+,27,37,37,37,37,3664088,0.74,1.01,1.01,1.01,1.01
2023-08-15,Berlin,11,00+,21,35,35,35,35,3664088,0.57,0.96,0.96,0.96,0.96
2023-08-14,Berlin,11,00+,14,20,20,20,20,3664088,0.38,0.55,0.55,0.55,0.55
2023-08-13,Berlin,11,00+,14,20,20,20,20,3664088,0.38,0.55,0.55,0.55,0.55
2023-08-12,Berlin,11,00+,14,20,20,20,20,3664088,0.38,0.55,0.55,0.55,0.55
2023-08-11,Berlin,11,00+,20,26,26,26,26,3664088,0.55,0.71,0.71,0.71,0.71
2023-08-10,Berlin,11,00+,26,32,32,32,32,3664088,0.71,0.87,0.87,0.87,0.87
2023-08-09,Berlin,11,00+,28,38,38,38,38,3664088,0.76,1.04,1.04,1.04,1.04
2023-08-08,Berlin,11,00+,31,40,40,40,40,3664088,0.85,1.09,1.09,1.09,1.09
2023-08-07,Berlin,11,00+,26,40,40,40,40,3664088,0.71,1.09,1.09,1.09,1.09
2023-08-06,Berlin,11,00+,26,40,40,40,40,3664088,0.71,1.09,1.09,1.09,1.09
2023-08-05,Berlin,11,00+,26,40,40,40,40,3664088,0.71,1.09,1.09,1.09,1.09
2023-08-04,Berlin,11,00+,21,40,40,40,40,3664088,0.57,1.09,1.09,1.09,1.09
2023-08-03,Berlin,11,00+,23,36,36,36,36,3664088,0.63,0.98,0.98,0.98,0.98
2023-08-02,Berlin,11,00+,27,36,36,36,36,3664088,0.74,0.98,0.98,0.98,0.98
2023-08-01,Berlin,11,00+,28,36,36,36,36,3664088,0.76,0.98,0.98,0.98,0.98
2023-07-31,Berlin,11,00+,36,45,45,45,45,3664088,0.98,1.23,1.23,1.23,1.23
2023-07-30,Berlin,11,00+,36,45,45,45,45,3664088,0.98,1.23,1.23,1.23,1.23
2023-07-29,Berlin,11,00+,36,45,45,45,45,3664088,0.98,1.23,1.23,1.23,1.23
2023-07-28,Berlin,11,00+,34,41,41,41,41,3664088,0.93,1.12,1.12,1.12,1.12
2023-07-27,Berlin,11,00+,43,48,48,48,48,3664088,1.17,1.31,1.31,1.31,1.31
2023-07-26,Berlin,11,00+,38,46,46,46,46,3664088,1.04,1.26,1.26,1.26,1.26
2023-07-25,Berlin,11,00+,29,41,41,41,41,3664088,0.79,1.12,1.12,1.12,1.12
2023-07-24,Berlin,11,00+,26,34,34,34,34,3664088,0.71,0.93,0.93,0.93,0.93
2023-07-23,Berlin,11,00+,26,34,34,34,34,3664088,0.71,0.93,0.93,0.93,0.93
2023-07-22,Berlin,11,00+,26,34,34,34,34,3664088,0.71,0.93,0.93,0.93,0.93
2023-07-21,Berlin,11,00+,20,36,36,36,36,3664088,0.55,0.98,0.98,0.98,0.98
2023-07-20,Berlin,11,00+,11,24,24,24,24,3664088,0.3,0.66,0.66,0.66,0.66
2023-07-19,Berlin,11,00+,10,20,20,20,20,3664088,0.27,0.55,0.55,0.55,0.55
2023-07-18,Berlin,11,00+,8,17,17,17,17,3664088,0.22,0.46,0.46,0.46,0.46
2023-07-17,Berlin,11,00+,11,14,14,14,14,3664088,0.3,0.38,0.38,0.38,0.38
2023-07-16,Berlin,11,00+,11,14,14,14,14,3664088,0.3,0.38,0.38,0.38,0.38
2023-07-15,Berlin,11,00+,11,14,14,14,14,3664088,0.3,0.38,0.38,0.38,0.38
2023-07-14,Berlin,11,00+,6,9,9,9,9,3664088,0.16,0.25,0.25,0.25,0.25
2023-07-13,Berlin,11,00+,6,12,12,12,12,3664088,0.16,0.33,0.33,0.33,0.33
2023-07-12,Berlin,11,00+,7,12,12,12,12,3664088,0.19,0.33,0.33,0.33,0.33
2023-07-11,Berlin,11,00+,9,13,13,13,13,3664088,0.25,0.35,0.35,0.35,0.35
2023-07-10,Berlin,11,00+,10,13,13,13,13,3664088,0.27,0.35,0.35,0.35,0.35
2023-07-09,Berlin,11,00+,10,13,13,13,13,3664088,0.27,0.35,0.35,0.35,0.35
2023-07-08,Berlin,11,00+,10,13,13,13,13,3664088,0.27,0.35,0.35,0.35,0.35
2023-07-07,Berlin,11,00+,10,13,13,13,13,3664088,0.27,0.35,0.35,0.35,0.35
2023-07-06,Berlin,11,00+,5,10,10,10,10,3664088,0.14,0.27,0.27,0.27,0.27
2023-07-05,Berlin,11,00+,10,15,15,15,15,3664088,0.27,0.41,0.41,0.41,0.41
2023-07-04,Berlin,11,00+,11,14,14,14,14,3664088,0.3,0.38,0.38,0.38,0.38
2023-07-03,Berlin,11,00+,16,18,18,18,18,3664088,0.44,0.49,0.49,0.49,0.49
2023-07-02,Berlin,11,00+,16,18,18,18,18,3664088,0.44,0.49,0.49,0.49,0.49
2023-07-01,Berlin,11,00+,16,18,18,18,18,3664088,0.44,0.49,0.49,0.49,0.49
2023-06-30,Berlin,11,00+,22,25,25,25,25,3664088,0.6,0.68,0.68,0.68,0.68
2023-06-29,Berlin,11,00+,14,27,27,27,27,3664088,0.38,0.74,0.74,0.74,0.74
2023-06-28,Berlin,11,00+,12,22,22,22,22,3664088,0.33,0.6,0.6,0.6,0.6
2023-06-27,Berlin,11,00+,17,28,28,28,28,3664088,0.46,0.76,0.76,0.76,0.76
2023-06-26,Berlin,11,00+,34,44,44,44,44,3664088,0.93,1.2,1.2,1.2,1.2
2023-06-25,Berlin,11,00+,34,44,44,44,44,3664088,0.93,1.2,1.2,1.2,1.2
2023-06-24,Berlin,11,00+,34,44,44,44,44,3664088,0.93,1.2,1.2,1.2,1.2
2023-06-23,Berlin,11,00+,52,60,60,60,60,3664088,1.42,1.64,1.64,1.64,1.64
2023-06-22,Berlin,11,00+,67,74,74,74,74,3664088,1.83,2.02,2.02,2.02,2.02
2023-06-21,Berlin,11,00+,68,80,80,80,80,3664088,1.86,2.18,2.18,2.18,2.18
2023-06-20,Berlin,11,00+,62,77,77,77,77,3664088,1.69,2.1,2.1,2.1,2.1
2023-06-19,Berlin,11,00+,50,69,69,69,69,3664088,1.36,1.88,1.88,1.88,1.88
2023-06-18,Berlin,11,00+,50,69,69,69,69,3664088,1.36,1.88,1.88,1.88,1.88
2023-06-17,Berlin,11,00+,50,69,69,69,69,3664088,1.36,1.88,1.88,1.88,1.88
2023-06-16,Berlin,11,00+,33,57,57,57,57,3664088,0.9,1.56,1.56,1.56,1.56
2023-06-15,Berlin,11,00+,38,53,53,53,53,3664088,1.04,1.45,1.45,1.45,1.45
2023-06-14,Berlin,11,00+,33,52,52,52,52,3664088,0.9,1.42,1.42,1.42,1.42
2023-06-13,Berlin,11,00+,23,49,49,49,49,3664088,0.63,1.34,1.34,1.34,1.34
2023-06-12,Berlin,11,00+,35,48,48,48,48,3664088,0.96,1.31,1.31,1.31,1.31
2023-06-11,Berlin,11,00+,35,48,48,48,48,3664088,0.96,1.31,1.31,1.31,1.31
2023-06-10,Berlin,11,00+,35,48,48,48,48,3664088,0.96,1.31,1.31,1.31,1.31
2023-06-09,Berlin,11,00+,28,38,38,38,38,3664088,0.76,1.04,1.04,1.04,1.04
2023-06-08,Berlin,11,00+,27,36,36,36,36,3664088,0.74,0.98,0.98,0.98,0.98
2023-06-07,Berlin,11,00+,29,40,40,40,40,3664088,0.79,1.09,1.09,1.09,1.09
2023-06-06,Berlin,11,00+,43,59,59,59,59,3664088,1.17,1.61,1.61,1.61,1.61
2023-06-05,Berlin,11,00+,34,44,44,44,44,3664088,0.93,1.2,1.2,1.2,1.2
2023-06-04,Berlin,11,00+,34,44,44,44,44,3664088,0.93,1.2,1.2,1.2,1.2
2023-06-03,Berlin,11,00+,34,44,44,44,44,3664088,0.93,1.2,1.2,1.2,1.2
2023-06-02,Berlin,11,00+,40,56,56,56,56,3664088,1.09,1.53,1.53,1.53,1.53
2023-06-01,Berlin,11,00+,39,54,54,54,54,3664088,1.06,1.47,1.47,1.47,1.47
2023-05-31,Berlin,11,00+,35,57,57,57,57,3664088,0.96,1.56,1.56,1.56,1.56
2023-05-30,Berlin,11,00+,32,52,52,52,52,3664088,0.87,1.42,1.42,1.42,1.42
2023-05-29,Berlin,11,00+,72,95,95,95,95,3664088,1.97,2.59,2.59,2.59,2.59
2023-05-28,Berlin,11,00+,72,95,95,95,95,3664088,1.97,2.59,2.59,2.59,2.59
2023-05-27,Berlin,11,00+,72,95,95,95,95,3664088,1.97,2.59,2.59,2.59,2.59
2023-05-26,Berlin,11,00+,73,91,91,91,91,3664088,1.99,2.48,2.48,2.48,2.48
2023-05-25,Berlin,11,00+,64,82,82,82,82,3664088,1.75,2.24,2.24,2.24,2.24
2023-05-24,Berlin,11,00+,66,89,89,89,89,3664088,1.8,2.43,2.43,2.43,2.43
2023-05-23,Berlin,11,00+,58,93,93,93,93,3664088,1.58,2.54,2.54,2.54,2.54
2023-05-22,Berlin,11,00+,67,85,85,85,85,3664088,1.83,2.32,2.32,2.32,2.32
2023-05-21,Berlin,11,00+,67,85,85,85,85,3664088,1.83,2.32,2.32,2.32,2.32
2023-05-20,Berlin,11,00+,67,85,85,85,85,3664088,1.83,2.32,2.32,2.32,2.32
2023-05-19,Berlin,11,00+,69,99,99,99,99,3664088,1.88,2.7,2.7,2.7,2.7
2023-05-18,Berlin,11,00+,75,105,105,105,105,3664088,2.05,2.87,2.87,2.87,2.87
2023-05-17,Berlin,11,00+,81,105,105,105,105,3664088,2.21,2.87,2.87,2.87,2.87
2023-05-16,Berlin,11,00+,98,119,119,119,119,3664088,2.67,3.25,3.25,3.25,3.25
2023-05-15,Berlin,11,00+,104,125,125,125,125,3664088,2.84,3.41,3.41,3.41,3.41
2023-05-14,Berlin,11,00+,104,125,125,125,125,3664088,2.84,3.41,3.41,3.41,3.41
2023-05-13,Berlin,11,00+,104,125,125,125,125,3664088,2.84,3.41,3.41,3.41,3.41
2023-05-12,Berlin,11,00+,117,129,129,129,129,3664088,3.19,3.52,3.52,3.52,3.52
2023-05-11,Berlin,11,00+,139,159,159,159,159,3664088,3.79,4.34,4.34,4.34,4.34
2023-05-10,Berlin,11,00+,120,156,156,156,156,3664088,3.28,4.26,4.26,4.26,4.26
2023-05-09,Berlin,11,00+,128,169,169,169,169,3664088,3.49,4.61,4.61,4.61,4.61
2023-05-08,Berlin,11,00+,106,129,129,129,129,3664088,2.89,3.52,3.52,3.52,3.52
2023-05-07,Berlin,11,00+,106,129,129,129,129,3664088,2.89,3.52,3.52,3.52,3.52
2023-05-06,Berlin,11,00+,106,129,129,129,129,3664088,2.89,3.52,3.52,3.52,3.52
2023-05-05,Berlin,11,00+,92,119,119,119,119,3664088,2.51,3.25,3.25,3.25,3.25
2023-05-04,Berlin,11,00+,72,104,104,104,104,3664088,1.97,2.84,2.84,2.84,2.84
2023-05-03,Berlin,11,00+,78,116,116,116,116,3664088,2.13,3.17,3.17,3.17,3.17
2023-05-02,Berlin,11,00+,88,114,114,114,114,3664088,2.4,3.11,3.11,3.11,3.11
2023-05-01,Berlin,11,00+,131,158,158,158,158,3664088,3.58,4.31,4.31,4.31,4.31
2023-04-30,Berlin,11,00+,134,161,161,161,161,3664088,3.66,4.39,4.39,4.39,4.39
2023-04-29,Berlin,11,00+,134,161,161,161,161,3664088,3.66,4.39,4.39,4.39,4.39
2023-04-28,Berlin,11,00+,128,174,174,174,174,3664088,3.49,4.75,4.75,4.75,4.75
2023-04-27,Berlin,11,00+,138,183,183,183,183,3664088,3.77,4.99,4.99,4.99,4.99
2023-04-26,Berlin,11,00+,140,195,195,195,195,3664088,3.82,5.32,5.32,5.32,5.32
2023-04-25,Berlin,11,00+,184,221,221,221,221,3664088,5.02,6.03,6.03,6.03,6.03
2023-04-24,Berlin,11,00+,204,249,249,249,249,3664088,5.57,6.8,6.8,6.8,6.8
2023-04-23,Berlin,11,00+,204,246,246,246,246,3664088,5.57,6.71,6.71,6.71,6.71
2023-04-22,Berlin,11,00+,204,246,246,246,246,3664088,5.57,6.71,6.71,6.71,6.71
2023-04-21,Berlin,11,00+,207,249,249,249,249,3664088,5.65,6.8,6.8,6.8,6.8
2023-04-20,Berlin,11,00+,221,267,267,267,267,3664088,6.03,7.29,7.29,7.29,7.29
2023-04-19,Berlin,11,00+,236,289,289,289,289,3664088,6.44,7.89,7.89,7.89,7.89
2023-04-18,Berlin,11,00+,276,363,363,363,363,3664088,7.53,9.91,9.91,9.91,9.91
2023-04-17,Berlin,11,00+,213,291,291,291,291,3664088,5.81,7.94,7.94,7.94,7.94
2023-04-16,Berlin,11,00+,213,291,291,291,291,3664088,5.81,7.94,7.94,7.94,7.94
2023-04-15,Berlin,11,00+,213,291,291,291,291,3664088,5.81,7.94,7.94,7.94,7.94
2023-04-14,Berlin,11,00+,196,260,260,260,260,3664088,5.35,7.1,7.1,7.1,7.1
2023-04-13,Berlin,11,00+,172,268,268,268,268,3664088,4.69,7.31,7.31,7.31,7.31
2023-04-12,Berlin,11,00+,135,261,261,261,261,3664088,3.68,7.12,7.12,7.12,7.12
2023-04-11,Berlin,11,00+,114,180,180,180,180,3664088,3.11,4.91,4.91,4.91,4.91
2023-04-10,Berlin,11,00+,216,294,294,294,294,3664088,5.9,8.02,8.02,8.02,8.02
2023-04-09,Berlin,11,00+,216,294,294,294,294,3664088,5.9,8.02,8.02,8.02,8.02
2023-04-08,Berlin,11,00+,216,294,294,294,294,3664088,5.9,8.02,8.02,8.02,8.02
2023-04-07,Berlin,11,00+,252,330,330,330,330,3664088,6.88,9.01,9.01,9.01,9.01
2023-04-06,Berlin,11,00+,250,323,323,323,323,3664088,6.82,8.82,8.82,8.82,8.82
2023-04-05,Berlin,11,00+,278,351,351,351,351,3664088,7.59,9.58,9.58,9.58,9.58
2023-04-04,Berlin,11,00+,252,353,353,353,353,3664088,6.88,9.63,9.63,9.63,9.63
2023-04-03,Berlin,11,00+,322,371,371,371,371,3664088,8.79,10.13,10.13,10.13,10.13
2023-04-02,Berlin,11,00+,324,375,375,375,375,3664088,8.84,10.23,10.23,10.23,10.23
2023-04-01,Berlin,11,00+,325,376,376,376,376,3664088,8.87,10.26,10.26,10.26,10.26
2023-03-31,Berlin,11,00+,318,404,404,404,404,3664088,8.68,11.03,11.03,11.03,11.03
2023-03-30,Berlin,11,00+,320,434,434,434,434,3664088,8.73,11.84,11.84,11.84,11.84
2023-03-29,Berlin,11,00+,307,445,445,445,445,3664088,8.38,12.14,12.14,12.14,12.14
2023-03-28,Berlin,11,00+,328,538,538,538,538,3664088,8.95,14.68,14.68,14.68,14.68
2023-03-27,Berlin,11,00+,396,596,596,596,596,3664088,10.81,16.27,16.27,16.27,16.27
2023-03-26,Berlin,11,00+,396,592,592,592,592,3664088,10.81,16.16,16.16,16.16,16.16
2023-03-25,Berlin,11,00+,396,591,591,591,591,3664088,10.81,16.13,16.13,16.13,16.13
2023-03-24,Berlin,11,00+,412,622,622,622,622,3664088,11.24,16.98,16.98,16.98,16.98
2023-03-23,Berlin,11,00+,409,636,636,636,636,3664088,11.16,17.36,17.36,17.36,17.36
2023-03-22,Berlin,11,00+,359,613,613,613,613,3664088,9.8,16.73,16.73,16.73,16.73
2023-03-21,Berlin,11,00+,317,558,558,558,558,3664088,8.65,15.23,15.23,15.23,15.23
2023-03-20,Berlin,11,00+,370,531,531,531,531,3664088,10.1,14.49,14.49,14.49,14.49
2023-03-19,Berlin,11,00+,372,537,537,537,537,3664088,10.15,14.66,14.66,14.66,14.66
2023-03-18,Berlin,11,00+,380,545,545,545,545,3664088,10.37,14.87,14.87,14.87,14.87
2023-03-17,Berlin,11,00+,373,535,535,535,535,3664088,10.18,14.6,14.6,14.6,14.6
2023-03-16,Berlin,11,00+,330,590,590,590,590,3664088,9.01,16.1,16.1,16.1,16.1
2023-03-15,Berlin,11,00+,330,517,517,517,517,3664088,9.01,14.11,14.11,14.11,14.11
2023-03-14,Berlin,11,00+,267,480,480,480,480,3664088,7.29,13.1,13.1,13.1,13.1
2023-03-13,Berlin,11,00+,261,421,421,421,421,3664088,7.12,11.49,11.49,11.49,11.49
2023-03-12,Berlin,11,00+,263,419,419,419,419,3664088,7.18,11.44,11.44,11.44,11.44
2023-03-11,Berlin,11,00+,266,418,418,418,418,3664088,7.26,11.41,11.41,11.41,11.41
2023-03-10,Berlin,11,00+,198,371,371,371,371,3664088,5.4,10.13,10.13,10.13,10.13
2023-03-09,Berlin,11,00+,155,275,275,275,275,3664088,4.23,7.51,7.51,7.51,7.51
2023-03-08,Berlin,11,00+,222,347,347,347,347,3664088,6.06,9.47,9.47,9.47,9.47
2023-03-07,Berlin,11,00+,212,351,351,351,351,3664088,5.79,9.58,9.58,9.58,9.58
2023-03-06,Berlin,11,00+,234,350,350,350,350,3664088,6.39,9.55,9.55,9.55,9.55
2023-03-05,Berlin,11,00+,235,347,347,347,347,3664088,6.41,9.47,9.47,9.47,9.47
2023-03-04,Berlin,11,00+,237,344,344,344,344,3664088,6.47,9.39,9.39,9.39,9.39
2023-03-03,Berlin,11,00+,236,353,353,353,353,3664088,6.44,9.63,9.63,9.63,9.63
2023-03-02,Berlin,11,00+,256,386,386,386,386,3664088,6.99,10.53,10.53,10.53,10.53
2023-03-01,Berlin,11,00+,236,369,369,369,369,3664088,6.44,10.07,10.07,10.07,10.07
2023-02-28,Berlin,11,00+,223,351,351,351,351,3664088,6.09,9.58,9.58,9.58,9.58
2023-02-27,Berlin,11,00+,222,348,348,348,348,3664088,6.06,9.5,9.5,9.5,9.5
2023-02-26,Berlin,11,00+,223,348,348,348,348,3664088,6.09,9.5,9.5,9.5,9.5
2023-02-25,Berlin,11,00+,226,347,347,347,347,3664088,6.17,9.47,9.47,9.47,9.47
2023-02-24,Berlin,11,00+,186,338,338,338,338,3664088,5.08,9.22,9.22,9.22,9.22
2023-02-23,Berlin,11,00+,179,296,296,296,296,3664088,4.89,8.08,8.08,8.08,8.08
2023-02-22,Berlin,11,00+,188,339,339,339,339,3664088,5.13,9.25,9.25,9.25,9.25
2023-02-21,Berlin,11,00+,195,343,343,343,343,3664088,5.32,9.36,9.36,9.36,9.36
2023-02-20,Berlin,11,00+,224,332,332,332,332,3664088,6.11,9.06,9.06,9.06,9.06
2023-02-19,Berlin,11,00+,224,331,331,331,331,3664088,6.11,9.03,9.03,9.03,9.03
2023-02-18,Berlin,11,00+,229,334,334,334,334,3664088,6.25,9.12,9.12,9.12,9.12
2023-02-17,Berlin,11,00+,207,344,344,344,344,3664088,5.65,9.39,9.39,9.39,9.39
2023-02-16,Berlin,11,00+,201,333,333,333,333,3664088,5.49,9.09,9.09,9.09,9.09
2023-02-15,Berlin,11,00+,176,273,273,273,273,3664088,4.8,7.45,7.45,7.45,7.45
2023-02-14,Berlin,11,00+,179,271,271,271,271,3664088,4.89,7.4,7.4,7.4,7.4
2023-02-13,Berlin,11,00+,169,261,261,261,261,3664088,4.61,7.12,7.12,7.12,7.12
2023-02-12,Berlin,11,00+,169,261,261,261,261,3664088,4.61,7.12,7.12,7.12,7.12
2023-02-11,Berlin,11,00+,169,255,255,255,255,3664088,4.61,6.96,6.96,6.96,6.96
2023-02-10,Berlin,11,00+,175,246,246,246,246,3664088,4.78,6.71,6.71,6.71,6.71
2023-02-09,Berlin,11,00+,187,264,264,264,264,3664088,5.1,7.21,7.21,7.21,7.21
2023-02-08,Berlin,11,00+,168,280,280,280,280,3664088,4.59,7.64,7.64,7.64,7.64
2023-02-07,Berlin,11,00+,163,278,278,278,278,3664088,4.45,7.59,7.59,7.59,7.59
2023-02-06,Berlin,11,00+,186,275,275,275,275,3664088,5.08,7.51,7.51,7.51,7.51
2023-02-05,Berlin,11,00+,186,276,276,276,276,3664088,5.08,7.53,7.53,7.53,7.53
2023-02-04,Berlin,11,00+,186,276,276,276,276,3664088,5.08,7.53,7.53,7.53,7.53
2023-02-03,Berlin,11,00+,159,262,262,262,262,3664088,4.34,7.15,7.15,7.15,7.15
2023-02-02,Berlin,11,00+,183,260,260,260,260,3664088,4.99,7.1,7.1,7.1,7.1
2023-02-01,Berlin,11,00+,160,238,238,238,238,3664088,4.37,6.5,6.5,6.5,6.5
2023-01-31,Berlin,11,00+,125,222,222,222,222,3664088,3.41,6.06,6.06,6.06,6.06
2023-01-30,Berlin,11,00+,161,237,237,237,237,3664088,4.39,6.47,6.47,6.47,6.47
2023-01-29,Berlin,11,00+,161,236,236,236,236,3664088,4.39,6.44,6.44,6.44,6.44
2023-01-28,Berlin,11,00+,161,236,236,236,236,3664088,4.39,6.44,6.44,6.44,6.44
2023-01-27,Berlin,11,00+,162,244,244,244,244,3664088,4.42,6.66,6.66,6.66,6.66
2023-01-26,Berlin,11,00+,154,236,236,236,236,3664088,4.2,6.44,6.44,6.44,6.44
2023-01-25,Berlin,11,00+,137,244,244,244,244,3664088,3.74,6.66,6.66,6.66,6.66
2023-01-24,Berlin,11,00+,128,258,258,258,258,3664088,3.49,7.04,7.04,7.04,7.04
2023-01-23,Berlin,11,00+,139,250,250,250,250,3664088,3.79,6.82,6.82,6.82,6.82
2023-01-22,Berlin,11,00+,139,250,250,250,250,3664088,3.79,6.82,6.82,6.82,6.82
2023-01-21,Berlin,11,00+,145,257,257,257,257,3664088,3.96,7.01,7.01,7.01,7.01
2023-01-20,Berlin,11,00+,133,262,262,262,262,3664088,3.63,7.15,7.15,7.15,7.15
2023-01-19,Berlin,11,00+,135,266,266,266,266,3664088,3.68,7.26,7.26,7.26,7.26
2023-01-18,Berlin,11,00+,132,277,277,277,277,3664088,3.6,7.56,7.56,7.56,7.56
2023-01-17,Berlin,11,00+,145,286,286,286,286,3664088,3.96,7.81,7.81,7.81,7.81
2023-01-16,Berlin,11,00+,144,301,301,301,301,3664088,3.93,8.21,8.21,8.21,8.21
2023-01-15,Berlin,11,00+,144,301,301,301,301,3664088,3.93,8.21,8.21,8.21,8.21
2023-01-14,Berlin,11,00+,144,294,294,294,294,3664088,3.93,8.02,8.02,8.02,8.02
2023-01-13,Berlin,11,00+,155,315,315,315,315,3664088,4.23,8.6,8.6,8.6,8.6
2023-01-12,Berlin,11,00+,171,342,342,342,342,3664088,4.67,9.33,9.33,9.33,9.33
2023-01-11,Berlin,11,00+,161,362,362,362,362,3664088,4.39,9.88,9.88,9.88,9.88
2023-01-10,Berlin,11,00+,207,423,423,423,423,3664088,5.65,11.54,11.54,11.54,11.54
2023-01-09,Berlin,11,00+,273,482,482,482,482,3664088,7.45,13.15,13.15,13.15,13.15
2023-01-08,Berlin,11,00+,273,482,482,482,482,3664088,7.45,13.15,13.15,13.15,13.15
2023-01-07,Berlin,11,00+,273,0,0,0,0,3664088,7.45,0,0,0,0
2023-01-06,Berlin,11,00+,268,0,0,0,0,3664088,7.31,0,0,0,0
2023-01-05,Berlin,11,00+,263,0,0,0,0,3664088,7.18,0,0,0,0
2023-01-04,Berlin,11,00+,264,0,0,0,0,3664088,7.21,0,0,0,0
2023-01-03,Berlin,11,00+,315,0,0,0,0,3664088,8.6,0,0,0,0
2023-01-02,Berlin,11,00+,210,0,0,0,0,3664088,5.73,0,0,0,0
2024-04-19,Brandenburg,12,00+,2,2,NA,NA,NA,2531071,0.08,0.08,NA,NA,NA
2024-04-18,Brandenburg,12,00+,3,3,NA,NA,NA,2531071,0.12,0.12,NA,NA,NA
2024-04-17,Brandenburg,12,00+,3,3,NA,NA,NA,2531071,0.12,0.12,NA,NA,NA
2024-04-16,Brandenburg,12,00+,6,6,7,6,9,2531071,0.24,0.24,0.28,0.25,0.36
2024-04-15,Brandenburg,12,00+,12,12,13,12,17,2531071,0.47,0.47,0.54,0.48,0.68
2024-04-14,Brandenburg,12,00+,13,13,14,13,18,2531071,0.51,0.51,0.59,0.52,0.74
2024-04-13,Brandenburg,12,00+,14,14,15,14,19,2531071,0.55,0.55,0.63,0.56,0.78
2024-04-12,Brandenburg,12,00+,15,15,16,15,21,2531071,0.59,0.59,0.67,0.6,0.84
2024-04-11,Brandenburg,12,00+,17,18,20,18,24,2531071,0.67,0.71,0.79,0.72,0.97
2024-04-10,Brandenburg,12,00+,18,19,21,19,25,2531071,0.71,0.75,0.83,0.76,1
2024-04-09,Brandenburg,12,00+,19,20,21,20,25,2531071,0.75,0.79,0.86,0.8,1.01
2024-04-08,Brandenburg,12,00+,10,13,13,13,15,2531071,0.4,0.51,0.55,0.52,0.62
2024-04-07,Brandenburg,12,00+,10,12,12,12,14,2531071,0.4,0.47,0.5,0.48,0.56
2024-04-06,Brandenburg,12,00+,10,11,11,11,13,2531071,0.4,0.43,0.46,0.44,0.52
2024-04-05,Brandenburg,12,00+,10,10,10,10,11,2531071,0.4,0.4,0.42,0.4,0.47
2024-04-04,Brandenburg,12,00+,7,7,7,7,8,2531071,0.28,0.28,0.29,0.28,0.32
2024-04-03,Brandenburg,12,00+,8,9,9,9,10,2531071,0.32,0.36,0.37,0.36,0.4
2024-04-02,Brandenburg,12,00+,9,9,9,9,9,2531071,0.36,0.36,0.36,0.36,0.38
2024-04-01,Brandenburg,12,00+,12,12,12,12,12,2531071,0.47,0.47,0.49,0.48,0.51
2024-03-31,Brandenburg,12,00+,12,12,12,12,12,2531071,0.47,0.47,0.49,0.48,0.51
2024-03-30,Brandenburg,12,00+,12,12,12,12,12,2531071,0.47,0.47,0.49,0.48,0.51
2024-03-29,Brandenburg,12,00+,14,14,14,14,15,2531071,0.55,0.55,0.57,0.55,0.59
2024-03-28,Brandenburg,12,00+,15,16,16,16,17,2531071,0.59,0.63,0.65,0.63,0.68
2024-03-27,Brandenburg,12,00+,14,14,14,14,14,2531071,0.55,0.55,0.56,0.55,0.59
2024-03-26,Brandenburg,12,00+,14,14,14,14,14,2531071,0.55,0.55,0.56,0.55,0.58
2024-03-25,Brandenburg,12,00+,11,14,14,14,14,2531071,0.43,0.55,0.56,0.55,0.57
2024-03-24,Brandenburg,12,00+,12,15,15,15,15,2531071,0.47,0.59,0.6,0.59,0.61
2024-03-23,Brandenburg,12,00+,12,15,15,15,15,2531071,0.47,0.59,0.6,0.59,0.61
2024-03-22,Brandenburg,12,00+,12,15,15,15,15,2531071,0.47,0.59,0.6,0.59,0.61
2024-03-21,Brandenburg,12,00+,12,13,13,13,13,2531071,0.47,0.51,0.52,0.51,0.52
2024-03-20,Brandenburg,12,00+,14,15,15,15,15,2531071,0.55,0.59,0.59,0.59,0.6
2024-03-19,Brandenburg,12,00+,15,15,15,15,15,2531071,0.59,0.59,0.59,0.59,0.6
2024-03-18,Brandenburg,12,00+,13,14,14,14,14,2531071,0.51,0.55,0.55,0.55,0.55
2024-03-17,Brandenburg,12,00+,13,13,13,13,13,2531071,0.51,0.51,0.51,0.51,0.51
2024-03-16,Brandenburg,12,00+,13,13,13,13,13,2531071,0.51,0.51,0.51,0.51,0.51
2024-03-15,Brandenburg,12,00+,15,16,16,16,16,2531071,0.59,0.63,0.63,0.63,0.63
2024-03-14,Brandenburg,12,00+,18,20,20,20,20,2531071,0.71,0.79,0.79,0.79,0.79
2024-03-13,Brandenburg,12,00+,16,20,20,20,20,2531071,0.63,0.79,0.79,0.79,0.79
2024-03-12,Brandenburg,12,00+,22,23,23,23,23,2531071,0.87,0.91,0.91,0.91,0.91
2024-03-11,Brandenburg,12,00+,16,24,24,24,24,2531071,0.63,0.95,0.95,0.95,0.95
2024-03-10,Brandenburg,12,00+,16,24,24,24,24,2531071,0.63,0.95,0.95,0.95,0.95
2024-03-09,Brandenburg,12,00+,16,24,24,24,24,2531071,0.63,0.95,0.95,0.95,0.95
2024-03-08,Brandenburg,12,00+,17,20,20,20,20,2531071,0.67,0.79,0.79,0.79,0.79
2024-03-07,Brandenburg,12,00+,12,19,19,19,19,2531071,0.47,0.75,0.75,0.75,0.75
2024-03-06,Brandenburg,12,00+,14,19,19,19,19,2531071,0.55,0.75,0.75,0.75,0.75
2024-03-05,Brandenburg,12,00+,13,15,15,15,15,2531071,0.51,0.59,0.59,0.59,0.59
2024-03-04,Brandenburg,12,00+,15,16,16,16,16,2531071,0.59,0.63,0.63,0.63,0.63
2024-03-03,Brandenburg,12,00+,15,16,16,16,16,2531071,0.59,0.63,0.63,0.63,0.63
2024-03-02,Brandenburg,12,00+,15,16,16,16,16,2531071,0.59,0.63,0.63,0.63,0.63
2024-03-01,Brandenburg,12,00+,14,17,17,17,17,2531071,0.55,0.67,0.67,0.67,0.67
2024-02-29,Brandenburg,12,00+,11,16,16,16,16,2531071,0.43,0.63,0.63,0.63,0.63
2024-02-28,Brandenburg,12,00+,14,15,15,15,15,2531071,0.55,0.59,0.59,0.59,0.59
2024-02-27,Brandenburg,12,00+,17,17,17,17,17,2531071,0.67,0.67,0.67,0.67,0.67
2024-02-26,Brandenburg,12,00+,18,19,19,19,19,2531071,0.71,0.75,0.75,0.75,0.75
2024-02-25,Brandenburg,12,00+,18,19,19,19,19,2531071,0.71,0.75,0.75,0.75,0.75
2024-02-24,Brandenburg,12,00+,18,19,19,19,19,2531071,0.71,0.75,0.75,0.75,0.75
2024-02-23,Brandenburg,12,00+,22,22,22,22,22,2531071,0.87,0.87,0.87,0.87,0.87
2024-02-22,Brandenburg,12,00+,21,21,21,21,21,2531071,0.83,0.83,0.83,0.83,0.83
2024-02-21,Brandenburg,12,00+,22,23,23,23,23,2531071,0.87,0.91,0.91,0.91,0.91
2024-02-20,Brandenburg,12,00+,22,23,23,23,23,2531071,0.87,0.91,0.91,0.91,0.91
2024-02-19,Brandenburg,12,00+,29,31,31,31,31,2531071,1.15,1.22,1.22,1.22,1.22
2024-02-18,Brandenburg,12,00+,29,31,31,31,31,2531071,1.15,1.22,1.22,1.22,1.22
2024-02-17,Brandenburg,12,00+,29,31,31,31,31,2531071,1.15,1.22,1.22,1.22,1.22
2024-02-16,Brandenburg,12,00+,28,30,30,30,30,2531071,1.11,1.19,1.19,1.19,1.19
2024-02-15,Brandenburg,12,00+,28,34,34,34,34,2531071,1.11,1.34,1.34,1.34,1.34
2024-02-14,Brandenburg,12,00+,30,37,37,37,37,2531071,1.19,1.46,1.46,1.46,1.46
2024-02-13,Brandenburg,12,00+,38,46,46,46,46,2531071,1.5,1.82,1.82,1.82,1.82
2024-02-12,Brandenburg,12,00+,40,46,46,46,46,2531071,1.58,1.82,1.82,1.82,1.82
2024-02-11,Brandenburg,12,00+,40,46,46,46,46,2531071,1.58,1.82,1.82,1.82,1.82
2024-02-10,Brandenburg,12,00+,40,46,46,46,46,2531071,1.58,1.82,1.82,1.82,1.82
2024-02-09,Brandenburg,12,00+,43,50,50,50,50,2531071,1.7,1.98,1.98,1.98,1.98
2024-02-08,Brandenburg,12,00+,45,52,52,52,52,2531071,1.78,2.05,2.05,2.05,2.05
2024-02-07,Brandenburg,12,00+,33,57,57,57,57,2531071,1.3,2.25,2.25,2.25,2.25
2024-02-06,Brandenburg,12,00+,47,58,58,58,58,2531071,1.86,2.29,2.29,2.29,2.29
2024-02-05,Brandenburg,12,00+,52,55,55,55,55,2531071,2.05,2.17,2.17,2.17,2.17
2024-02-04,Brandenburg,12,00+,52,55,55,55,55,2531071,2.05,2.17,2.17,2.17,2.17
2024-02-03,Brandenburg,12,00+,52,55,55,55,55,2531071,2.05,2.17,2.17,2.17,2.17
2024-02-02,Brandenburg,12,00+,46,53,53,53,53,2531071,1.82,2.09,2.09,2.09,2.09
2024-02-01,Brandenburg,12,00+,46,56,56,56,56,2531071,1.82,2.21,2.21,2.21,2.21
2024-01-31,Brandenburg,12,00+,34,49,49,49,49,2531071,1.34,1.94,1.94,1.94,1.94
2024-01-30,Brandenburg,12,00+,40,44,44,44,44,2531071,1.58,1.74,1.74,1.74,1.74
2024-01-29,Brandenburg,12,00+,52,59,59,59,59,2531071,2.05,2.33,2.33,2.33,2.33
2024-01-28,Brandenburg,12,00+,52,59,59,59,59,2531071,2.05,2.33,2.33,2.33,2.33
2024-01-27,Brandenburg,12,00+,52,59,59,59,59,2531071,2.05,2.33,2.33,2.33,2.33
2024-01-26,Brandenburg,12,00+,47,59,59,59,59,2531071,1.86,2.33,2.33,2.33,2.33
2024-01-25,Brandenburg,12,00+,46,59,59,59,59,2531071,1.82,2.33,2.33,2.33,2.33
2024-01-24,Brandenburg,12,00+,51,63,63,63,63,2531071,2.01,2.49,2.49,2.49,2.49
2024-01-23,Brandenburg,12,00+,54,70,70,70,70,2531071,2.13,2.77,2.77,2.77,2.77
2024-01-22,Brandenburg,12,00+,58,65,65,65,65,2531071,2.29,2.57,2.57,2.57,2.57
2024-01-21,Brandenburg,12,00+,59,66,66,66,66,2531071,2.33,2.61,2.61,2.61,2.61
2024-01-20,Brandenburg,12,00+,59,66,66,66,66,2531071,2.33,2.61,2.61,2.61,2.61
2024-01-19,Brandenburg,12,00+,62,72,72,72,72,2531071,2.45,2.84,2.84,2.84,2.84
2024-01-18,Brandenburg,12,00+,69,78,78,78,78,2531071,2.73,3.08,3.08,3.08,3.08
2024-01-17,Brandenburg,12,00+,69,82,82,82,82,2531071,2.73,3.24,3.24,3.24,3.24
2024-01-16,Brandenburg,12,00+,85,97,97,97,97,2531071,3.36,3.83,3.83,3.83,3.83
2024-01-15,Brandenburg,12,00+,92,111,111,111,111,2531071,3.63,4.39,4.39,4.39,4.39
2024-01-14,Brandenburg,12,00+,92,110,110,110,110,2531071,3.63,4.35,4.35,4.35,4.35
2024-01-13,Brandenburg,12,00+,92,110,110,110,110,2531071,3.63,4.35,4.35,4.35,4.35
2024-01-12,Brandenburg,12,00+,104,129,129,129,129,2531071,4.11,5.1,5.1,5.1,5.1
2024-01-11,Brandenburg,12,00+,108,142,142,142,142,2531071,4.27,5.61,5.61,5.61,5.61
2024-01-10,Brandenburg,12,00+,130,170,170,170,170,2531071,5.14,6.72,6.72,6.72,6.72
2024-01-09,Brandenburg,12,00+,224,260,260,260,260,2531071,8.85,10.27,10.27,10.27,10.27
2024-01-08,Brandenburg,12,00+,194,226,226,226,226,2531071,7.66,8.93,8.93,8.93,8.93
2024-01-07,Brandenburg,12,00+,194,226,226,226,226,2531071,7.66,8.93,8.93,8.93,8.93
2024-01-06,Brandenburg,12,00+,196,228,228,228,228,2531071,7.74,9.01,9.01,9.01,9.01
2024-01-05,Brandenburg,12,00+,206,237,237,237,237,2531071,8.14,9.36,9.36,9.36,9.36
2024-01-04,Brandenburg,12,00+,208,252,252,252,252,2531071,8.22,9.96,9.96,9.96,9.96
2024-01-03,Brandenburg,12,00+,284,353,353,353,353,2531071,11.22,13.95,13.95,13.95,13.95
2024-01-02,Brandenburg,12,00+,196,234,234,234,234,2531071,7.74,9.25,9.25,9.25,9.25
2024-01-01,Brandenburg,12,00+,212,258,258,258,258,2531071,8.38,10.19,10.19,10.19,10.19
2023-12-31,Brandenburg,12,00+,212,260,260,260,260,2531071,8.38,10.27,10.27,10.27,10.27
2023-12-30,Brandenburg,12,00+,212,262,262,262,262,2531071,8.38,10.35,10.35,10.35,10.35
2023-12-29,Brandenburg,12,00+,214,278,278,278,278,2531071,8.45,10.98,10.98,10.98,10.98
2023-12-28,Brandenburg,12,00+,227,306,306,306,306,2531071,8.97,12.09,12.09,12.09,12.09
2023-12-27,Brandenburg,12,00+,188,259,259,259,259,2531071,7.43,10.23,10.23,10.23,10.23
2023-12-26,Brandenburg,12,00+,302,385,385,385,385,2531071,11.93,15.21,15.21,15.21,15.21
2023-12-25,Brandenburg,12,00+,487,561,561,561,561,2531071,19.24,22.16,22.16,22.16,22.16
2023-12-24,Brandenburg,12,00+,495,567,567,567,567,2531071,19.56,22.4,22.4,22.4,22.4
2023-12-23,Brandenburg,12,00+,506,576,576,576,576,2531071,19.99,22.76,22.76,22.76,22.76
2023-12-22,Brandenburg,12,00+,494,601,601,601,601,2531071,19.52,23.74,23.74,23.74,23.74
2023-12-21,Brandenburg,12,00+,527,653,653,653,653,2531071,20.82,25.8,25.8,25.8,25.8
2023-12-20,Brandenburg,12,00+,502,683,683,683,683,2531071,19.83,26.98,26.98,26.98,26.98
2023-12-19,Brandenburg,12,00+,546,713,713,713,713,2531071,21.57,28.17,28.17,28.17,28.17
2023-12-18,Brandenburg,12,00+,560,730,730,730,730,2531071,22.13,28.84,28.84,28.84,28.84
2023-12-17,Brandenburg,12,00+,560,722,722,722,722,2531071,22.13,28.53,28.53,28.53,28.53
2023-12-16,Brandenburg,12,00+,567,716,716,716,716,2531071,22.4,28.29,28.29,28.29,28.29
2023-12-15,Brandenburg,12,00+,592,748,748,748,748,2531071,23.39,29.55,29.55,29.55,29.55
2023-12-14,Brandenburg,12,00+,585,736,736,736,736,2531071,23.11,29.08,29.08,29.08,29.08
2023-12-13,Brandenburg,12,00+,583,724,724,724,724,2531071,23.03,28.6,28.6,28.6,28.6
2023-12-12,Brandenburg,12,00+,504,662,662,662,662,2531071,19.91,26.15,26.15,26.15,26.15
2023-12-11,Brandenburg,12,00+,510,636,636,636,636,2531071,20.15,25.13,25.13,25.13,25.13
2023-12-10,Brandenburg,12,00+,513,639,639,639,639,2531071,20.27,25.25,25.25,25.25,25.25
2023-12-09,Brandenburg,12,00+,513,632,632,632,632,2531071,20.27,24.97,24.97,24.97,24.97
2023-12-08,Brandenburg,12,00+,504,594,594,594,594,2531071,19.91,23.47,23.47,23.47,23.47
2023-12-07,Brandenburg,12,00+,463,571,571,571,571,2531071,18.29,22.56,22.56,22.56,22.56
2023-12-06,Brandenburg,12,00+,435,531,531,531,531,2531071,17.19,20.98,20.98,20.98,20.98
2023-12-05,Brandenburg,12,00+,402,529,529,529,529,2531071,15.88,20.9,20.9,20.9,20.9
2023-12-04,Brandenburg,12,00+,406,501,501,501,501,2531071,16.04,19.79,19.79,19.79,19.79
2023-12-03,Brandenburg,12,00+,408,500,500,500,500,2531071,16.12,19.75,19.75,19.75,19.75
2023-12-02,Brandenburg,12,00+,412,505,505,505,505,2531071,16.28,19.95,19.95,19.95,19.95
2023-12-01,Brandenburg,12,00+,432,526,526,526,526,2531071,17.07,20.78,20.78,20.78,20.78
2023-11-30,Brandenburg,12,00+,408,499,499,499,499,2531071,16.12,19.71,19.71,19.71,19.71
2023-11-29,Brandenburg,12,00+,400,503,503,503,503,2531071,15.8,19.87,19.87,19.87,19.87
2023-11-28,Brandenburg,12,00+,436,525,525,525,525,2531071,17.23,20.74,20.74,20.74,20.74
2023-11-27,Brandenburg,12,00+,427,504,504,504,504,2531071,16.87,19.91,19.91,19.91,19.91
2023-11-26,Brandenburg,12,00+,429,504,504,504,504,2531071,16.95,19.91,19.91,19.91,19.91
2023-11-25,Brandenburg,12,00+,436,506,506,506,506,2531071,17.23,19.99,19.99,19.99,19.99
2023-11-24,Brandenburg,12,00+,409,477,477,477,477,2531071,16.16,18.85,18.85,18.85,18.85
2023-11-23,Brandenburg,12,00+,426,495,495,495,495,2531071,16.83,19.56,19.56,19.56,19.56
2023-11-22,Brandenburg,12,00+,401,487,487,487,487,2531071,15.84,19.24,19.24,19.24,19.24
2023-11-21,Brandenburg,12,00+,363,449,449,449,449,2531071,14.34,17.74,17.74,17.74,17.74
2023-11-20,Brandenburg,12,00+,380,447,447,447,447,2531071,15.01,17.66,17.66,17.66,17.66
2023-11-19,Brandenburg,12,00+,381,447,447,447,447,2531071,15.05,17.66,17.66,17.66,17.66
2023-11-18,Brandenburg,12,00+,381,440,440,440,440,2531071,15.05,17.38,17.38,17.38,17.38
2023-11-17,Brandenburg,12,00+,335,418,418,418,418,2531071,13.24,16.51,16.51,16.51,16.51
2023-11-16,Brandenburg,12,00+,327,397,397,397,397,2531071,12.92,15.69,15.69,15.69,15.69
2023-11-15,Brandenburg,12,00+,318,402,402,402,402,2531071,12.56,15.88,15.88,15.88,15.88
2023-11-14,Brandenburg,12,00+,296,400,400,400,400,2531071,11.69,15.8,15.8,15.8,15.8
2023-11-13,Brandenburg,12,00+,340,397,397,397,397,2531071,13.43,15.69,15.69,15.69,15.69
2023-11-12,Brandenburg,12,00+,340,395,395,395,395,2531071,13.43,15.61,15.61,15.61,15.61
2023-11-11,Brandenburg,12,00+,345,400,400,400,400,2531071,13.63,15.8,15.8,15.8,15.8
2023-11-10,Brandenburg,12,00+,318,408,408,408,408,2531071,12.56,16.12,16.12,16.12,16.12
2023-11-09,Brandenburg,12,00+,363,441,441,441,441,2531071,14.34,17.42,17.42,17.42,17.42
2023-11-08,Brandenburg,12,00+,420,527,527,527,527,2531071,16.59,20.82,20.82,20.82,20.82
2023-11-07,Brandenburg,12,00+,348,460,460,460,460,2531071,13.75,18.17,18.17,18.17,18.17
2023-11-06,Brandenburg,12,00+,300,384,384,384,384,2531071,11.85,15.17,15.17,15.17,15.17
2023-11-05,Brandenburg,12,00+,305,389,389,389,389,2531071,12.05,15.37,15.37,15.37,15.37
2023-11-04,Brandenburg,12,00+,306,385,385,385,385,2531071,12.09,15.21,15.21,15.21,15.21
2023-11-03,Brandenburg,12,00+,266,365,365,365,365,2531071,10.51,14.42,14.42,14.42,14.42
2023-11-02,Brandenburg,12,00+,227,332,332,332,332,2531071,8.97,13.12,13.12,13.12,13.12
2023-11-01,Brandenburg,12,00+,140,244,244,244,244,2531071,5.53,9.64,9.64,9.64,9.64
2023-10-31,Brandenburg,12,00+,193,293,293,293,293,2531071,7.63,11.58,11.58,11.58,11.58
2023-10-30,Brandenburg,12,00+,247,336,336,336,336,2531071,9.76,13.28,13.28,13.28,13.28
2023-10-29,Brandenburg,12,00+,248,332,332,332,332,2531071,9.8,13.12,13.12,13.12,13.12
2023-10-28,Brandenburg,12,00+,251,334,334,334,334,2531071,9.92,13.2,13.2,13.2,13.2
2023-10-27,Brandenburg,12,00+,229,332,332,332,332,2531071,9.05,13.12,13.12,13.12,13.12
2023-10-26,Brandenburg,12,00+,225,311,311,311,311,2531071,8.89,12.29,12.29,12.29,12.29
2023-10-25,Brandenburg,12,00+,219,274,274,274,274,2531071,8.65,10.83,10.83,10.83,10.83
2023-10-24,Brandenburg,12,00+,198,258,258,258,258,2531071,7.82,10.19,10.19,10.19,10.19
2023-10-23,Brandenburg,12,00+,150,200,200,200,200,2531071,5.93,7.9,7.9,7.9,7.9
2023-10-22,Brandenburg,12,00+,152,202,202,202,202,2531071,6.01,7.98,7.98,7.98,7.98
2023-10-21,Brandenburg,12,00+,153,200,200,200,200,2531071,6.04,7.9,7.9,7.9,7.9
2023-10-20,Brandenburg,12,00+,152,196,196,196,196,2531071,6.01,7.74,7.74,7.74,7.74
2023-10-19,Brandenburg,12,00+,146,184,184,184,184,2531071,5.77,7.27,7.27,7.27,7.27
2023-10-18,Brandenburg,12,00+,92,172,172,172,172,2531071,3.63,6.8,6.8,6.8,6.8
2023-10-17,Brandenburg,12,00+,110,147,147,147,147,2531071,4.35,5.81,5.81,5.81,5.81
2023-10-16,Brandenburg,12,00+,120,150,150,150,150,2531071,4.74,5.93,5.93,5.93,5.93
2023-10-15,Brandenburg,12,00+,123,150,150,150,150,2531071,4.86,5.93,5.93,5.93,5.93
2023-10-14,Brandenburg,12,00+,123,150,150,150,150,2531071,4.86,5.93,5.93,5.93,5.93
2023-10-13,Brandenburg,12,00+,129,154,154,154,154,2531071,5.1,6.08,6.08,6.08,6.08
2023-10-12,Brandenburg,12,00+,130,150,150,150,150,2531071,5.14,5.93,5.93,5.93,5.93
2023-10-11,Brandenburg,12,00+,131,164,164,164,164,2531071,5.18,6.48,6.48,6.48,6.48
2023-10-10,Brandenburg,12,00+,104,147,147,147,147,2531071,4.11,5.81,5.81,5.81,5.81
2023-10-09,Brandenburg,12,00+,75,110,110,110,110,2531071,2.96,4.35,4.35,4.35,4.35
2023-10-08,Brandenburg,12,00+,75,107,107,107,107,2531071,2.96,4.23,4.23,4.23,4.23
2023-10-07,Brandenburg,12,00+,75,106,106,106,106,2531071,2.96,4.19,4.19,4.19,4.19
2023-10-06,Brandenburg,12,00+,68,91,91,91,91,2531071,2.69,3.6,3.6,3.6,3.6
2023-10-05,Brandenburg,12,00+,57,89,89,89,89,2531071,2.25,3.52,3.52,3.52,3.52
2023-10-04,Brandenburg,12,00+,43,65,65,65,65,2531071,1.7,2.57,2.57,2.57,2.57
2023-10-03,Brandenburg,12,00+,61,85,85,85,85,2531071,2.41,3.36,3.36,3.36,3.36
2023-10-02,Brandenburg,12,00+,81,109,109,109,109,2531071,3.2,4.31,4.31,4.31,4.31
2023-10-01,Brandenburg,12,00+,81,109,109,109,109,2531071,3.2,4.31,4.31,4.31,4.31
2023-09-30,Brandenburg,12,00+,83,111,111,111,111,2531071,3.28,4.39,4.39,4.39,4.39
2023-09-29,Brandenburg,12,00+,76,104,104,104,104,2531071,3,4.11,4.11,4.11,4.11
2023-09-28,Brandenburg,12,00+,80,97,97,97,97,2531071,3.16,3.83,3.83,3.83,3.83
2023-09-27,Brandenburg,12,00+,72,96,96,96,96,2531071,2.84,3.79,3.79,3.79,3.79
2023-09-26,Brandenburg,12,00+,72,101,101,101,101,2531071,2.84,3.99,3.99,3.99,3.99
2023-09-25,Brandenburg,12,00+,82,96,96,96,96,2531071,3.24,3.79,3.79,3.79,3.79
2023-09-24,Brandenburg,12,00+,84,98,98,98,98,2531071,3.32,3.87,3.87,3.87,3.87
2023-09-23,Brandenburg,12,00+,84,96,96,96,96,2531071,3.32,3.79,3.79,3.79,3.79
2023-09-22,Brandenburg,12,00+,84,96,96,96,96,2531071,3.32,3.79,3.79,3.79,3.79
2023-09-21,Brandenburg,12,00+,89,99,99,99,99,2531071,3.52,3.91,3.91,3.91,3.91
2023-09-20,Brandenburg,12,00+,81,100,100,100,100,2531071,3.2,3.95,3.95,3.95,3.95
2023-09-19,Brandenburg,12,00+,80,95,95,95,95,2531071,3.16,3.75,3.75,3.75,3.75
2023-09-18,Brandenburg,12,00+,64,80,80,80,80,2531071,2.53,3.16,3.16,3.16,3.16
2023-09-17,Brandenburg,12,00+,65,79,79,79,79,2531071,2.57,3.12,3.12,3.12,3.12
2023-09-16,Brandenburg,12,00+,65,79,79,79,79,2531071,2.57,3.12,3.12,3.12,3.12
2023-09-15,Brandenburg,12,00+,64,81,81,81,81,2531071,2.53,3.2,3.2,3.2,3.2
2023-09-14,Brandenburg,12,00+,66,81,81,81,81,2531071,2.61,3.2,3.2,3.2,3.2
2023-09-13,Brandenburg,12,00+,66,80,80,80,80,2531071,2.61,3.16,3.16,3.16,3.16
2023-09-12,Brandenburg,12,00+,62,72,72,72,72,2531071,2.45,2.84,2.84,2.84,2.84
2023-09-11,Brandenburg,12,00+,59,65,65,65,65,2531071,2.33,2.57,2.57,2.57,2.57
2023-09-10,Brandenburg,12,00+,59,64,64,64,64,2531071,2.33,2.53,2.53,2.53,2.53
2023-09-09,Brandenburg,12,00+,59,64,64,64,64,2531071,2.33,2.53,2.53,2.53,2.53
2023-09-08,Brandenburg,12,00+,53,62,62,62,62,2531071,2.09,2.45,2.45,2.45,2.45
2023-09-07,Brandenburg,12,00+,42,52,52,52,52,2531071,1.66,2.05,2.05,2.05,2.05
2023-09-06,Brandenburg,12,00+,35,46,46,46,46,2531071,1.38,1.82,1.82,1.82,1.82
2023-09-05,Brandenburg,12,00+,28,39,39,39,39,2531071,1.11,1.54,1.54,1.54,1.54
2023-09-04,Brandenburg,12,00+,33,39,39,39,39,2531071,1.3,1.54,1.54,1.54,1.54
2023-09-03,Brandenburg,12,00+,33,39,39,39,39,2531071,1.3,1.54,1.54,1.54,1.54
2023-09-02,Brandenburg,12,00+,33,39,39,39,39,2531071,1.3,1.54,1.54,1.54,1.54
2023-09-01,Brandenburg,12,00+,30,36,36,36,36,2531071,1.19,1.42,1.42,1.42,1.42
2023-08-31,Brandenburg,12,00+,26,36,36,36,36,2531071,1.03,1.42,1.42,1.42,1.42
2023-08-30,Brandenburg,12,00+,25,39,39,39,39,2531071,0.99,1.54,1.54,1.54,1.54
2023-08-29,Brandenburg,12,00+,28,41,41,41,41,2531071,1.11,1.62,1.62,1.62,1.62
2023-08-28,Brandenburg,12,00+,0,39,39,39,39,2531071,0,1.54,1.54,1.54,1.54
2023-08-27,Brandenburg,12,00+,0,39,39,39,39,2531071,0,1.54,1.54,1.54,1.54
2023-08-26,Brandenburg,12,00+,0,39,39,39,39,2531071,0,1.54,1.54,1.54,1.54
2023-08-25,Brandenburg,12,00+,0,34,34,34,34,2531071,0,1.34,1.34,1.34,1.34
2023-08-24,Brandenburg,12,00+,24,31,31,31,31,2531071,0.95,1.22,1.22,1.22,1.22
2023-08-23,Brandenburg,12,00+,16,22,22,22,22,2531071,0.63,0.87,0.87,0.87,0.87
2023-08-22,Brandenburg,12,00+,14,20,20,20,20,2531071,0.55,0.79,0.79,0.79,0.79
2023-08-21,Brandenburg,12,00+,25,27,27,27,27,2531071,0.99,1.07,1.07,1.07,1.07
2023-08-20,Brandenburg,12,00+,25,27,27,27,27,2531071,0.99,1.07,1.07,1.07,1.07
2023-08-19,Brandenburg,12,00+,25,27,27,27,27,2531071,0.99,1.07,1.07,1.07,1.07
2023-08-18,Brandenburg,12,00+,24,26,26,26,26,2531071,0.95,1.03,1.03,1.03,1.03
2023-08-17,Brandenburg,12,00+,22,24,24,24,24,2531071,0.87,0.95,0.95,0.95,0.95
2023-08-16,Brandenburg,12,00+,15,25,25,25,25,2531071,0.59,0.99,0.99,0.99,0.99
2023-08-15,Brandenburg,12,00+,12,21,21,21,21,2531071,0.47,0.83,0.83,0.83,0.83
2023-08-14,Brandenburg,12,00+,14,15,15,15,15,2531071,0.55,0.59,0.59,0.59,0.59
2023-08-13,Brandenburg,12,00+,15,16,16,16,16,2531071,0.59,0.63,0.63,0.63,0.63
2023-08-12,Brandenburg,12,00+,15,16,16,16,16,2531071,0.59,0.63,0.63,0.63,0.63
2023-08-11,Brandenburg,12,00+,17,18,18,18,18,2531071,0.67,0.71,0.71,0.71,0.71
2023-08-10,Brandenburg,12,00+,14,17,17,17,17,2531071,0.55,0.67,0.67,0.67,0.67
2023-08-09,Brandenburg,12,00+,14,16,16,16,16,2531071,0.55,0.63,0.63,0.63,0.63
2023-08-08,Brandenburg,12,00+,12,16,16,16,16,2531071,0.47,0.63,0.63,0.63,0.63
2023-08-07,Brandenburg,12,00+,14,15,15,15,15,2531071,0.55,0.59,0.59,0.59,0.59
2023-08-06,Brandenburg,12,00+,14,14,14,14,14,2531071,0.55,0.55,0.55,0.55,0.55
2023-08-05,Brandenburg,12,00+,14,14,14,14,14,2531071,0.55,0.55,0.55,0.55,0.55
2023-08-04,Brandenburg,12,00+,15,15,15,15,15,2531071,0.59,0.59,0.59,0.59,0.59
2023-08-03,Brandenburg,12,00+,16,17,17,17,17,2531071,0.63,0.67,0.67,0.67,0.67
2023-08-02,Brandenburg,12,00+,20,22,22,22,22,2531071,0.79,0.87,0.87,0.87,0.87
2023-08-01,Brandenburg,12,00+,16,23,23,23,23,2531071,0.63,0.91,0.91,0.91,0.91
2023-07-31,Brandenburg,12,00+,21,24,24,24,24,2531071,0.83,0.95,0.95,0.95,0.95
2023-07-30,Brandenburg,12,00+,21,24,24,24,24,2531071,0.83,0.95,0.95,0.95,0.95
2023-07-29,Brandenburg,12,00+,22,25,25,25,25,2531071,0.87,0.99,0.99,0.99,0.99
2023-07-28,Brandenburg,12,00+,23,27,27,27,27,2531071,0.91,1.07,1.07,1.07,1.07
2023-07-27,Brandenburg,12,00+,19,26,26,26,26,2531071,0.75,1.03,1.03,1.03,1.03
2023-07-26,Brandenburg,12,00+,16,22,22,22,22,2531071,0.63,0.87,0.87,0.87,0.87
2023-07-25,Brandenburg,12,00+,14,21,21,21,21,2531071,0.55,0.83,0.83,0.83,0.83
2023-07-24,Brandenburg,12,00+,10,16,16,16,16,2531071,0.4,0.63,0.63,0.63,0.63
2023-07-23,Brandenburg,12,00+,10,16,16,16,16,2531071,0.4,0.63,0.63,0.63,0.63
2023-07-22,Brandenburg,12,00+,10,15,15,15,15,2531071,0.4,0.59,0.59,0.59,0.59
2023-07-21,Brandenburg,12,00+,9,13,13,13,13,2531071,0.36,0.51,0.51,0.51,0.51
2023-07-20,Brandenburg,12,00+,9,12,12,12,12,2531071,0.36,0.47,0.47,0.47,0.47
2023-07-19,Brandenburg,12,00+,8,12,12,12,12,2531071,0.32,0.47,0.47,0.47,0.47
2023-07-18,Brandenburg,12,00+,5,11,11,11,11,2531071,0.2,0.43,0.43,0.43,0.43
2023-07-17,Brandenburg,12,00+,8,12,12,12,12,2531071,0.32,0.47,0.47,0.47,0.47
2023-07-16,Brandenburg,12,00+,8,12,12,12,12,2531071,0.32,0.47,0.47,0.47,0.47
2023-07-15,Brandenburg,12,00+,8,12,12,12,12,2531071,0.32,0.47,0.47,0.47,0.47
2023-07-14,Brandenburg,12,00+,8,10,10,10,10,2531071,0.32,0.4,0.4,0.4,0.4
2023-07-13,Brandenburg,12,00+,9,11,11,11,11,2531071,0.36,0.43,0.43,0.43,0.43
2023-07-12,Brandenburg,12,00+,13,15,15,15,15,2531071,0.51,0.59,0.59,0.59,0.59
2023-07-11,Brandenburg,12,00+,16,19,19,19,19,2531071,0.63,0.75,0.75,0.75,0.75
2023-07-10,Brandenburg,12,00+,19,21,21,21,21,2531071,0.75,0.83,0.83,0.83,0.83
2023-07-09,Brandenburg,12,00+,19,21,21,21,21,2531071,0.75,0.83,0.83,0.83,0.83
2023-07-08,Brandenburg,12,00+,19,21,21,21,21,2531071,0.75,0.83,0.83,0.83,0.83
2023-07-07,Brandenburg,12,00+,21,25,25,25,25,2531071,0.83,0.99,0.99,0.99,0.99
2023-07-06,Brandenburg,12,00+,24,29,29,29,29,2531071,0.95,1.15,1.15,1.15,1.15
2023-07-05,Brandenburg,12,00+,20,24,24,24,24,2531071,0.79,0.95,0.95,0.95,0.95
2023-07-04,Brandenburg,12,00+,18,20,20,20,20,2531071,0.71,0.79,0.79,0.79,0.79
2023-07-03,Brandenburg,12,00+,15,18,18,18,18,2531071,0.59,0.71,0.71,0.71,0.71
2023-07-02,Brandenburg,12,00+,16,19,19,19,19,2531071,0.63,0.75,0.75,0.75,0.75
2023-07-01,Brandenburg,12,00+,16,19,19,19,19,2531071,0.63,0.75,0.75,0.75,0.75
2023-06-30,Brandenburg,12,00+,13,15,15,15,15,2531071,0.51,0.59,0.59,0.59,0.59
2023-06-29,Brandenburg,12,00+,9,13,13,13,13,2531071,0.36,0.51,0.51,0.51,0.51
2023-06-28,Brandenburg,12,00+,10,13,13,13,13,2531071,0.4,0.51,0.51,0.51,0.51
2023-06-27,Brandenburg,12,00+,14,19,19,19,19,2531071,0.55,0.75,0.75,0.75,0.75
2023-06-26,Brandenburg,12,00+,21,25,25,25,25,2531071,0.83,0.99,0.99,0.99,0.99
2023-06-25,Brandenburg,12,00+,21,24,24,24,24,2531071,0.83,0.95,0.95,0.95,0.95
2023-06-24,Brandenburg,12,00+,21,24,24,24,24,2531071,0.83,0.95,0.95,0.95,0.95
2023-06-23,Brandenburg,12,00+,20,26,26,26,26,2531071,0.79,1.03,1.03,1.03,1.03
2023-06-22,Brandenburg,12,00+,23,27,27,27,27,2531071,0.91,1.07,1.07,1.07,1.07
2023-06-21,Brandenburg,12,00+,25,31,31,31,31,2531071,0.99,1.22,1.22,1.22,1.22
2023-06-20,Brandenburg,12,00+,27,32,32,32,32,2531071,1.07,1.26,1.26,1.26,1.26
2023-06-19,Brandenburg,12,00+,22,27,27,27,27,2531071,0.87,1.07,1.07,1.07,1.07
2023-06-18,Brandenburg,12,00+,22,28,28,28,28,2531071,0.87,1.11,1.11,1.11,1.11
2023-06-17,Brandenburg,12,00+,22,28,28,28,28,2531071,0.87,1.11,1.11,1.11,1.11
2023-06-16,Brandenburg,12,00+,22,28,28,28,28,2531071,0.87,1.11,1.11,1.11,1.11
2023-06-15,Brandenburg,12,00+,20,28,28,28,28,2531071,0.79,1.11,1.11,1.11,1.11
2023-06-14,Brandenburg,12,00+,32,36,36,36,36,2531071,1.26,1.42,1.42,1.42,1.42
2023-06-13,Brandenburg,12,00+,38,43,43,43,43,2531071,1.5,1.7,1.7,1.7,1.7
2023-06-12,Brandenburg,12,00+,40,51,51,51,51,2531071,1.58,2.01,2.01,2.01,2.01
2023-06-11,Brandenburg,12,00+,40,50,50,50,50,2531071,1.58,1.98,1.98,1.98,1.98
2023-06-10,Brandenburg,12,00+,40,50,50,50,50,2531071,1.58,1.98,1.98,1.98,1.98
2023-06-09,Brandenburg,12,00+,46,56,56,56,56,2531071,1.82,2.21,2.21,2.21,2.21
2023-06-08,Brandenburg,12,00+,48,61,61,61,61,2531071,1.9,2.41,2.41,2.41,2.41
2023-06-07,Brandenburg,12,00+,49,59,59,59,59,2531071,1.94,2.33,2.33,2.33,2.33
2023-06-06,Brandenburg,12,00+,44,60,60,60,60,2531071,1.74,2.37,2.37,2.37,2.37
2023-06-05,Brandenburg,12,00+,39,46,46,46,46,2531071,1.54,1.82,1.82,1.82,1.82
2023-06-04,Brandenburg,12,00+,39,46,46,46,46,2531071,1.54,1.82,1.82,1.82,1.82
2023-06-03,Brandenburg,12,00+,39,46,46,46,46,2531071,1.54,1.82,1.82,1.82,1.82
2023-06-02,Brandenburg,12,00+,33,42,42,42,42,2531071,1.3,1.66,1.66,1.66,1.66
2023-06-01,Brandenburg,12,00+,31,41,41,41,41,2531071,1.22,1.62,1.62,1.62,1.62
2023-05-31,Brandenburg,12,00+,26,34,34,34,34,2531071,1.03,1.34,1.34,1.34,1.34
2023-05-30,Brandenburg,12,00+,32,38,38,38,38,2531071,1.26,1.5,1.5,1.5,1.5
2023-05-29,Brandenburg,12,00+,67,76,76,76,76,2531071,2.65,3,3,3,3
2023-05-28,Brandenburg,12,00+,67,76,76,76,76,2531071,2.65,3,3,3,3
2023-05-27,Brandenburg,12,00+,72,81,81,81,81,2531071,2.84,3.2,3.2,3.2,3.2
2023-05-26,Brandenburg,12,00+,74,85,85,85,85,2531071,2.92,3.36,3.36,3.36,3.36
2023-05-25,Brandenburg,12,00+,64,76,76,76,76,2531071,2.53,3,3,3,3
2023-05-24,Brandenburg,12,00+,68,85,85,85,85,2531071,2.69,3.36,3.36,3.36,3.36
2023-05-23,Brandenburg,12,00+,64,76,76,76,76,2531071,2.53,3,3,3,3
2023-05-22,Brandenburg,12,00+,52,73,73,73,73,2531071,2.05,2.88,2.88,2.88,2.88
2023-05-21,Brandenburg,12,00+,53,74,74,74,74,2531071,2.09,2.92,2.92,2.92,2.92
2023-05-20,Brandenburg,12,00+,53,69,69,69,69,2531071,2.09,2.73,2.73,2.73,2.73
2023-05-19,Brandenburg,12,00+,59,79,79,79,79,2531071,2.33,3.12,3.12,3.12,3.12
2023-05-18,Brandenburg,12,00+,72,94,94,94,94,2531071,2.84,3.71,3.71,3.71,3.71
2023-05-17,Brandenburg,12,00+,70,93,93,93,93,2531071,2.77,3.67,3.67,3.67,3.67
2023-05-16,Brandenburg,12,00+,83,108,108,108,108,2531071,3.28,4.27,4.27,4.27,4.27
2023-05-15,Brandenburg,12,00+,92,105,105,105,105,2531071,3.63,4.15,4.15,4.15,4.15
2023-05-14,Brandenburg,12,00+,92,104,104,104,104,2531071,3.63,4.11,4.11,4.11,4.11
2023-05-13,Brandenburg,12,00+,92,104,104,104,104,2531071,3.63,4.11,4.11,4.11,4.11
2023-05-12,Brandenburg,12,00+,84,98,98,98,98,2531071,3.32,3.87,3.87,3.87,3.87
2023-05-11,Brandenburg,12,00+,84,103,103,103,103,2531071,3.32,4.07,4.07,4.07,4.07
2023-05-10,Brandenburg,12,00+,81,116,116,116,116,2531071,3.2,4.58,4.58,4.58,4.58
2023-05-09,Brandenburg,12,00+,112,138,138,138,138,2531071,4.43,5.45,5.45,5.45,5.45
2023-05-08,Brandenburg,12,00+,89,106,106,106,106,2531071,3.52,4.19,4.19,4.19,4.19
2023-05-07,Brandenburg,12,00+,90,107,107,107,107,2531071,3.56,4.23,4.23,4.23,4.23
2023-05-06,Brandenburg,12,00+,91,108,108,108,108,2531071,3.6,4.27,4.27,4.27,4.27
2023-05-05,Brandenburg,12,00+,89,113,113,113,113,2531071,3.52,4.46,4.46,4.46,4.46
2023-05-04,Brandenburg,12,00+,92,117,117,117,117,2531071,3.63,4.62,4.62,4.62,4.62
2023-05-03,Brandenburg,12,00+,81,126,126,126,126,2531071,3.2,4.98,4.98,4.98,4.98
2023-05-02,Brandenburg,12,00+,93,118,118,118,118,2531071,3.67,4.66,4.66,4.66,4.66
2023-05-01,Brandenburg,12,00+,135,160,160,160,160,2531071,5.33,6.32,6.32,6.32,6.32
2023-04-30,Brandenburg,12,00+,136,160,160,160,160,2531071,5.37,6.32,6.32,6.32,6.32
2023-04-29,Brandenburg,12,00+,136,159,159,159,159,2531071,5.37,6.28,6.28,6.28,6.28
2023-04-28,Brandenburg,12,00+,144,164,164,164,164,2531071,5.69,6.48,6.48,6.48,6.48
2023-04-27,Brandenburg,12,00+,143,169,169,169,169,2531071,5.65,6.68,6.68,6.68,6.68
2023-04-26,Brandenburg,12,00+,126,165,165,165,165,2531071,4.98,6.52,6.52,6.52,6.52
2023-04-25,Brandenburg,12,00+,138,169,169,169,169,2531071,5.45,6.68,6.68,6.68,6.68
2023-04-24,Brandenburg,12,00+,151,184,184,184,184,2531071,5.97,7.27,7.27,7.27,7.27
2023-04-23,Brandenburg,12,00+,151,183,183,183,183,2531071,5.97,7.23,7.23,7.23,7.23
2023-04-22,Brandenburg,12,00+,152,184,184,184,184,2531071,6.01,7.27,7.27,7.27,7.27
2023-04-21,Brandenburg,12,00+,158,193,193,193,193,2531071,6.24,7.63,7.63,7.63,7.63
2023-04-20,Brandenburg,12,00+,152,203,203,203,203,2531071,6.01,8.02,8.02,8.02,8.02
2023-04-19,Brandenburg,12,00+,174,229,229,229,229,2531071,6.87,9.05,9.05,9.05,9.05
2023-04-18,Brandenburg,12,00+,256,318,318,318,318,2531071,10.11,12.56,12.56,12.56,12.56
2023-04-17,Brandenburg,12,00+,211,262,262,262,262,2531071,8.34,10.35,10.35,10.35,10.35
2023-04-16,Brandenburg,12,00+,217,269,269,269,269,2531071,8.57,10.63,10.63,10.63,10.63
2023-04-15,Brandenburg,12,00+,220,271,271,271,271,2531071,8.69,10.71,10.71,10.71,10.71
2023-04-14,Brandenburg,12,00+,195,241,241,241,241,2531071,7.7,9.52,9.52,9.52,9.52
2023-04-13,Brandenburg,12,00+,190,243,243,243,243,2531071,7.51,9.6,9.6,9.6,9.6
2023-04-12,Brandenburg,12,00+,138,235,235,235,235,2531071,5.45,9.28,9.28,9.28,9.28
2023-04-11,Brandenburg,12,00+,98,152,152,152,152,2531071,3.87,6.01,6.01,6.01,6.01
2023-04-10,Brandenburg,12,00+,173,234,234,234,234,2531071,6.84,9.25,9.25,9.25,9.25
2023-04-09,Brandenburg,12,00+,174,228,228,228,228,2531071,6.87,9.01,9.01,9.01,9.01
2023-04-08,Brandenburg,12,00+,174,225,225,225,225,2531071,6.87,8.89,8.89,8.89,8.89
2023-04-07,Brandenburg,12,00+,213,266,266,266,266,2531071,8.42,10.51,10.51,10.51,10.51
2023-04-06,Brandenburg,12,00+,241,288,288,288,288,2531071,9.52,11.38,11.38,11.38,11.38
2023-04-05,Brandenburg,12,00+,210,278,278,278,278,2531071,8.3,10.98,10.98,10.98,10.98
2023-04-04,Brandenburg,12,00+,193,275,275,275,275,2531071,7.63,10.86,10.86,10.86,10.86
2023-04-03,Brandenburg,12,00+,238,309,309,309,309,2531071,9.4,12.21,12.21,12.21,12.21
2023-04-02,Brandenburg,12,00+,238,308,308,308,308,2531071,9.4,12.17,12.17,12.17,12.17
2023-04-01,Brandenburg,12,00+,239,309,309,309,309,2531071,9.44,12.21,12.21,12.21,12.21
2023-03-31,Brandenburg,12,00+,237,321,321,321,321,2531071,9.36,12.68,12.68,12.68,12.68
2023-03-30,Brandenburg,12,00+,228,310,310,310,310,2531071,9.01,12.25,12.25,12.25,12.25
2023-03-29,Brandenburg,12,00+,242,327,327,327,327,2531071,9.56,12.92,12.92,12.92,12.92
2023-03-28,Brandenburg,12,00+,229,344,344,344,344,2531071,9.05,13.59,13.59,13.59,13.59
2023-03-27,Brandenburg,12,00+,273,352,352,352,352,2531071,10.79,13.91,13.91,13.91,13.91
2023-03-26,Brandenburg,12,00+,278,357,357,357,357,2531071,10.98,14.1,14.1,14.1,14.1
2023-03-25,Brandenburg,12,00+,280,358,358,358,358,2531071,11.06,14.14,14.14,14.14,14.14
2023-03-24,Brandenburg,12,00+,277,354,354,354,354,2531071,10.94,13.99,13.99,13.99,13.99
2023-03-23,Brandenburg,12,00+,291,365,365,365,365,2531071,11.5,14.42,14.42,14.42,14.42
2023-03-22,Brandenburg,12,00+,308,388,388,388,388,2531071,12.17,15.33,15.33,15.33,15.33
2023-03-21,Brandenburg,12,00+,309,402,402,402,402,2531071,12.21,15.88,15.88,15.88,15.88
2023-03-20,Brandenburg,12,00+,306,394,394,394,394,2531071,12.09,15.57,15.57,15.57,15.57
2023-03-19,Brandenburg,12,00+,306,389,389,389,389,2531071,12.09,15.37,15.37,15.37,15.37
2023-03-18,Brandenburg,12,00+,306,387,387,387,387,2531071,12.09,15.29,15.29,15.29,15.29
2023-03-17,Brandenburg,12,00+,280,382,382,382,382,2531071,11.06,15.09,15.09,15.09,15.09
2023-03-16,Brandenburg,12,00+,280,375,375,375,375,2531071,11.06,14.82,14.82,14.82,14.82
2023-03-15,Brandenburg,12,00+,226,345,345,345,345,2531071,8.93,13.63,13.63,13.63,13.63
2023-03-14,Brandenburg,12,00+,230,333,333,333,333,2531071,9.09,13.16,13.16,13.16,13.16
2023-03-13,Brandenburg,12,00+,234,295,295,295,295,2531071,9.25,11.66,11.66,11.66,11.66
2023-03-12,Brandenburg,12,00+,234,295,295,295,295,2531071,9.25,11.66,11.66,11.66,11.66
2023-03-11,Brandenburg,12,00+,238,300,300,300,300,2531071,9.4,11.85,11.85,11.85,11.85
2023-03-10,Brandenburg,12,00+,206,276,276,276,276,2531071,8.14,10.9,10.9,10.9,10.9
2023-03-09,Brandenburg,12,00+,190,250,250,250,250,2531071,7.51,9.88,9.88,9.88,9.88
2023-03-08,Brandenburg,12,00+,167,235,235,235,235,2531071,6.6,9.28,9.28,9.28,9.28
2023-03-07,Brandenburg,12,00+,151,226,226,226,226,2531071,5.97,8.93,8.93,8.93,8.93
2023-03-06,Brandenburg,12,00+,193,235,235,235,235,2531071,7.63,9.28,9.28,9.28,9.28
2023-03-05,Brandenburg,12,00+,195,238,238,238,238,2531071,7.7,9.4,9.4,9.4,9.4
2023-03-04,Brandenburg,12,00+,196,235,235,235,235,2531071,7.74,9.28,9.28,9.28,9.28
2023-03-03,Brandenburg,12,00+,193,245,245,245,245,2531071,7.63,9.68,9.68,9.68,9.68
2023-03-02,Brandenburg,12,00+,192,255,255,255,255,2531071,7.59,10.07,10.07,10.07,10.07
2023-03-01,Brandenburg,12,00+,177,245,245,245,245,2531071,6.99,9.68,9.68,9.68,9.68
2023-02-28,Brandenburg,12,00+,155,233,233,233,233,2531071,6.12,9.21,9.21,9.21,9.21
2023-02-27,Brandenburg,12,00+,141,196,196,196,196,2531071,5.57,7.74,7.74,7.74,7.74
2023-02-26,Brandenburg,12,00+,144,199,199,199,199,2531071,5.69,7.86,7.86,7.86,7.86
2023-02-25,Brandenburg,12,00+,147,200,200,200,200,2531071,5.81,7.9,7.9,7.9,7.9
2023-02-24,Brandenburg,12,00+,128,192,192,192,192,2531071,5.06,7.59,7.59,7.59,7.59
2023-02-23,Brandenburg,12,00+,142,219,219,219,219,2531071,5.61,8.65,8.65,8.65,8.65
2023-02-22,Brandenburg,12,00+,159,248,248,248,248,2531071,6.28,9.8,9.8,9.8,9.8
2023-02-21,Brandenburg,12,00+,154,241,241,241,241,2531071,6.08,9.52,9.52,9.52,9.52
2023-02-20,Brandenburg,12,00+,177,265,265,265,265,2531071,6.99,10.47,10.47,10.47,10.47
2023-02-19,Brandenburg,12,00+,179,263,263,263,263,2531071,7.07,10.39,10.39,10.39,10.39
2023-02-18,Brandenburg,12,00+,180,262,262,262,262,2531071,7.11,10.35,10.35,10.35,10.35
2023-02-17,Brandenburg,12,00+,166,266,266,266,266,2531071,6.56,10.51,10.51,10.51,10.51
2023-02-16,Brandenburg,12,00+,164,234,234,234,234,2531071,6.48,9.25,9.25,9.25,9.25
2023-02-15,Brandenburg,12,00+,139,204,204,204,204,2531071,5.49,8.06,8.06,8.06,8.06
2023-02-14,Brandenburg,12,00+,136,198,198,198,198,2531071,5.37,7.82,7.82,7.82,7.82
2023-02-13,Brandenburg,12,00+,138,174,174,174,174,2531071,5.45,6.87,6.87,6.87,6.87
2023-02-12,Brandenburg,12,00+,138,170,170,170,170,2531071,5.45,6.72,6.72,6.72,6.72
2023-02-11,Brandenburg,12,00+,138,169,169,169,169,2531071,5.45,6.68,6.68,6.68,6.68
2023-02-10,Brandenburg,12,00+,134,168,168,168,168,2531071,5.29,6.64,6.64,6.64,6.64
2023-02-09,Brandenburg,12,00+,124,163,163,163,163,2531071,4.9,6.44,6.44,6.44,6.44
2023-02-08,Brandenburg,12,00+,118,175,175,175,175,2531071,4.66,6.91,6.91,6.91,6.91
2023-02-07,Brandenburg,12,00+,110,170,170,170,170,2531071,4.35,6.72,6.72,6.72,6.72
2023-02-06,Brandenburg,12,00+,135,179,179,179,179,2531071,5.33,7.07,7.07,7.07,7.07
2023-02-05,Brandenburg,12,00+,135,179,179,179,179,2531071,5.33,7.07,7.07,7.07,7.07
2023-02-04,Brandenburg,12,00+,135,178,178,178,178,2531071,5.33,7.03,7.03,7.03,7.03
2023-02-03,Brandenburg,12,00+,127,171,171,171,171,2531071,5.02,6.76,6.76,6.76,6.76
2023-02-02,Brandenburg,12,00+,131,171,171,171,171,2531071,5.18,6.76,6.76,6.76,6.76
2023-02-01,Brandenburg,12,00+,137,164,164,164,164,2531071,5.41,6.48,6.48,6.48,6.48
2023-01-31,Brandenburg,12,00+,142,175,175,175,175,2531071,5.61,6.91,6.91,6.91,6.91
2023-01-30,Brandenburg,12,00+,133,156,156,156,156,2531071,5.25,6.16,6.16,6.16,6.16
2023-01-29,Brandenburg,12,00+,133,157,157,157,157,2531071,5.25,6.2,6.2,6.2,6.2
2023-01-28,Brandenburg,12,00+,134,158,158,158,158,2531071,5.29,6.24,6.24,6.24,6.24
2023-01-27,Brandenburg,12,00+,138,163,163,163,163,2531071,5.45,6.44,6.44,6.44,6.44
2023-01-26,Brandenburg,12,00+,126,155,155,155,155,2531071,4.98,6.12,6.12,6.12,6.12
2023-01-25,Brandenburg,12,00+,128,158,158,158,158,2531071,5.06,6.24,6.24,6.24,6.24
2023-01-24,Brandenburg,12,00+,114,163,163,163,163,2531071,4.5,6.44,6.44,6.44,6.44
2023-01-23,Brandenburg,12,00+,153,195,195,195,195,2531071,6.04,7.7,7.7,7.7,7.7
2023-01-22,Brandenburg,12,00+,156,197,197,197,197,2531071,6.16,7.78,7.78,7.78,7.78
2023-01-21,Brandenburg,12,00+,157,198,198,198,198,2531071,6.2,7.82,7.82,7.82,7.82
2023-01-20,Brandenburg,12,00+,153,201,201,201,201,2531071,6.04,7.94,7.94,7.94,7.94
2023-01-19,Brandenburg,12,00+,172,225,225,225,225,2531071,6.8,8.89,8.89,8.89,8.89
2023-01-18,Brandenburg,12,00+,182,237,237,237,237,2531071,7.19,9.36,9.36,9.36,9.36
2023-01-17,Brandenburg,12,00+,190,252,252,252,252,2531071,7.51,9.96,9.96,9.96,9.96
2023-01-16,Brandenburg,12,00+,210,263,263,263,263,2531071,8.3,10.39,10.39,10.39,10.39
2023-01-15,Brandenburg,12,00+,211,261,261,261,261,2531071,8.34,10.31,10.31,10.31,10.31
2023-01-14,Brandenburg,12,00+,214,263,263,263,263,2531071,8.45,10.39,10.39,10.39,10.39
2023-01-13,Brandenburg,12,00+,231,284,284,284,284,2531071,9.13,11.22,11.22,11.22,11.22
2023-01-12,Brandenburg,12,00+,246,313,313,313,313,2531071,9.72,12.37,12.37,12.37,12.37
2023-01-11,Brandenburg,12,00+,258,340,340,340,340,2531071,10.19,13.43,13.43,13.43,13.43
2023-01-10,Brandenburg,12,00+,308,394,394,394,394,2531071,12.17,15.57,15.57,15.57,15.57
2023-01-09,Brandenburg,12,00+,322,435,435,435,435,2531071,12.72,17.19,17.19,17.19,17.19
2023-01-08,Brandenburg,12,00+,330,444,444,444,444,2531071,13.04,17.54,17.54,17.54,17.54
2023-01-07,Brandenburg,12,00+,333,0,0,0,0,2531071,13.16,0,0,0,0
2023-01-06,Brandenburg,12,00+,312,0,0,0,0,2531071,12.33,0,0,0,0
2023-01-05,Brandenburg,12,00+,301,0,0,0,0,2531071,11.89,0,0,0,0
2023-01-04,Brandenburg,12,00+,332,0,0,0,0,2531071,13.12,0,0,0,0
2023-01-03,Brandenburg,12,00+,410,0,0,0,0,2531071,16.2,0,0,0,0
2023-01-02,Brandenburg,12,00+,313,0,0,0,0,2531071,12.37,0,0,0,0
2024-04-19,Mecklenburg-Vorpommern,13,00+,0,0,NA,NA,NA,1610774,0,0,NA,NA,NA
2024-04-18,Mecklenburg-Vorpommern,13,00+,0,0,NA,NA,NA,1610774,0,0,NA,NA,NA
2024-04-17,Mecklenburg-Vorpommern,13,00+,1,1,NA,NA,NA,1610774,0.06,0.06,NA,NA,NA
2024-04-16,Mecklenburg-Vorpommern,13,00+,4,4,4,4,5,1610774,0.25,0.25,0.29,0.25,0.36
2024-04-15,Mecklenburg-Vorpommern,13,00+,4,4,4,4,5,1610774,0.25,0.25,0.29,0.25,0.36
2024-04-14,Mecklenburg-Vorpommern,13,00+,4,4,4,4,5,1610774,0.25,0.25,0.29,0.25,0.36
2024-04-13,Mecklenburg-Vorpommern,13,00+,4,4,4,4,5,1610774,0.25,0.25,0.29,0.25,0.36
2024-04-12,Mecklenburg-Vorpommern,13,00+,7,7,7,7,9,1610774,0.43,0.43,0.49,0.44,0.6
2024-04-11,Mecklenburg-Vorpommern,13,00+,7,9,9,9,12,1610774,0.43,0.56,0.62,0.57,0.75
2024-04-10,Mecklenburg-Vorpommern,13,00+,5,8,8,8,10,1610774,0.31,0.5,0.55,0.5,0.65
2024-04-09,Mecklenburg-Vorpommern,13,00+,6,6,6,6,7,1610774,0.37,0.37,0.4,0.38,0.46
2024-04-08,Mecklenburg-Vorpommern,13,00+,2,6,6,6,7,1610774,0.12,0.37,0.4,0.38,0.46
2024-04-07,Mecklenburg-Vorpommern,13,00+,2,7,7,7,8,1610774,0.12,0.43,0.47,0.44,0.53
2024-04-06,Mecklenburg-Vorpommern,13,00+,2,7,7,7,8,1610774,0.12,0.43,0.47,0.44,0.53
2024-04-05,Mecklenburg-Vorpommern,13,00+,1,4,4,4,4,1610774,0.06,0.25,0.26,0.25,0.3
2024-04-04,Mecklenburg-Vorpommern,13,00+,1,2,2,2,2,1610774,0.06,0.12,0.13,0.12,0.15
2024-04-03,Mecklenburg-Vorpommern,13,00+,0,4,4,4,4,1610774,0,0.25,0.26,0.25,0.28
2024-04-02,Mecklenburg-Vorpommern,13,00+,0,5,5,5,5,1610774,0,0.31,0.32,0.31,0.34
2024-04-01,Mecklenburg-Vorpommern,13,00+,0,5,5,5,5,1610774,0,0.31,0.32,0.31,0.34
2024-03-31,Mecklenburg-Vorpommern,13,00+,0,4,4,4,4,1610774,0,0.25,0.25,0.25,0.27
2024-03-30,Mecklenburg-Vorpommern,13,00+,0,4,4,4,4,1610774,0,0.25,0.25,0.25,0.27
2024-03-29,Mecklenburg-Vorpommern,13,00+,2,6,6,6,6,1610774,0.12,0.37,0.38,0.37,0.4
2024-03-28,Mecklenburg-Vorpommern,13,00+,2,6,6,6,6,1610774,0.12,0.37,0.38,0.37,0.4
2024-03-27,Mecklenburg-Vorpommern,13,00+,5,7,7,7,7,1610774,0.31,0.43,0.44,0.44,0.45
2024-03-26,Mecklenburg-Vorpommern,13,00+,8,8,8,8,8,1610774,0.5,0.5,0.5,0.5,0.51
2024-03-25,Mecklenburg-Vorpommern,13,00+,5,9,9,9,9,1610774,0.31,0.56,0.56,0.56,0.57
2024-03-24,Mecklenburg-Vorpommern,13,00+,5,9,9,9,9,1610774,0.31,0.56,0.56,0.56,0.57
2024-03-23,Mecklenburg-Vorpommern,13,00+,5,9,9,9,9,1610774,0.31,0.56,0.56,0.56,0.57
2024-03-22,Mecklenburg-Vorpommern,13,00+,4,9,9,9,9,1610774,0.25,0.56,0.56,0.56,0.57
2024-03-21,Mecklenburg-Vorpommern,13,00+,5,10,10,10,10,1610774,0.31,0.62,0.62,0.62,0.63
2024-03-20,Mecklenburg-Vorpommern,13,00+,3,7,7,7,7,1610774,0.19,0.43,0.44,0.43,0.44
2024-03-19,Mecklenburg-Vorpommern,13,00+,3,5,5,5,5,1610774,0.19,0.31,0.31,0.31,0.31
2024-03-18,Mecklenburg-Vorpommern,13,00+,4,6,6,6,6,1610774,0.25,0.37,0.37,0.37,0.37
2024-03-17,Mecklenburg-Vorpommern,13,00+,4,6,6,6,6,1610774,0.25,0.37,0.37,0.37,0.37
2024-03-16,Mecklenburg-Vorpommern,13,00+,4,6,6,6,6,1610774,0.25,0.37,0.37,0.37,0.37
2024-03-15,Mecklenburg-Vorpommern,13,00+,3,4,4,4,4,1610774,0.19,0.25,0.25,0.25,0.25
2024-03-14,Mecklenburg-Vorpommern,13,00+,2,4,4,4,4,1610774,0.12,0.25,0.25,0.25,0.25
2024-03-13,Mecklenburg-Vorpommern,13,00+,3,6,6,6,6,1610774,0.19,0.37,0.37,0.37,0.37
2024-03-12,Mecklenburg-Vorpommern,13,00+,2,6,6,6,6,1610774,0.12,0.37,0.37,0.37,0.37
2024-03-11,Mecklenburg-Vorpommern,13,00+,4,8,8,8,8,1610774,0.25,0.5,0.5,0.5,0.5
2024-03-10,Mecklenburg-Vorpommern,13,00+,4,8,8,8,8,1610774,0.25,0.5,0.5,0.5,0.5
2024-03-09,Mecklenburg-Vorpommern,13,00+,4,8,8,8,8,1610774,0.25,0.5,0.5,0.5,0.5
2024-03-08,Mecklenburg-Vorpommern,13,00+,5,9,9,9,9,1610774,0.31,0.56,0.56,0.56,0.56
2024-03-07,Mecklenburg-Vorpommern,13,00+,6,12,12,12,12,1610774,0.37,0.74,0.74,0.74,0.74
2024-03-06,Mecklenburg-Vorpommern,13,00+,10,15,15,15,15,1610774,0.62,0.93,0.93,0.93,0.93
2024-03-05,Mecklenburg-Vorpommern,13,00+,10,14,14,14,14,1610774,0.62,0.87,0.87,0.87,0.87
2024-03-04,Mecklenburg-Vorpommern,13,00+,13,16,16,16,16,1610774,0.81,0.99,0.99,0.99,0.99
2024-03-03,Mecklenburg-Vorpommern,13,00+,13,16,16,16,16,1610774,0.81,0.99,0.99,0.99,0.99
2024-03-02,Mecklenburg-Vorpommern,13,00+,13,16,16,16,16,1610774,0.81,0.99,0.99,0.99,0.99
2024-03-01,Mecklenburg-Vorpommern,13,00+,14,16,16,16,16,1610774,0.87,0.99,0.99,0.99,0.99
2024-02-29,Mecklenburg-Vorpommern,13,00+,6,14,14,14,14,1610774,0.37,0.87,0.87,0.87,0.87
2024-02-28,Mecklenburg-Vorpommern,13,00+,9,13,13,13,13,1610774,0.56,0.81,0.81,0.81,0.81
2024-02-27,Mecklenburg-Vorpommern,13,00+,9,18,18,18,18,1610774,0.56,1.12,1.12,1.12,1.12
2024-02-26,Mecklenburg-Vorpommern,13,00+,18,21,21,21,21,1610774,1.12,1.3,1.3,1.3,1.3
2024-02-25,Mecklenburg-Vorpommern,13,00+,18,21,21,21,21,1610774,1.12,1.3,1.3,1.3,1.3
2024-02-24,Mecklenburg-Vorpommern,13,00+,18,21,21,21,21,1610774,1.12,1.3,1.3,1.3,1.3
2024-02-23,Mecklenburg-Vorpommern,13,00+,21,23,23,23,23,1610774,1.3,1.43,1.43,1.43,1.43
2024-02-22,Mecklenburg-Vorpommern,13,00+,19,24,24,24,24,1610774,1.18,1.49,1.49,1.49,1.49
2024-02-21,Mecklenburg-Vorpommern,13,00+,13,22,22,22,22,1610774,0.81,1.37,1.37,1.37,1.37
2024-02-20,Mecklenburg-Vorpommern,13,00+,7,20,20,20,20,1610774,0.43,1.24,1.24,1.24,1.24
2024-02-19,Mecklenburg-Vorpommern,13,00+,8,14,14,14,14,1610774,0.5,0.87,0.87,0.87,0.87
2024-02-18,Mecklenburg-Vorpommern,13,00+,8,14,14,14,14,1610774,0.5,0.87,0.87,0.87,0.87
2024-02-17,Mecklenburg-Vorpommern,13,00+,8,15,15,15,15,1610774,0.5,0.93,0.93,0.93,0.93
2024-02-16,Mecklenburg-Vorpommern,13,00+,8,13,13,13,13,1610774,0.5,0.81,0.81,0.81,0.81
2024-02-15,Mecklenburg-Vorpommern,13,00+,9,13,13,13,13,1610774,0.56,0.81,0.81,0.81,0.81
2024-02-14,Mecklenburg-Vorpommern,13,00+,10,14,14,14,14,1610774,0.62,0.87,0.87,0.87,0.87
2024-02-13,Mecklenburg-Vorpommern,13,00+,9,13,13,13,13,1610774,0.56,0.81,0.81,0.81,0.81
2024-02-12,Mecklenburg-Vorpommern,13,00+,21,24,24,24,24,1610774,1.3,1.49,1.49,1.49,1.49
2024-02-11,Mecklenburg-Vorpommern,13,00+,21,24,24,24,24,1610774,1.3,1.49,1.49,1.49,1.49
2024-02-10,Mecklenburg-Vorpommern,13,00+,21,23,23,23,23,1610774,1.3,1.43,1.43,1.43,1.43
2024-02-09,Mecklenburg-Vorpommern,13,00+,18,23,23,23,23,1610774,1.12,1.43,1.43,1.43,1.43
2024-02-08,Mecklenburg-Vorpommern,13,00+,22,25,25,25,25,1610774,1.37,1.55,1.55,1.55,1.55
2024-02-07,Mecklenburg-Vorpommern,13,00+,20,26,26,26,26,1610774,1.24,1.61,1.61,1.61,1.61
2024-02-06,Mecklenburg-Vorpommern,13,00+,14,28,28,28,28,1610774,0.87,1.74,1.74,1.74,1.74
2024-02-05,Mecklenburg-Vorpommern,13,00+,27,28,28,28,28,1610774,1.68,1.74,1.74,1.74,1.74
2024-02-04,Mecklenburg-Vorpommern,13,00+,27,28,28,28,28,1610774,1.68,1.74,1.74,1.74,1.74
2024-02-03,Mecklenburg-Vorpommern,13,00+,27,28,28,28,28,1610774,1.68,1.74,1.74,1.74,1.74
2024-02-02,Mecklenburg-Vorpommern,13,00+,25,34,34,34,34,1610774,1.55,2.11,2.11,2.11,2.11
2024-02-01,Mecklenburg-Vorpommern,13,00+,22,34,34,34,34,1610774,1.37,2.11,2.11,2.11,2.11
2024-01-31,Mecklenburg-Vorpommern,13,00+,21,39,39,39,39,1610774,1.3,2.42,2.42,2.42,2.42
2024-01-30,Mecklenburg-Vorpommern,13,00+,24,45,45,45,45,1610774,1.49,2.79,2.79,2.79,2.79
2024-01-29,Mecklenburg-Vorpommern,13,00+,34,46,46,46,46,1610774,2.11,2.86,2.86,2.86,2.86
2024-01-28,Mecklenburg-Vorpommern,13,00+,34,46,46,46,46,1610774,2.11,2.86,2.86,2.86,2.86
2024-01-27,Mecklenburg-Vorpommern,13,00+,34,46,46,46,46,1610774,2.11,2.86,2.86,2.86,2.86
2024-01-26,Mecklenburg-Vorpommern,13,00+,39,53,53,53,53,1610774,2.42,3.29,3.29,3.29,3.29
2024-01-25,Mecklenburg-Vorpommern,13,00+,41,55,55,55,55,1610774,2.55,3.41,3.41,3.41,3.41
2024-01-24,Mecklenburg-Vorpommern,13,00+,42,56,56,56,56,1610774,2.61,3.48,3.48,3.48,3.48
2024-01-23,Mecklenburg-Vorpommern,13,00+,38,58,58,58,58,1610774,2.36,3.6,3.6,3.6,3.6
2024-01-22,Mecklenburg-Vorpommern,13,00+,42,64,64,64,64,1610774,2.61,3.97,3.97,3.97,3.97
2024-01-21,Mecklenburg-Vorpommern,13,00+,42,64,64,64,64,1610774,2.61,3.97,3.97,3.97,3.97
2024-01-20,Mecklenburg-Vorpommern,13,00+,42,64,64,64,64,1610774,2.61,3.97,3.97,3.97,3.97
2024-01-19,Mecklenburg-Vorpommern,13,00+,46,61,61,61,61,1610774,2.86,3.79,3.79,3.79,3.79
2024-01-18,Mecklenburg-Vorpommern,13,00+,47,69,69,69,69,1610774,2.92,4.28,4.28,4.28,4.28
2024-01-17,Mecklenburg-Vorpommern,13,00+,56,78,78,78,78,1610774,3.48,4.84,4.84,4.84,4.84
2024-01-16,Mecklenburg-Vorpommern,13,00+,64,94,94,94,94,1610774,3.97,5.84,5.84,5.84,5.84
2024-01-15,Mecklenburg-Vorpommern,13,00+,99,124,124,124,124,1610774,6.15,7.7,7.7,7.7,7.7
2024-01-14,Mecklenburg-Vorpommern,13,00+,101,126,126,126,126,1610774,6.27,7.82,7.82,7.82,7.82
2024-01-13,Mecklenburg-Vorpommern,13,00+,103,128,128,128,128,1610774,6.39,7.95,7.95,7.95,7.95
2024-01-12,Mecklenburg-Vorpommern,13,00+,106,138,138,138,138,1610774,6.58,8.57,8.57,8.57,8.57
2024-01-11,Mecklenburg-Vorpommern,13,00+,97,141,141,141,141,1610774,6.02,8.75,8.75,8.75,8.75
2024-01-10,Mecklenburg-Vorpommern,13,00+,107,154,154,154,154,1610774,6.64,9.56,9.56,9.56,9.56
2024-01-09,Mecklenburg-Vorpommern,13,00+,170,248,248,248,248,1610774,10.55,15.4,15.4,15.4,15.4
2024-01-08,Mecklenburg-Vorpommern,13,00+,153,197,197,197,197,1610774,9.5,12.23,12.23,12.23,12.23
2024-01-07,Mecklenburg-Vorpommern,13,00+,153,199,199,199,199,1610774,9.5,12.35,12.35,12.35,12.35
2024-01-06,Mecklenburg-Vorpommern,13,00+,158,203,203,203,203,1610774,9.81,12.6,12.6,12.6,12.6
2024-01-05,Mecklenburg-Vorpommern,13,00+,168,226,226,226,226,1610774,10.43,14.03,14.03,14.03,14.03
2024-01-04,Mecklenburg-Vorpommern,13,00+,159,253,253,253,253,1610774,9.87,15.71,15.71,15.71,15.71
2024-01-03,Mecklenburg-Vorpommern,13,00+,135,296,296,296,296,1610774,8.38,18.38,18.38,18.38,18.38
2024-01-02,Mecklenburg-Vorpommern,13,00+,101,179,179,179,179,1610774,6.27,11.11,11.11,11.11,11.11
2024-01-01,Mecklenburg-Vorpommern,13,00+,107,188,188,188,188,1610774,6.64,11.67,11.67,11.67,11.67
2023-12-31,Mecklenburg-Vorpommern,13,00+,109,186,186,186,186,1610774,6.77,11.55,11.55,11.55,11.55
2023-12-30,Mecklenburg-Vorpommern,13,00+,112,183,183,183,183,1610774,6.95,11.36,11.36,11.36,11.36
2023-12-29,Mecklenburg-Vorpommern,13,00+,99,181,181,181,181,1610774,6.15,11.24,11.24,11.24,11.24
2023-12-28,Mecklenburg-Vorpommern,13,00+,71,187,187,187,187,1610774,4.41,11.61,11.61,11.61,11.61
2023-12-27,Mecklenburg-Vorpommern,13,00+,101,181,181,181,181,1610774,6.27,11.24,11.24,11.24,11.24
2023-12-26,Mecklenburg-Vorpommern,13,00+,167,250,250,250,250,1610774,10.37,15.52,15.52,15.52,15.52
2023-12-25,Mecklenburg-Vorpommern,13,00+,330,410,410,410,410,1610774,20.49,25.45,25.45,25.45,25.45
2023-12-24,Mecklenburg-Vorpommern,13,00+,336,414,414,414,414,1610774,20.86,25.7,25.7,25.7,25.7
2023-12-23,Mecklenburg-Vorpommern,13,00+,339,414,414,414,414,1610774,21.05,25.7,25.7,25.7,25.7
2023-12-22,Mecklenburg-Vorpommern,13,00+,335,437,437,437,437,1610774,20.8,27.13,27.13,27.13,27.13
2023-12-21,Mecklenburg-Vorpommern,13,00+,357,482,482,482,482,1610774,22.16,29.92,29.92,29.92,29.92
2023-12-20,Mecklenburg-Vorpommern,13,00+,323,459,459,459,459,1610774,20.05,28.5,28.5,28.5,28.5
2023-12-19,Mecklenburg-Vorpommern,13,00+,249,475,475,475,475,1610774,15.46,29.49,29.49,29.49,29.49
2023-12-18,Mecklenburg-Vorpommern,13,00+,313,438,438,438,438,1610774,19.43,27.19,27.19,27.19,27.19
2023-12-17,Mecklenburg-Vorpommern,13,00+,314,434,434,434,434,1610774,19.49,26.94,26.94,26.94,26.94
2023-12-16,Mecklenburg-Vorpommern,13,00+,317,434,434,434,434,1610774,19.68,26.94,26.94,26.94,26.94
2023-12-15,Mecklenburg-Vorpommern,13,00+,297,438,438,438,438,1610774,18.44,27.19,27.19,27.19,27.19
2023-12-14,Mecklenburg-Vorpommern,13,00+,315,409,409,409,409,1610774,19.56,25.39,25.39,25.39,25.39
2023-12-13,Mecklenburg-Vorpommern,13,00+,281,420,420,420,420,1610774,17.45,26.07,26.07,26.07,26.07
2023-12-12,Mecklenburg-Vorpommern,13,00+,239,426,426,426,426,1610774,14.84,26.45,26.45,26.45,26.45
2023-12-11,Mecklenburg-Vorpommern,13,00+,282,393,393,393,393,1610774,17.51,24.4,24.4,24.4,24.4
2023-12-10,Mecklenburg-Vorpommern,13,00+,284,393,393,393,393,1610774,17.63,24.4,24.4,24.4,24.4
2023-12-09,Mecklenburg-Vorpommern,13,00+,285,392,392,392,392,1610774,17.69,24.34,24.34,24.34,24.34
2023-12-08,Mecklenburg-Vorpommern,13,00+,252,355,355,355,355,1610774,15.64,22.04,22.04,22.04,22.04
2023-12-07,Mecklenburg-Vorpommern,13,00+,241,353,353,353,353,1610774,14.96,21.91,21.91,21.91,21.91
2023-12-06,Mecklenburg-Vorpommern,13,00+,202,350,350,350,350,1610774,12.54,21.73,21.73,21.73,21.73
2023-12-05,Mecklenburg-Vorpommern,13,00+,181,321,321,321,321,1610774,11.24,19.93,19.93,19.93,19.93
2023-12-04,Mecklenburg-Vorpommern,13,00+,237,317,317,317,317,1610774,14.71,19.68,19.68,19.68,19.68
2023-12-03,Mecklenburg-Vorpommern,13,00+,239,317,317,317,317,1610774,14.84,19.68,19.68,19.68,19.68
2023-12-02,Mecklenburg-Vorpommern,13,00+,244,322,322,322,322,1610774,15.15,19.99,19.99,19.99,19.99
2023-12-01,Mecklenburg-Vorpommern,13,00+,228,347,347,347,347,1610774,14.15,21.54,21.54,21.54,21.54
2023-11-30,Mecklenburg-Vorpommern,13,00+,233,330,330,330,330,1610774,14.47,20.49,20.49,20.49,20.49
2023-11-29,Mecklenburg-Vorpommern,13,00+,217,335,335,335,335,1610774,13.47,20.8,20.8,20.8,20.8
2023-11-28,Mecklenburg-Vorpommern,13,00+,194,317,317,317,317,1610774,12.04,19.68,19.68,19.68,19.68
2023-11-27,Mecklenburg-Vorpommern,13,00+,29,337,337,337,337,1610774,1.8,20.92,20.92,20.92,20.92
2023-11-26,Mecklenburg-Vorpommern,13,00+,30,338,338,338,338,1610774,1.86,20.98,20.98,20.98,20.98
2023-11-25,Mecklenburg-Vorpommern,13,00+,32,335,335,335,335,1610774,1.99,20.8,20.8,20.8,20.8
2023-11-24,Mecklenburg-Vorpommern,13,00+,74,331,331,331,331,1610774,4.59,20.55,20.55,20.55,20.55
2023-11-23,Mecklenburg-Vorpommern,13,00+,131,348,348,348,348,1610774,8.13,21.6,21.6,21.6,21.6
2023-11-22,Mecklenburg-Vorpommern,13,00+,187,347,347,347,347,1610774,11.61,21.54,21.54,21.54,21.54
2023-11-21,Mecklenburg-Vorpommern,13,00+,218,367,367,367,367,1610774,13.53,22.78,22.78,22.78,22.78
2023-11-20,Mecklenburg-Vorpommern,13,00+,249,345,345,345,345,1610774,15.46,21.42,21.42,21.42,21.42
2023-11-19,Mecklenburg-Vorpommern,13,00+,256,349,349,349,349,1610774,15.89,21.67,21.67,21.67,21.67
2023-11-18,Mecklenburg-Vorpommern,13,00+,259,348,348,348,348,1610774,16.08,21.6,21.6,21.6,21.6
2023-11-17,Mecklenburg-Vorpommern,13,00+,244,343,343,343,343,1610774,15.15,21.29,21.29,21.29,21.29
2023-11-16,Mecklenburg-Vorpommern,13,00+,242,342,342,342,342,1610774,15.02,21.23,21.23,21.23,21.23
2023-11-15,Mecklenburg-Vorpommern,13,00+,228,358,358,358,358,1610774,14.15,22.23,22.23,22.23,22.23
2023-11-14,Mecklenburg-Vorpommern,13,00+,197,349,349,349,349,1610774,12.23,21.67,21.67,21.67,21.67
2023-11-13,Mecklenburg-Vorpommern,13,00+,286,391,391,391,391,1610774,17.76,24.27,24.27,24.27,24.27
2023-11-12,Mecklenburg-Vorpommern,13,00+,291,389,389,389,389,1610774,18.07,24.15,24.15,24.15,24.15
2023-11-11,Mecklenburg-Vorpommern,13,00+,294,390,390,390,390,1610774,18.25,24.21,24.21,24.21,24.21
2023-11-10,Mecklenburg-Vorpommern,13,00+,264,389,389,389,389,1610774,16.39,24.15,24.15,24.15,24.15
2023-11-09,Mecklenburg-Vorpommern,13,00+,265,398,398,398,398,1610774,16.45,24.71,24.71,24.71,24.71
2023-11-08,Mecklenburg-Vorpommern,13,00+,297,420,420,420,420,1610774,18.44,26.07,26.07,26.07,26.07
2023-11-07,Mecklenburg-Vorpommern,13,00+,178,362,362,362,362,1610774,11.05,22.47,22.47,22.47,22.47
2023-11-06,Mecklenburg-Vorpommern,13,00+,177,284,284,284,284,1610774,10.99,17.63,17.63,17.63,17.63
2023-11-05,Mecklenburg-Vorpommern,13,00+,178,280,280,280,280,1610774,11.05,17.38,17.38,17.38,17.38
2023-11-04,Mecklenburg-Vorpommern,13,00+,178,276,276,276,276,1610774,11.05,17.13,17.13,17.13,17.13
2023-11-03,Mecklenburg-Vorpommern,13,00+,182,273,273,273,273,1610774,11.3,16.95,16.95,16.95,16.95
2023-11-02,Mecklenburg-Vorpommern,13,00+,101,238,238,238,238,1610774,6.27,14.78,14.78,14.78,14.78
2023-11-01,Mecklenburg-Vorpommern,13,00+,79,167,167,167,167,1610774,4.9,10.37,10.37,10.37,10.37
2023-10-31,Mecklenburg-Vorpommern,13,00+,108,200,200,200,200,1610774,6.7,12.42,12.42,12.42,12.42
2023-10-30,Mecklenburg-Vorpommern,13,00+,140,221,221,221,221,1610774,8.69,13.72,13.72,13.72,13.72
2023-10-29,Mecklenburg-Vorpommern,13,00+,140,220,220,220,220,1610774,8.69,13.66,13.66,13.66,13.66
2023-10-28,Mecklenburg-Vorpommern,13,00+,144,224,224,224,224,1610774,8.94,13.91,13.91,13.91,13.91
2023-10-27,Mecklenburg-Vorpommern,13,00+,123,190,190,190,190,1610774,7.64,11.8,11.8,11.8,11.8
2023-10-26,Mecklenburg-Vorpommern,13,00+,120,179,179,179,179,1610774,7.45,11.11,11.11,11.11,11.11
2023-10-25,Mecklenburg-Vorpommern,13,00+,106,177,177,177,177,1610774,6.58,10.99,10.99,10.99,10.99
2023-10-24,Mecklenburg-Vorpommern,13,00+,57,159,159,159,159,1610774,3.54,9.87,9.87,9.87,9.87
2023-10-23,Mecklenburg-Vorpommern,13,00+,79,112,112,112,112,1610774,4.9,6.95,6.95,6.95,6.95
2023-10-22,Mecklenburg-Vorpommern,13,00+,79,115,115,115,115,1610774,4.9,7.14,7.14,7.14,7.14
2023-10-21,Mecklenburg-Vorpommern,13,00+,79,112,112,112,112,1610774,4.9,6.95,6.95,6.95,6.95
2023-10-20,Mecklenburg-Vorpommern,13,00+,67,112,112,112,112,1610774,4.16,6.95,6.95,6.95,6.95
2023-10-19,Mecklenburg-Vorpommern,13,00+,62,102,102,102,102,1610774,3.85,6.33,6.33,6.33,6.33
2023-10-18,Mecklenburg-Vorpommern,13,00+,60,94,94,94,94,1610774,3.72,5.84,5.84,5.84,5.84
2023-10-17,Mecklenburg-Vorpommern,13,00+,53,96,96,96,96,1610774,3.29,5.96,5.96,5.96,5.96
2023-10-16,Mecklenburg-Vorpommern,13,00+,67,91,91,91,91,1610774,4.16,5.65,5.65,5.65,5.65
2023-10-15,Mecklenburg-Vorpommern,13,00+,67,88,88,88,88,1610774,4.16,5.46,5.46,5.46,5.46
2023-10-14,Mecklenburg-Vorpommern,13,00+,68,88,88,88,88,1610774,4.22,5.46,5.46,5.46,5.46
2023-10-13,Mecklenburg-Vorpommern,13,00+,70,91,91,91,91,1610774,4.35,5.65,5.65,5.65,5.65
2023-10-12,Mecklenburg-Vorpommern,13,00+,67,86,86,86,86,1610774,4.16,5.34,5.34,5.34,5.34
2023-10-11,Mecklenburg-Vorpommern,13,00+,67,92,92,92,92,1610774,4.16,5.71,5.71,5.71,5.71
2023-10-10,Mecklenburg-Vorpommern,13,00+,43,75,75,75,75,1610774,2.67,4.66,4.66,4.66,4.66
2023-10-09,Mecklenburg-Vorpommern,13,00+,46,67,67,67,67,1610774,2.86,4.16,4.16,4.16,4.16
2023-10-08,Mecklenburg-Vorpommern,13,00+,46,67,67,67,67,1610774,2.86,4.16,4.16,4.16,4.16
2023-10-07,Mecklenburg-Vorpommern,13,00+,46,66,66,66,66,1610774,2.86,4.1,4.1,4.1,4.1
2023-10-06,Mecklenburg-Vorpommern,13,00+,44,69,69,69,69,1610774,2.73,4.28,4.28,4.28,4.28
2023-10-05,Mecklenburg-Vorpommern,13,00+,32,71,71,71,71,1610774,1.99,4.41,4.41,4.41,4.41
2023-10-04,Mecklenburg-Vorpommern,13,00+,30,57,57,57,57,1610774,1.86,3.54,3.54,3.54,3.54
2023-10-03,Mecklenburg-Vorpommern,13,00+,52,79,79,79,79,1610774,3.23,4.9,4.9,4.9,4.9
2023-10-02,Mecklenburg-Vorpommern,13,00+,55,78,78,78,78,1610774,3.41,4.84,4.84,4.84,4.84
2023-10-01,Mecklenburg-Vorpommern,13,00+,57,80,80,80,80,1610774,3.54,4.97,4.97,4.97,4.97
2023-09-30,Mecklenburg-Vorpommern,13,00+,58,81,81,81,81,1610774,3.6,5.03,5.03,5.03,5.03
2023-09-29,Mecklenburg-Vorpommern,13,00+,61,75,75,75,75,1610774,3.79,4.66,4.66,4.66,4.66
2023-09-28,Mecklenburg-Vorpommern,13,00+,59,68,68,68,68,1610774,3.66,4.22,4.22,4.22,4.22
2023-09-27,Mecklenburg-Vorpommern,13,00+,46,72,72,72,72,1610774,2.86,4.47,4.47,4.47,4.47
2023-09-26,Mecklenburg-Vorpommern,13,00+,36,58,58,58,58,1610774,2.23,3.6,3.6,3.6,3.6
2023-09-25,Mecklenburg-Vorpommern,13,00+,62,70,70,70,70,1610774,3.85,4.35,4.35,4.35,4.35
2023-09-24,Mecklenburg-Vorpommern,13,00+,62,68,68,68,68,1610774,3.85,4.22,4.22,4.22,4.22
2023-09-23,Mecklenburg-Vorpommern,13,00+,64,69,69,69,69,1610774,3.97,4.28,4.28,4.28,4.28
2023-09-22,Mecklenburg-Vorpommern,13,00+,60,74,74,74,74,1610774,3.72,4.59,4.59,4.59,4.59
2023-09-21,Mecklenburg-Vorpommern,13,00+,56,75,75,75,75,1610774,3.48,4.66,4.66,4.66,4.66
2023-09-20,Mecklenburg-Vorpommern,13,00+,44,70,70,70,70,1610774,2.73,4.35,4.35,4.35,4.35
2023-09-19,Mecklenburg-Vorpommern,13,00+,27,67,67,67,67,1610774,1.68,4.16,4.16,4.16,4.16
2023-09-18,Mecklenburg-Vorpommern,13,00+,20,46,46,46,46,1610774,1.24,2.86,2.86,2.86,2.86
2023-09-17,Mecklenburg-Vorpommern,13,00+,20,46,46,46,46,1610774,1.24,2.86,2.86,2.86,2.86
2023-09-16,Mecklenburg-Vorpommern,13,00+,20,44,44,44,44,1610774,1.24,2.73,2.73,2.73,2.73
2023-09-15,Mecklenburg-Vorpommern,13,00+,17,36,36,36,36,1610774,1.06,2.23,2.23,2.23,2.23
2023-09-14,Mecklenburg-Vorpommern,13,00+,31,44,44,44,44,1610774,1.92,2.73,2.73,2.73,2.73
2023-09-13,Mecklenburg-Vorpommern,13,00+,38,50,50,50,50,1610774,2.36,3.1,3.1,3.1,3.1
2023-09-12,Mecklenburg-Vorpommern,13,00+,37,52,52,52,52,1610774,2.3,3.23,3.23,3.23,3.23
2023-09-11,Mecklenburg-Vorpommern,13,00+,33,52,52,52,52,1610774,2.05,3.23,3.23,3.23,3.23
2023-09-10,Mecklenburg-Vorpommern,13,00+,33,52,52,52,52,1610774,2.05,3.23,3.23,3.23,3.23
2023-09-09,Mecklenburg-Vorpommern,13,00+,33,52,52,52,52,1610774,2.05,3.23,3.23,3.23,3.23
2023-09-08,Mecklenburg-Vorpommern,13,00+,23,47,47,47,47,1610774,1.43,2.92,2.92,2.92,2.92
2023-09-07,Mecklenburg-Vorpommern,13,00+,19,39,39,39,39,1610774,1.18,2.42,2.42,2.42,2.42
2023-09-06,Mecklenburg-Vorpommern,13,00+,17,30,30,30,30,1610774,1.06,1.86,1.86,1.86,1.86
2023-09-05,Mecklenburg-Vorpommern,13,00+,12,23,23,23,23,1610774,0.74,1.43,1.43,1.43,1.43
2023-09-04,Mecklenburg-Vorpommern,13,00+,14,20,20,20,20,1610774,0.87,1.24,1.24,1.24,1.24
2023-09-03,Mecklenburg-Vorpommern,13,00+,15,21,21,21,21,1610774,0.93,1.3,1.3,1.3,1.3
2023-09-02,Mecklenburg-Vorpommern,13,00+,15,21,21,21,21,1610774,0.93,1.3,1.3,1.3,1.3
2023-09-01,Mecklenburg-Vorpommern,13,00+,13,22,22,22,22,1610774,0.81,1.37,1.37,1.37,1.37
2023-08-31,Mecklenburg-Vorpommern,13,00+,17,21,21,21,21,1610774,1.06,1.3,1.3,1.3,1.3
2023-08-30,Mecklenburg-Vorpommern,13,00+,17,22,22,22,22,1610774,1.06,1.37,1.37,1.37,1.37
2023-08-29,Mecklenburg-Vorpommern,13,00+,18,27,27,27,27,1610774,1.12,1.68,1.68,1.68,1.68
2023-08-28,Mecklenburg-Vorpommern,13,00+,0,34,34,34,34,1610774,0,2.11,2.11,2.11,2.11
2023-08-27,Mecklenburg-Vorpommern,13,00+,0,34,34,34,34,1610774,0,2.11,2.11,2.11,2.11
2023-08-26,Mecklenburg-Vorpommern,13,00+,0,34,34,34,34,1610774,0,2.11,2.11,2.11,2.11
2023-08-25,Mecklenburg-Vorpommern,13,00+,0,37,37,37,37,1610774,0,2.3,2.3,2.3,2.3
2023-08-24,Mecklenburg-Vorpommern,13,00+,23,33,33,33,33,1610774,1.43,2.05,2.05,2.05,2.05
2023-08-23,Mecklenburg-Vorpommern,13,00+,19,34,34,34,34,1610774,1.18,2.11,2.11,2.11,2.11
2023-08-22,Mecklenburg-Vorpommern,13,00+,14,30,30,30,30,1610774,0.87,1.86,1.86,1.86,1.86
2023-08-21,Mecklenburg-Vorpommern,13,00+,15,25,25,25,25,1610774,0.93,1.55,1.55,1.55,1.55
2023-08-20,Mecklenburg-Vorpommern,13,00+,15,24,24,24,24,1610774,0.93,1.49,1.49,1.49,1.49
2023-08-19,Mecklenburg-Vorpommern,13,00+,15,24,24,24,24,1610774,0.93,1.49,1.49,1.49,1.49
2023-08-18,Mecklenburg-Vorpommern,13,00+,11,19,19,19,19,1610774,0.68,1.18,1.18,1.18,1.18
2023-08-17,Mecklenburg-Vorpommern,13,00+,10,18,18,18,18,1610774,0.62,1.12,1.12,1.12,1.12
2023-08-16,Mecklenburg-Vorpommern,13,00+,11,15,15,15,15,1610774,0.68,0.93,0.93,0.93,0.93
2023-08-15,Mecklenburg-Vorpommern,13,00+,7,15,15,15,15,1610774,0.43,0.93,0.93,0.93,0.93
2023-08-14,Mecklenburg-Vorpommern,13,00+,9,11,11,11,11,1610774,0.56,0.68,0.68,0.68,0.68
2023-08-13,Mecklenburg-Vorpommern,13,00+,9,11,11,11,11,1610774,0.56,0.68,0.68,0.68,0.68
2023-08-12,Mecklenburg-Vorpommern,13,00+,9,11,11,11,11,1610774,0.56,0.68,0.68,0.68,0.68
2023-08-11,Mecklenburg-Vorpommern,13,00+,7,12,12,12,12,1610774,0.43,0.74,0.74,0.74,0.74
2023-08-10,Mecklenburg-Vorpommern,13,00+,8,11,11,11,11,1610774,0.5,0.68,0.68,0.68,0.68
2023-08-09,Mecklenburg-Vorpommern,13,00+,9,13,13,13,13,1610774,0.56,0.81,0.81,0.81,0.81
2023-08-08,Mecklenburg-Vorpommern,13,00+,9,13,13,13,13,1610774,0.56,0.81,0.81,0.81,0.81
2023-08-07,Mecklenburg-Vorpommern,13,00+,13,17,17,17,17,1610774,0.81,1.06,1.06,1.06,1.06
2023-08-06,Mecklenburg-Vorpommern,13,00+,13,17,17,17,17,1610774,0.81,1.06,1.06,1.06,1.06
2023-08-05,Mecklenburg-Vorpommern,13,00+,13,17,17,17,17,1610774,0.81,1.06,1.06,1.06,1.06
2023-08-04,Mecklenburg-Vorpommern,13,00+,12,17,17,17,17,1610774,0.74,1.06,1.06,1.06,1.06
2023-08-03,Mecklenburg-Vorpommern,13,00+,9,19,19,19,19,1610774,0.56,1.18,1.18,1.18,1.18
2023-08-02,Mecklenburg-Vorpommern,13,00+,9,17,17,17,17,1610774,0.56,1.06,1.06,1.06,1.06
2023-08-01,Mecklenburg-Vorpommern,13,00+,7,15,15,15,15,1610774,0.43,0.93,0.93,0.93,0.93
2023-07-31,Mecklenburg-Vorpommern,13,00+,11,14,14,14,14,1610774,0.68,0.87,0.87,0.87,0.87
2023-07-30,Mecklenburg-Vorpommern,13,00+,11,14,14,14,14,1610774,0.68,0.87,0.87,0.87,0.87
2023-07-29,Mecklenburg-Vorpommern,13,00+,11,14,14,14,14,1610774,0.68,0.87,0.87,0.87,0.87
2023-07-28,Mecklenburg-Vorpommern,13,00+,10,14,14,14,14,1610774,0.62,0.87,0.87,0.87,0.87
2023-07-27,Mecklenburg-Vorpommern,13,00+,5,12,12,12,12,1610774,0.31,0.74,0.74,0.74,0.74
2023-07-26,Mecklenburg-Vorpommern,13,00+,2,11,11,11,11,1610774,0.12,0.68,0.68,0.68,0.68
2023-07-25,Mecklenburg-Vorpommern,13,00+,8,16,16,16,16,1610774,0.5,0.99,0.99,0.99,0.99
2023-07-24,Mecklenburg-Vorpommern,13,00+,12,15,15,15,15,1610774,0.74,0.93,0.93,0.93,0.93
2023-07-23,Mecklenburg-Vorpommern,13,00+,12,15,15,15,15,1610774,0.74,0.93,0.93,0.93,0.93
2023-07-22,Mecklenburg-Vorpommern,13,00+,12,15,15,15,15,1610774,0.74,0.93,0.93,0.93,0.93
2023-07-21,Mecklenburg-Vorpommern,13,00+,12,16,16,16,16,1610774,0.74,0.99,0.99,0.99,0.99
2023-07-20,Mecklenburg-Vorpommern,13,00+,11,15,15,15,15,1610774,0.68,0.93,0.93,0.93,0.93
2023-07-19,Mecklenburg-Vorpommern,13,00+,9,15,15,15,15,1610774,0.56,0.93,0.93,0.93,0.93
2023-07-18,Mecklenburg-Vorpommern,13,00+,7,12,12,12,12,1610774,0.43,0.74,0.74,0.74,0.74
2023-07-17,Mecklenburg-Vorpommern,13,00+,8,11,11,11,11,1610774,0.5,0.68,0.68,0.68,0.68
2023-07-16,Mecklenburg-Vorpommern,13,00+,8,11,11,11,11,1610774,0.5,0.68,0.68,0.68,0.68
2023-07-15,Mecklenburg-Vorpommern,13,00+,8,11,11,11,11,1610774,0.5,0.68,0.68,0.68,0.68
2023-07-14,Mecklenburg-Vorpommern,13,00+,8,8,8,8,8,1610774,0.5,0.5,0.5,0.5,0.5
2023-07-13,Mecklenburg-Vorpommern,13,00+,5,8,8,8,8,1610774,0.31,0.5,0.5,0.5,0.5
2023-07-12,Mecklenburg-Vorpommern,13,00+,2,8,8,8,8,1610774,0.12,0.5,0.5,0.5,0.5
2023-07-11,Mecklenburg-Vorpommern,13,00+,0,5,5,5,5,1610774,0,0.31,0.31,0.31,0.31
2023-07-10,Mecklenburg-Vorpommern,13,00+,0,1,1,1,1,1610774,0,0.06,0.06,0.06,0.06
2023-07-09,Mecklenburg-Vorpommern,13,00+,0,1,1,1,1,1610774,0,0.06,0.06,0.06,0.06
2023-07-08,Mecklenburg-Vorpommern,13,00+,0,1,1,1,1,1610774,0,0.06,0.06,0.06,0.06
2023-07-07,Mecklenburg-Vorpommern,13,00+,0,1,1,1,1,1610774,0,0.06,0.06,0.06,0.06
2023-07-06,Mecklenburg-Vorpommern,13,00+,0,1,1,1,1,1610774,0,0.06,0.06,0.06,0.06
2023-07-05,Mecklenburg-Vorpommern,13,00+,1,1,1,1,1,1610774,0.06,0.06,0.06,0.06,0.06
2023-07-04,Mecklenburg-Vorpommern,13,00+,3,3,3,3,3,1610774,0.19,0.19,0.19,0.19,0.19
2023-07-03,Mecklenburg-Vorpommern,13,00+,5,5,5,5,5,1610774,0.31,0.31,0.31,0.31,0.31
2023-07-02,Mecklenburg-Vorpommern,13,00+,5,5,5,5,5,1610774,0.31,0.31,0.31,0.31,0.31
2023-07-01,Mecklenburg-Vorpommern,13,00+,5,5,5,5,5,1610774,0.31,0.31,0.31,0.31,0.31
2023-06-30,Mecklenburg-Vorpommern,13,00+,6,7,7,7,7,1610774,0.37,0.43,0.43,0.43,0.43
2023-06-29,Mecklenburg-Vorpommern,13,00+,6,9,9,9,9,1610774,0.37,0.56,0.56,0.56,0.56
2023-06-28,Mecklenburg-Vorpommern,13,00+,9,13,13,13,13,1610774,0.56,0.81,0.81,0.81,0.81
2023-06-27,Mecklenburg-Vorpommern,13,00+,9,13,13,13,13,1610774,0.56,0.81,0.81,0.81,0.81
2023-06-26,Mecklenburg-Vorpommern,13,00+,13,15,15,15,15,1610774,0.81,0.93,0.93,0.93,0.93
2023-06-25,Mecklenburg-Vorpommern,13,00+,13,15,15,15,15,1610774,0.81,0.93,0.93,0.93,0.93
2023-06-24,Mecklenburg-Vorpommern,13,00+,13,16,16,16,16,1610774,0.81,0.99,0.99,0.99,0.99
2023-06-23,Mecklenburg-Vorpommern,13,00+,10,17,17,17,17,1610774,0.62,1.06,1.06,1.06,1.06
2023-06-22,Mecklenburg-Vorpommern,13,00+,9,18,18,18,18,1610774,0.56,1.12,1.12,1.12,1.12
2023-06-21,Mecklenburg-Vorpommern,13,00+,8,17,17,17,17,1610774,0.5,1.06,1.06,1.06,1.06
2023-06-20,Mecklenburg-Vorpommern,13,00+,7,17,17,17,17,1610774,0.43,1.06,1.06,1.06,1.06
2023-06-19,Mecklenburg-Vorpommern,13,00+,13,21,21,21,21,1610774,0.81,1.3,1.3,1.3,1.3
2023-06-18,Mecklenburg-Vorpommern,13,00+,14,22,22,22,22,1610774,0.87,1.37,1.37,1.37,1.37
2023-06-17,Mecklenburg-Vorpommern,13,00+,14,21,21,21,21,1610774,0.87,1.3,1.3,1.3,1.3
2023-06-16,Mecklenburg-Vorpommern,13,00+,16,24,24,24,24,1610774,0.99,1.49,1.49,1.49,1.49
2023-06-15,Mecklenburg-Vorpommern,13,00+,17,25,25,25,25,1610774,1.06,1.55,1.55,1.55,1.55
2023-06-14,Mecklenburg-Vorpommern,13,00+,18,24,24,24,24,1610774,1.12,1.49,1.49,1.49,1.49
2023-06-13,Mecklenburg-Vorpommern,13,00+,20,34,34,34,34,1610774,1.24,2.11,2.11,2.11,2.11
2023-06-12,Mecklenburg-Vorpommern,13,00+,18,29,29,29,29,1610774,1.12,1.8,1.8,1.8,1.8
2023-06-11,Mecklenburg-Vorpommern,13,00+,18,28,28,28,28,1610774,1.12,1.74,1.74,1.74,1.74
2023-06-10,Mecklenburg-Vorpommern,13,00+,18,28,28,28,28,1610774,1.12,1.74,1.74,1.74,1.74
2023-06-09,Mecklenburg-Vorpommern,13,00+,18,25,25,25,25,1610774,1.12,1.55,1.55,1.55,1.55
2023-06-08,Mecklenburg-Vorpommern,13,00+,22,29,29,29,29,1610774,1.37,1.8,1.8,1.8,1.8
2023-06-07,Mecklenburg-Vorpommern,13,00+,17,32,32,32,32,1610774,1.06,1.99,1.99,1.99,1.99
2023-06-06,Mecklenburg-Vorpommern,13,00+,23,29,29,29,29,1610774,1.43,1.8,1.8,1.8,1.8
2023-06-05,Mecklenburg-Vorpommern,13,00+,25,29,29,29,29,1610774,1.55,1.8,1.8,1.8,1.8
2023-06-04,Mecklenburg-Vorpommern,13,00+,25,29,29,29,29,1610774,1.55,1.8,1.8,1.8,1.8
2023-06-03,Mecklenburg-Vorpommern,13,00+,25,29,29,29,29,1610774,1.55,1.8,1.8,1.8,1.8
2023-06-02,Mecklenburg-Vorpommern,13,00+,19,26,26,26,26,1610774,1.18,1.61,1.61,1.61,1.61
2023-06-01,Mecklenburg-Vorpommern,13,00+,16,25,25,25,25,1610774,0.99,1.55,1.55,1.55,1.55
2023-05-31,Mecklenburg-Vorpommern,13,00+,17,24,24,24,24,1610774,1.06,1.49,1.49,1.49,1.49
2023-05-30,Mecklenburg-Vorpommern,13,00+,23,29,29,29,29,1610774,1.43,1.8,1.8,1.8,1.8
2023-05-29,Mecklenburg-Vorpommern,13,00+,36,41,41,41,41,1610774,2.23,2.55,2.55,2.55,2.55
2023-05-28,Mecklenburg-Vorpommern,13,00+,37,42,42,42,42,1610774,2.3,2.61,2.61,2.61,2.61
2023-05-27,Mecklenburg-Vorpommern,13,00+,38,43,43,43,43,1610774,2.36,2.67,2.67,2.67,2.67
2023-05-26,Mecklenburg-Vorpommern,13,00+,38,47,47,47,47,1610774,2.36,2.92,2.92,2.92,2.92
2023-05-25,Mecklenburg-Vorpommern,13,00+,34,42,42,42,42,1610774,2.11,2.61,2.61,2.61,2.61
2023-05-24,Mecklenburg-Vorpommern,13,00+,36,46,46,46,46,1610774,2.23,2.86,2.86,2.86,2.86
2023-05-23,Mecklenburg-Vorpommern,13,00+,31,41,41,41,41,1610774,1.92,2.55,2.55,2.55,2.55
2023-05-22,Mecklenburg-Vorpommern,13,00+,30,46,46,46,46,1610774,1.86,2.86,2.86,2.86,2.86
2023-05-21,Mecklenburg-Vorpommern,13,00+,30,45,45,45,45,1610774,1.86,2.79,2.79,2.79,2.79
2023-05-20,Mecklenburg-Vorpommern,13,00+,33,47,47,47,47,1610774,2.05,2.92,2.92,2.92,2.92
2023-05-19,Mecklenburg-Vorpommern,13,00+,47,57,57,57,57,1610774,2.92,3.54,3.54,3.54,3.54
2023-05-18,Mecklenburg-Vorpommern,13,00+,61,72,72,72,72,1610774,3.79,4.47,4.47,4.47,4.47
2023-05-17,Mecklenburg-Vorpommern,13,00+,57,73,73,73,73,1610774,3.54,4.53,4.53,4.53,4.53
2023-05-16,Mecklenburg-Vorpommern,13,00+,57,73,73,73,73,1610774,3.54,4.53,4.53,4.53,4.53
2023-05-15,Mecklenburg-Vorpommern,13,00+,58,75,75,75,75,1610774,3.6,4.66,4.66,4.66,4.66
2023-05-14,Mecklenburg-Vorpommern,13,00+,59,76,76,76,76,1610774,3.66,4.72,4.72,4.72,4.72
2023-05-13,Mecklenburg-Vorpommern,13,00+,61,75,75,75,75,1610774,3.79,4.66,4.66,4.66,4.66
2023-05-12,Mecklenburg-Vorpommern,13,00+,62,76,76,76,76,1610774,3.85,4.72,4.72,4.72,4.72
2023-05-11,Mecklenburg-Vorpommern,13,00+,55,72,72,72,72,1610774,3.41,4.47,4.47,4.47,4.47
2023-05-10,Mecklenburg-Vorpommern,13,00+,64,71,71,71,71,1610774,3.97,4.41,4.41,4.41,4.41
2023-05-09,Mecklenburg-Vorpommern,13,00+,79,92,92,92,92,1610774,4.9,5.71,5.71,5.71,5.71
2023-05-08,Mecklenburg-Vorpommern,13,00+,56,70,70,70,70,1610774,3.48,4.35,4.35,4.35,4.35
2023-05-07,Mecklenburg-Vorpommern,13,00+,57,70,70,70,70,1610774,3.54,4.35,4.35,4.35,4.35
2023-05-06,Mecklenburg-Vorpommern,13,00+,57,68,68,68,68,1610774,3.54,4.22,4.22,4.22,4.22
2023-05-05,Mecklenburg-Vorpommern,13,00+,50,59,59,59,59,1610774,3.1,3.66,3.66,3.66,3.66
2023-05-04,Mecklenburg-Vorpommern,13,00+,54,62,62,62,62,1610774,3.35,3.85,3.85,3.85,3.85
2023-05-03,Mecklenburg-Vorpommern,13,00+,30,62,62,62,62,1610774,1.86,3.85,3.85,3.85,3.85
2023-05-02,Mecklenburg-Vorpommern,13,00+,39,55,55,55,55,1610774,2.42,3.41,3.41,3.41,3.41
2023-05-01,Mecklenburg-Vorpommern,13,00+,70,96,96,96,96,1610774,4.35,5.96,5.96,5.96,5.96
2023-04-30,Mecklenburg-Vorpommern,13,00+,70,95,95,95,95,1610774,4.35,5.9,5.9,5.9,5.9
2023-04-29,Mecklenburg-Vorpommern,13,00+,70,95,95,95,95,1610774,4.35,5.9,5.9,5.9,5.9
2023-04-28,Mecklenburg-Vorpommern,13,00+,86,109,109,109,109,1610774,5.34,6.77,6.77,6.77,6.77
2023-04-27,Mecklenburg-Vorpommern,13,00+,95,122,122,122,122,1610774,5.9,7.57,7.57,7.57,7.57
2023-04-26,Mecklenburg-Vorpommern,13,00+,114,142,142,142,142,1610774,7.08,8.82,8.82,8.82,8.82
2023-04-25,Mecklenburg-Vorpommern,13,00+,127,151,151,151,151,1610774,7.88,9.37,9.37,9.37,9.37
2023-04-24,Mecklenburg-Vorpommern,13,00+,142,165,165,165,165,1610774,8.82,10.24,10.24,10.24,10.24
2023-04-23,Mecklenburg-Vorpommern,13,00+,142,165,165,165,165,1610774,8.82,10.24,10.24,10.24,10.24
2023-04-22,Mecklenburg-Vorpommern,13,00+,143,167,167,167,167,1610774,8.88,10.37,10.37,10.37,10.37
2023-04-21,Mecklenburg-Vorpommern,13,00+,150,174,174,174,174,1610774,9.31,10.8,10.8,10.8,10.8
2023-04-20,Mecklenburg-Vorpommern,13,00+,165,187,187,187,187,1610774,10.24,11.61,11.61,11.61,11.61
2023-04-19,Mecklenburg-Vorpommern,13,00+,163,192,192,192,192,1610774,10.12,11.92,11.92,11.92,11.92
2023-04-18,Mecklenburg-Vorpommern,13,00+,210,241,241,241,241,1610774,13.04,14.96,14.96,14.96,14.96
2023-04-17,Mecklenburg-Vorpommern,13,00+,156,189,189,189,189,1610774,9.68,11.73,11.73,11.73,11.73
2023-04-16,Mecklenburg-Vorpommern,13,00+,156,189,189,189,189,1610774,9.68,11.73,11.73,11.73,11.73
2023-04-15,Mecklenburg-Vorpommern,13,00+,159,190,190,190,190,1610774,9.87,11.8,11.8,11.8,11.8
2023-04-14,Mecklenburg-Vorpommern,13,00+,137,165,165,165,165,1610774,8.51,10.24,10.24,10.24,10.24
2023-04-13,Mecklenburg-Vorpommern,13,00+,132,152,152,152,152,1610774,8.19,9.44,9.44,9.44,9.44
2023-04-12,Mecklenburg-Vorpommern,13,00+,128,152,152,152,152,1610774,7.95,9.44,9.44,9.44,9.44
2023-04-11,Mecklenburg-Vorpommern,13,00+,101,121,121,121,121,1610774,6.27,7.51,7.51,7.51,7.51
2023-04-10,Mecklenburg-Vorpommern,13,00+,159,180,180,180,180,1610774,9.87,11.17,11.17,11.17,11.17
2023-04-09,Mecklenburg-Vorpommern,13,00+,162,183,183,183,183,1610774,10.06,11.36,11.36,11.36,11.36
2023-04-08,Mecklenburg-Vorpommern,13,00+,162,180,180,180,180,1610774,10.06,11.17,11.17,11.17,11.17
2023-04-07,Mecklenburg-Vorpommern,13,00+,193,210,210,210,210,1610774,11.98,13.04,13.04,13.04,13.04
2023-04-06,Mecklenburg-Vorpommern,13,00+,194,215,215,215,215,1610774,12.04,13.35,13.35,13.35,13.35
2023-04-05,Mecklenburg-Vorpommern,13,00+,160,221,221,221,221,1610774,9.93,13.72,13.72,13.72,13.72
2023-04-04,Mecklenburg-Vorpommern,13,00+,182,214,214,214,214,1610774,11.3,13.29,13.29,13.29,13.29
2023-04-03,Mecklenburg-Vorpommern,13,00+,198,234,234,234,234,1610774,12.29,14.53,14.53,14.53,14.53
2023-04-02,Mecklenburg-Vorpommern,13,00+,200,233,233,233,233,1610774,12.42,14.47,14.47,14.47,14.47
2023-04-01,Mecklenburg-Vorpommern,13,00+,200,233,233,233,233,1610774,12.42,14.47,14.47,14.47,14.47
2023-03-31,Mecklenburg-Vorpommern,13,00+,202,247,247,247,247,1610774,12.54,15.33,15.33,15.33,15.33
2023-03-30,Mecklenburg-Vorpommern,13,00+,224,257,257,257,257,1610774,13.91,15.96,15.96,15.96,15.96
2023-03-29,Mecklenburg-Vorpommern,13,00+,230,275,275,275,275,1610774,14.28,17.07,17.07,17.07,17.07
2023-03-28,Mecklenburg-Vorpommern,13,00+,243,291,291,291,291,1610774,15.09,18.07,18.07,18.07,18.07
2023-03-27,Mecklenburg-Vorpommern,13,00+,239,285,285,285,285,1610774,14.84,17.69,17.69,17.69,17.69
2023-03-26,Mecklenburg-Vorpommern,13,00+,239,283,283,283,283,1610774,14.84,17.57,17.57,17.57,17.57
2023-03-25,Mecklenburg-Vorpommern,13,00+,239,283,283,283,283,1610774,14.84,17.57,17.57,17.57,17.57
2023-03-24,Mecklenburg-Vorpommern,13,00+,205,262,262,262,262,1610774,12.73,16.27,16.27,16.27,16.27
2023-03-23,Mecklenburg-Vorpommern,13,00+,177,257,257,257,257,1610774,10.99,15.96,15.96,15.96,15.96
2023-03-22,Mecklenburg-Vorpommern,13,00+,185,236,236,236,236,1610774,11.49,14.65,14.65,14.65,14.65
2023-03-21,Mecklenburg-Vorpommern,13,00+,173,219,219,219,219,1610774,10.74,13.6,13.6,13.6,13.6
2023-03-20,Mecklenburg-Vorpommern,13,00+,172,204,204,204,204,1610774,10.68,12.66,12.66,12.66,12.66
2023-03-19,Mecklenburg-Vorpommern,13,00+,172,204,204,204,204,1610774,10.68,12.66,12.66,12.66,12.66
2023-03-18,Mecklenburg-Vorpommern,13,00+,172,204,204,204,204,1610774,10.68,12.66,12.66,12.66,12.66
2023-03-17,Mecklenburg-Vorpommern,13,00+,157,202,202,202,202,1610774,9.75,12.54,12.54,12.54,12.54
2023-03-16,Mecklenburg-Vorpommern,13,00+,164,196,196,196,196,1610774,10.18,12.17,12.17,12.17,12.17
2023-03-15,Mecklenburg-Vorpommern,13,00+,129,160,160,160,160,1610774,8.01,9.93,9.93,9.93,9.93
2023-03-14,Mecklenburg-Vorpommern,13,00+,112,150,150,150,150,1610774,6.95,9.31,9.31,9.31,9.31
2023-03-13,Mecklenburg-Vorpommern,13,00+,109,137,137,137,137,1610774,6.77,8.51,8.51,8.51,8.51
2023-03-12,Mecklenburg-Vorpommern,13,00+,109,137,137,137,137,1610774,6.77,8.51,8.51,8.51,8.51
2023-03-11,Mecklenburg-Vorpommern,13,00+,109,137,137,137,137,1610774,6.77,8.51,8.51,8.51,8.51
2023-03-10,Mecklenburg-Vorpommern,13,00+,101,122,122,122,122,1610774,6.27,7.57,7.57,7.57,7.57
2023-03-09,Mecklenburg-Vorpommern,13,00+,80,108,108,108,108,1610774,4.97,6.7,6.7,6.7,6.7
2023-03-08,Mecklenburg-Vorpommern,13,00+,100,127,127,127,127,1610774,6.21,7.88,7.88,7.88,7.88
2023-03-07,Mecklenburg-Vorpommern,13,00+,96,113,113,113,113,1610774,5.96,7.02,7.02,7.02,7.02
2023-03-06,Mecklenburg-Vorpommern,13,00+,88,99,99,99,99,1610774,5.46,6.15,6.15,6.15,6.15
2023-03-05,Mecklenburg-Vorpommern,13,00+,91,102,102,102,102,1610774,5.65,6.33,6.33,6.33,6.33
2023-03-04,Mecklenburg-Vorpommern,13,00+,106,117,117,117,117,1610774,6.58,7.26,7.26,7.26,7.26
2023-03-03,Mecklenburg-Vorpommern,13,00+,105,119,119,119,119,1610774,6.52,7.39,7.39,7.39,7.39
2023-03-02,Mecklenburg-Vorpommern,13,00+,103,120,120,120,120,1610774,6.39,7.45,7.45,7.45,7.45
2023-03-01,Mecklenburg-Vorpommern,13,00+,97,113,113,113,113,1610774,6.02,7.02,7.02,7.02,7.02
2023-02-28,Mecklenburg-Vorpommern,13,00+,99,116,116,116,116,1610774,6.15,7.2,7.2,7.2,7.2
2023-02-27,Mecklenburg-Vorpommern,13,00+,80,106,106,106,106,1610774,4.97,6.58,6.58,6.58,6.58
2023-02-26,Mecklenburg-Vorpommern,13,00+,84,107,107,107,107,1610774,5.21,6.64,6.64,6.64,6.64
2023-02-25,Mecklenburg-Vorpommern,13,00+,91,99,99,99,99,1610774,5.65,6.15,6.15,6.15,6.15
2023-02-24,Mecklenburg-Vorpommern,13,00+,84,100,100,100,100,1610774,5.21,6.21,6.21,6.21,6.21
2023-02-23,Mecklenburg-Vorpommern,13,00+,80,95,95,95,95,1610774,4.97,5.9,5.9,5.9,5.9
2023-02-22,Mecklenburg-Vorpommern,13,00+,84,98,98,98,98,1610774,5.21,6.08,6.08,6.08,6.08
2023-02-21,Mecklenburg-Vorpommern,13,00+,83,90,90,90,90,1610774,5.15,5.59,5.59,5.59,5.59
2023-02-20,Mecklenburg-Vorpommern,13,00+,65,84,84,84,84,1610774,4.04,5.21,5.21,5.21,5.21
2023-02-19,Mecklenburg-Vorpommern,13,00+,65,80,80,80,80,1610774,4.04,4.97,4.97,4.97,4.97
2023-02-18,Mecklenburg-Vorpommern,13,00+,67,75,75,75,75,1610774,4.16,4.66,4.66,4.66,4.66
2023-02-17,Mecklenburg-Vorpommern,13,00+,59,73,73,73,73,1610774,3.66,4.53,4.53,4.53,4.53
2023-02-16,Mecklenburg-Vorpommern,13,00+,62,76,76,76,76,1610774,3.85,4.72,4.72,4.72,4.72
2023-02-15,Mecklenburg-Vorpommern,13,00+,60,75,75,75,75,1610774,3.72,4.66,4.66,4.66,4.66
2023-02-14,Mecklenburg-Vorpommern,13,00+,63,72,72,72,72,1610774,3.91,4.47,4.47,4.47,4.47
2023-02-13,Mecklenburg-Vorpommern,13,00+,65,81,81,81,81,1610774,4.04,5.03,5.03,5.03,5.03
2023-02-12,Mecklenburg-Vorpommern,13,00+,66,82,82,82,82,1610774,4.1,5.09,5.09,5.09,5.09
2023-02-11,Mecklenburg-Vorpommern,13,00+,71,85,85,85,85,1610774,4.41,5.28,5.28,5.28,5.28
2023-02-10,Mecklenburg-Vorpommern,13,00+,75,87,87,87,87,1610774,4.66,5.4,5.4,5.4,5.4
2023-02-09,Mecklenburg-Vorpommern,13,00+,66,76,76,76,76,1610774,4.1,4.72,4.72,4.72,4.72
2023-02-08,Mecklenburg-Vorpommern,13,00+,68,78,78,78,78,1610774,4.22,4.84,4.84,4.84,4.84
2023-02-07,Mecklenburg-Vorpommern,13,00+,65,79,79,79,79,1610774,4.04,4.9,4.9,4.9,4.9
2023-02-06,Mecklenburg-Vorpommern,13,00+,61,73,73,73,73,1610774,3.79,4.53,4.53,4.53,4.53
2023-02-05,Mecklenburg-Vorpommern,13,00+,61,72,72,72,72,1610774,3.79,4.47,4.47,4.47,4.47
2023-02-04,Mecklenburg-Vorpommern,13,00+,64,70,70,70,70,1610774,3.97,4.35,4.35,4.35,4.35
2023-02-03,Mecklenburg-Vorpommern,13,00+,60,68,68,68,68,1610774,3.72,4.22,4.22,4.22,4.22
2023-02-02,Mecklenburg-Vorpommern,13,00+,66,77,77,77,77,1610774,4.1,4.78,4.78,4.78,4.78
2023-02-01,Mecklenburg-Vorpommern,13,00+,59,74,74,74,74,1610774,3.66,4.59,4.59,4.59,4.59
2023-01-31,Mecklenburg-Vorpommern,13,00+,61,79,79,79,79,1610774,3.79,4.9,4.9,4.9,4.9
2023-01-30,Mecklenburg-Vorpommern,13,00+,77,94,94,94,94,1610774,4.78,5.84,5.84,5.84,5.84
2023-01-29,Mecklenburg-Vorpommern,13,00+,78,95,95,95,95,1610774,4.84,5.9,5.9,5.9,5.9
2023-01-28,Mecklenburg-Vorpommern,13,00+,80,94,94,94,94,1610774,4.97,5.84,5.84,5.84,5.84
2023-01-27,Mecklenburg-Vorpommern,13,00+,78,94,94,94,94,1610774,4.84,5.84,5.84,5.84,5.84
2023-01-26,Mecklenburg-Vorpommern,13,00+,75,88,88,88,88,1610774,4.66,5.46,5.46,5.46,5.46
2023-01-25,Mecklenburg-Vorpommern,13,00+,71,86,86,86,86,1610774,4.41,5.34,5.34,5.34,5.34
2023-01-24,Mecklenburg-Vorpommern,13,00+,75,88,88,88,88,1610774,4.66,5.46,5.46,5.46,5.46
2023-01-23,Mecklenburg-Vorpommern,13,00+,54,70,70,70,70,1610774,3.35,4.35,4.35,4.35,4.35
2023-01-22,Mecklenburg-Vorpommern,13,00+,56,71,71,71,71,1610774,3.48,4.41,4.41,4.41,4.41
2023-01-21,Mecklenburg-Vorpommern,13,00+,61,74,74,74,74,1610774,3.79,4.59,4.59,4.59,4.59
2023-01-20,Mecklenburg-Vorpommern,13,00+,70,86,86,86,86,1610774,4.35,5.34,5.34,5.34,5.34
2023-01-19,Mecklenburg-Vorpommern,13,00+,79,89,89,89,89,1610774,4.9,5.53,5.53,5.53,5.53
2023-01-18,Mecklenburg-Vorpommern,13,00+,84,97,97,97,97,1610774,5.21,6.02,6.02,6.02,6.02
2023-01-17,Mecklenburg-Vorpommern,13,00+,95,108,108,108,108,1610774,5.9,6.7,6.7,6.7,6.7
2023-01-16,Mecklenburg-Vorpommern,13,00+,108,137,137,137,137,1610774,6.7,8.51,8.51,8.51,8.51
2023-01-15,Mecklenburg-Vorpommern,13,00+,110,137,137,137,137,1610774,6.83,8.51,8.51,8.51,8.51
2023-01-14,Mecklenburg-Vorpommern,13,00+,117,140,140,140,140,1610774,7.26,8.69,8.69,8.69,8.69
2023-01-13,Mecklenburg-Vorpommern,13,00+,127,148,148,148,148,1610774,7.88,9.19,9.19,9.19,9.19
2023-01-12,Mecklenburg-Vorpommern,13,00+,151,175,175,175,175,1610774,9.37,10.86,10.86,10.86,10.86
2023-01-11,Mecklenburg-Vorpommern,13,00+,157,187,187,187,187,1610774,9.75,11.61,11.61,11.61,11.61
2023-01-10,Mecklenburg-Vorpommern,13,00+,154,196,196,196,196,1610774,9.56,12.17,12.17,12.17,12.17
2023-01-09,Mecklenburg-Vorpommern,13,00+,160,210,210,210,210,1610774,9.93,13.04,13.04,13.04,13.04
2023-01-08,Mecklenburg-Vorpommern,13,00+,164,212,212,212,212,1610774,10.18,13.16,13.16,13.16,13.16
2023-01-07,Mecklenburg-Vorpommern,13,00+,176,0,0,0,0,1610774,10.93,0,0,0,0
2023-01-06,Mecklenburg-Vorpommern,13,00+,180,0,0,0,0,1610774,11.17,0,0,0,0
2023-01-05,Mecklenburg-Vorpommern,13,00+,203,0,0,0,0,1610774,12.6,0,0,0,0
2023-01-04,Mecklenburg-Vorpommern,13,00+,244,0,0,0,0,1610774,15.15,0,0,0,0
2023-01-03,Mecklenburg-Vorpommern,13,00+,296,0,0,0,0,1610774,18.38,0,0,0,0
2023-01-02,Mecklenburg-Vorpommern,13,00+,243,0,0,0,0,1610774,15.09,0,0,0,0
2024-04-19,Sachsen,14,00+,7,7,NA,NA,NA,4056941,0.17,0.17,NA,NA,NA
2024-04-18,Sachsen,14,00+,8,8,NA,NA,NA,4056941,0.2,0.2,NA,NA,NA
2024-04-17,Sachsen,14,00+,9,9,NA,NA,NA,4056941,0.22,0.22,NA,NA,NA
2024-04-16,Sachsen,14,00+,4,9,11,9,14,4056941,0.1,0.22,0.27,0.24,0.35
2024-04-15,Sachsen,14,00+,2,4,4,4,6,4056941,0.05,0.1,0.12,0.1,0.15
2024-04-14,Sachsen,14,00+,2,3,3,3,4,4056941,0.05,0.07,0.09,0.08,0.11
2024-04-13,Sachsen,14,00+,2,3,3,3,4,4056941,0.05,0.07,0.09,0.08,0.11
2024-04-12,Sachsen,14,00+,2,2,2,2,3,4056941,0.05,0.05,0.06,0.05,0.07
2024-04-11,Sachsen,14,00+,1,1,1,1,1,4056941,0.02,0.02,0.03,0.03,0.04
2024-04-10,Sachsen,14,00+,4,4,4,4,4,4056941,0.1,0.1,0.1,0.1,0.12
2024-04-09,Sachsen,14,00+,6,6,6,6,7,4056941,0.15,0.15,0.16,0.15,0.17
2024-04-08,Sachsen,14,00+,6,6,6,6,7,4056941,0.15,0.15,0.16,0.15,0.17
2024-04-07,Sachsen,14,00+,6,6,6,6,7,4056941,0.15,0.15,0.16,0.15,0.17
2024-04-06,Sachsen,14,00+,6,6,6,6,7,4056941,0.15,0.15,0.16,0.15,0.17
2024-04-05,Sachsen,14,00+,3,6,6,6,7,4056941,0.07,0.15,0.16,0.15,0.17
2024-04-04,Sachsen,14,00+,3,6,6,6,7,4056941,0.07,0.15,0.16,0.15,0.17
2024-04-03,Sachsen,14,00+,1,2,2,2,2,4056941,0.02,0.05,0.05,0.05,0.06
2024-04-02,Sachsen,14,00+,4,4,4,4,4,4056941,0.1,0.1,0.1,0.1,0.11
2024-04-01,Sachsen,14,00+,4,6,6,6,6,4056941,0.1,0.15,0.15,0.15,0.16
2024-03-31,Sachsen,14,00+,4,6,6,6,6,4056941,0.1,0.15,0.15,0.15,0.16
2024-03-30,Sachsen,14,00+,4,7,7,7,7,4056941,0.1,0.17,0.18,0.17,0.19
2024-03-29,Sachsen,14,00+,4,7,7,7,7,4056941,0.1,0.17,0.18,0.17,0.19
2024-03-28,Sachsen,14,00+,2,10,10,10,10,4056941,0.05,0.25,0.25,0.25,0.26
2024-03-27,Sachsen,14,00+,1,11,11,11,11,4056941,0.02,0.27,0.28,0.27,0.29
2024-03-26,Sachsen,14,00+,1,9,9,9,9,4056941,0.02,0.22,0.23,0.22,0.23
2024-03-25,Sachsen,14,00+,4,10,10,10,10,4056941,0.1,0.25,0.25,0.25,0.25
2024-03-24,Sachsen,14,00+,4,11,11,11,11,4056941,0.1,0.27,0.27,0.27,0.28
2024-03-23,Sachsen,14,00+,4,10,10,10,10,4056941,0.1,0.25,0.25,0.25,0.25
2024-03-22,Sachsen,14,00+,5,12,12,12,12,4056941,0.12,0.3,0.3,0.3,0.3
2024-03-21,Sachsen,14,00+,4,10,10,10,10,4056941,0.1,0.25,0.25,0.25,0.25
2024-03-20,Sachsen,14,00+,3,9,9,9,9,4056941,0.07,0.22,0.22,0.22,0.22
2024-03-19,Sachsen,14,00+,3,7,7,7,7,4056941,0.07,0.17,0.17,0.17,0.17
2024-03-18,Sachsen,14,00+,3,8,8,8,8,4056941,0.07,0.2,0.2,0.2,0.2
2024-03-17,Sachsen,14,00+,4,8,8,8,8,4056941,0.1,0.2,0.2,0.2,0.2
2024-03-16,Sachsen,14,00+,4,8,8,8,8,4056941,0.1,0.2,0.2,0.2,0.2
2024-03-15,Sachsen,14,00+,3,6,6,6,6,4056941,0.07,0.15,0.15,0.15,0.15
2024-03-14,Sachsen,14,00+,4,6,6,6,6,4056941,0.1,0.15,0.15,0.15,0.15
2024-03-13,Sachsen,14,00+,7,9,9,9,9,4056941,0.17,0.22,0.22,0.22,0.22
2024-03-12,Sachsen,14,00+,7,13,13,13,13,4056941,0.17,0.32,0.32,0.32,0.32
2024-03-11,Sachsen,14,00+,8,13,13,13,13,4056941,0.2,0.32,0.32,0.32,0.32
2024-03-10,Sachsen,14,00+,8,12,12,12,12,4056941,0.2,0.3,0.3,0.3,0.3
2024-03-09,Sachsen,14,00+,8,12,12,12,12,4056941,0.2,0.3,0.3,0.3,0.3
2024-03-08,Sachsen,14,00+,14,18,18,18,18,4056941,0.35,0.44,0.44,0.44,0.44
2024-03-07,Sachsen,14,00+,14,21,21,21,21,4056941,0.35,0.52,0.52,0.52,0.52
2024-03-06,Sachsen,14,00+,14,22,22,22,22,4056941,0.35,0.54,0.54,0.54,0.54
2024-03-05,Sachsen,14,00+,11,19,19,19,19,4056941,0.27,0.47,0.47,0.47,0.47
2024-03-04,Sachsen,14,00+,7,19,19,19,19,4056941,0.17,0.47,0.47,0.47,0.47
2024-03-03,Sachsen,14,00+,7,19,19,19,19,4056941,0.17,0.47,0.47,0.47,0.47
2024-03-02,Sachsen,14,00+,7,21,21,21,21,4056941,0.17,0.52,0.52,0.52,0.52
2024-03-01,Sachsen,14,00+,6,18,18,18,18,4056941,0.15,0.44,0.44,0.44,0.44
2024-02-29,Sachsen,14,00+,10,20,20,20,20,4056941,0.25,0.49,0.49,0.49,0.49
2024-02-28,Sachsen,14,00+,13,19,19,19,19,4056941,0.32,0.47,0.47,0.47,0.47
2024-02-27,Sachsen,14,00+,13,23,23,23,23,4056941,0.32,0.57,0.57,0.57,0.57
2024-02-26,Sachsen,14,00+,21,31,31,31,31,4056941,0.52,0.76,0.76,0.76,0.76
2024-02-25,Sachsen,14,00+,24,34,34,34,34,4056941,0.59,0.84,0.84,0.84,0.84
2024-02-24,Sachsen,14,00+,25,34,34,34,34,4056941,0.62,0.84,0.84,0.84,0.84
2024-02-23,Sachsen,14,00+,21,33,33,33,33,4056941,0.52,0.81,0.81,0.81,0.81
2024-02-22,Sachsen,14,00+,19,31,31,31,31,4056941,0.47,0.76,0.76,0.76,0.76
2024-02-21,Sachsen,14,00+,19,34,34,34,34,4056941,0.47,0.84,0.84,0.84,0.84
2024-02-20,Sachsen,14,00+,15,38,38,38,38,4056941,0.37,0.94,0.94,0.94,0.94
2024-02-19,Sachsen,14,00+,22,40,40,40,40,4056941,0.54,0.99,0.99,0.99,0.99
2024-02-18,Sachsen,14,00+,23,38,38,38,38,4056941,0.57,0.94,0.94,0.94,0.94
2024-02-17,Sachsen,14,00+,25,39,39,39,39,4056941,0.62,0.96,0.96,0.96,0.96
2024-02-16,Sachsen,14,00+,26,43,43,43,43,4056941,0.64,1.06,1.06,1.06,1.06
2024-02-15,Sachsen,14,00+,31,46,46,46,46,4056941,0.76,1.13,1.13,1.13,1.13
2024-02-14,Sachsen,14,00+,24,46,46,46,46,4056941,0.59,1.13,1.13,1.13,1.13
2024-02-13,Sachsen,14,00+,24,46,46,46,46,4056941,0.59,1.13,1.13,1.13,1.13
2024-02-12,Sachsen,14,00+,28,47,47,47,47,4056941,0.69,1.16,1.16,1.16,1.16
2024-02-11,Sachsen,14,00+,28,46,46,46,46,4056941,0.69,1.13,1.13,1.13,1.13
2024-02-10,Sachsen,14,00+,30,46,46,46,46,4056941,0.74,1.13,1.13,1.13,1.13
2024-02-09,Sachsen,14,00+,29,49,49,49,49,4056941,0.71,1.21,1.21,1.21,1.21
2024-02-08,Sachsen,14,00+,36,55,55,55,55,4056941,0.89,1.36,1.36,1.36,1.36
2024-02-07,Sachsen,14,00+,26,63,63,63,63,4056941,0.64,1.55,1.55,1.55,1.55
2024-02-06,Sachsen,14,00+,36,67,67,67,67,4056941,0.89,1.65,1.65,1.65,1.65
2024-02-05,Sachsen,14,00+,58,83,83,83,83,4056941,1.43,2.05,2.05,2.05,2.05
2024-02-04,Sachsen,14,00+,60,87,87,87,87,4056941,1.48,2.14,2.14,2.14,2.14
2024-02-03,Sachsen,14,00+,62,88,88,88,88,4056941,1.53,2.17,2.17,2.17,2.17
2024-02-02,Sachsen,14,00+,52,90,90,90,90,4056941,1.28,2.22,2.22,2.22,2.22
2024-02-01,Sachsen,14,00+,49,90,90,90,90,4056941,1.21,2.22,2.22,2.22,2.22
2024-01-31,Sachsen,14,00+,49,89,89,89,89,4056941,1.21,2.19,2.19,2.19,2.19
2024-01-30,Sachsen,14,00+,33,91,91,91,91,4056941,0.81,2.24,2.24,2.24,2.24
2024-01-29,Sachsen,14,00+,43,82,82,82,82,4056941,1.06,2.02,2.02,2.02,2.02
2024-01-28,Sachsen,14,00+,50,85,85,85,85,4056941,1.23,2.1,2.1,2.1,2.1
2024-01-27,Sachsen,14,00+,56,87,87,87,87,4056941,1.38,2.14,2.14,2.14,2.14
2024-01-26,Sachsen,14,00+,56,91,91,91,91,4056941,1.38,2.24,2.24,2.24,2.24
2024-01-25,Sachsen,14,00+,45,95,95,95,95,4056941,1.11,2.34,2.34,2.34,2.34
2024-01-24,Sachsen,14,00+,58,98,98,98,98,4056941,1.43,2.42,2.42,2.42,2.42
2024-01-23,Sachsen,14,00+,52,105,105,105,105,4056941,1.28,2.59,2.59,2.59,2.59
2024-01-22,Sachsen,14,00+,70,122,122,122,122,4056941,1.73,3.01,3.01,3.01,3.01
2024-01-21,Sachsen,14,00+,70,117,117,117,117,4056941,1.73,2.88,2.88,2.88,2.88
2024-01-20,Sachsen,14,00+,75,117,117,117,117,4056941,1.85,2.88,2.88,2.88,2.88
2024-01-19,Sachsen,14,00+,72,123,123,123,123,4056941,1.77,3.03,3.03,3.03,3.03
2024-01-18,Sachsen,14,00+,83,132,132,132,132,4056941,2.05,3.25,3.25,3.25,3.25
2024-01-17,Sachsen,14,00+,78,133,133,133,133,4056941,1.92,3.28,3.28,3.28,3.28
2024-01-16,Sachsen,14,00+,70,139,139,139,139,4056941,1.73,3.43,3.43,3.43,3.43
2024-01-15,Sachsen,14,00+,77,146,146,146,146,4056941,1.9,3.6,3.6,3.6,3.6
2024-01-14,Sachsen,14,00+,83,155,155,155,155,4056941,2.05,3.82,3.82,3.82,3.82
2024-01-13,Sachsen,14,00+,87,157,157,157,157,4056941,2.14,3.87,3.87,3.87,3.87
2024-01-12,Sachsen,14,00+,83,165,165,165,165,4056941,2.05,4.07,4.07,4.07,4.07
2024-01-11,Sachsen,14,00+,97,182,182,182,182,4056941,2.39,4.49,4.49,4.49,4.49
2024-01-10,Sachsen,14,00+,111,213,213,213,213,4056941,2.74,5.25,5.25,5.25,5.25
2024-01-09,Sachsen,14,00+,208,310,310,310,310,4056941,5.13,7.64,7.64,7.64,7.64
2024-01-08,Sachsen,14,00+,186,291,291,291,291,4056941,4.58,7.17,7.17,7.17,7.17
2024-01-07,Sachsen,14,00+,198,300,300,300,300,4056941,4.88,7.39,7.39,7.39,7.39
2024-01-06,Sachsen,14,00+,215,311,311,311,311,4056941,5.3,7.67,7.67,7.67,7.67
2024-01-05,Sachsen,14,00+,225,345,345,345,345,4056941,5.55,8.5,8.5,8.5,8.5
2024-01-04,Sachsen,14,00+,243,367,367,367,367,4056941,5.99,9.05,9.05,9.05,9.05
2024-01-03,Sachsen,14,00+,277,471,471,471,471,4056941,6.83,11.61,11.61,11.61,11.61
2024-01-02,Sachsen,14,00+,184,360,360,360,360,4056941,4.54,8.87,8.87,8.87,8.87
2024-01-01,Sachsen,14,00+,201,359,359,359,359,4056941,4.95,8.85,8.85,8.85,8.85
2023-12-31,Sachsen,14,00+,207,350,350,350,350,4056941,5.1,8.63,8.63,8.63,8.63
2023-12-30,Sachsen,14,00+,231,362,362,362,362,4056941,5.69,8.92,8.92,8.92,8.92
2023-12-29,Sachsen,14,00+,198,348,348,348,348,4056941,4.88,8.58,8.58,8.58,8.58
2023-12-28,Sachsen,14,00+,118,357,357,357,357,4056941,2.91,8.8,8.8,8.8,8.8
2023-12-27,Sachsen,14,00+,105,283,283,283,283,4056941,2.59,6.98,6.98,6.98,6.98
2023-12-26,Sachsen,14,00+,190,372,372,372,372,4056941,4.68,9.17,9.17,9.17,9.17
2023-12-25,Sachsen,14,00+,328,514,514,514,514,4056941,8.08,12.67,12.67,12.67,12.67
2023-12-24,Sachsen,14,00+,350,531,531,531,531,4056941,8.63,13.09,13.09,13.09,13.09
2023-12-23,Sachsen,14,00+,371,528,528,528,528,4056941,9.14,13.01,13.01,13.01,13.01
2023-12-22,Sachsen,14,00+,356,570,570,570,570,4056941,8.78,14.05,14.05,14.05,14.05
2023-12-21,Sachsen,14,00+,341,592,592,592,592,4056941,8.41,14.59,14.59,14.59,14.59
2023-12-20,Sachsen,14,00+,351,655,655,655,655,4056941,8.65,16.15,16.15,16.15,16.15
2023-12-19,Sachsen,14,00+,366,661,661,661,661,4056941,9.02,16.29,16.29,16.29,16.29
2023-12-18,Sachsen,14,00+,443,693,693,693,693,4056941,10.92,17.08,17.08,17.08,17.08
2023-12-17,Sachsen,14,00+,468,695,695,695,695,4056941,11.54,17.13,17.13,17.13,17.13
2023-12-16,Sachsen,14,00+,499,711,711,711,711,4056941,12.3,17.53,17.53,17.53,17.53
2023-12-15,Sachsen,14,00+,444,686,686,686,686,4056941,10.94,16.91,16.91,16.91,16.91
2023-12-14,Sachsen,14,00+,410,711,711,711,711,4056941,10.11,17.53,17.53,17.53,17.53
2023-12-13,Sachsen,14,00+,385,686,686,686,686,4056941,9.49,16.91,16.91,16.91,16.91
2023-12-12,Sachsen,14,00+,345,694,694,694,694,4056941,8.5,17.11,17.11,17.11,17.11
2023-12-11,Sachsen,14,00+,349,614,614,614,614,4056941,8.6,15.13,15.13,15.13,15.13
2023-12-10,Sachsen,14,00+,363,601,601,601,601,4056941,8.95,14.81,14.81,14.81,14.81
2023-12-09,Sachsen,14,00+,381,582,582,582,582,4056941,9.39,14.35,14.35,14.35,14.35
2023-12-08,Sachsen,14,00+,347,588,588,588,588,4056941,8.55,14.49,14.49,14.49,14.49
2023-12-07,Sachsen,14,00+,310,564,564,564,564,4056941,7.64,13.9,13.9,13.9,13.9
2023-12-06,Sachsen,14,00+,230,518,518,518,518,4056941,5.67,12.77,12.77,12.77,12.77
2023-12-05,Sachsen,14,00+,221,519,519,519,519,4056941,5.45,12.79,12.79,12.79,12.79
2023-12-04,Sachsen,14,00+,291,542,542,542,542,4056941,7.17,13.36,13.36,13.36,13.36
2023-12-03,Sachsen,14,00+,331,573,573,573,573,4056941,8.16,14.12,14.12,14.12,14.12
2023-12-02,Sachsen,14,00+,348,582,582,582,582,4056941,8.58,14.35,14.35,14.35,14.35
2023-12-01,Sachsen,14,00+,339,582,582,582,582,4056941,8.36,14.35,14.35,14.35,14.35
2023-11-30,Sachsen,14,00+,337,599,599,599,599,4056941,8.31,14.76,14.76,14.76,14.76
2023-11-29,Sachsen,14,00+,261,553,553,553,553,4056941,6.43,13.63,13.63,13.63,13.63
2023-11-28,Sachsen,14,00+,188,556,556,556,556,4056941,4.63,13.7,13.7,13.7,13.7
2023-11-27,Sachsen,14,00+,297,592,592,592,592,4056941,7.32,14.59,14.59,14.59,14.59
2023-11-26,Sachsen,14,00+,317,575,575,575,575,4056941,7.81,14.17,14.17,14.17,14.17
2023-11-25,Sachsen,14,00+,335,568,568,568,568,4056941,8.26,14,14,14,14
2023-11-24,Sachsen,14,00+,324,556,556,556,556,4056941,7.99,13.7,13.7,13.7,13.7
2023-11-23,Sachsen,14,00+,236,521,521,521,521,4056941,5.82,12.84,12.84,12.84,12.84
2023-11-22,Sachsen,14,00+,284,552,552,552,552,4056941,7,13.61,13.61,13.61,13.61
2023-11-21,Sachsen,14,00+,255,515,515,515,515,4056941,6.29,12.69,12.69,12.69,12.69
2023-11-20,Sachsen,14,00+,282,490,490,490,490,4056941,6.95,12.08,12.08,12.08,12.08
2023-11-19,Sachsen,14,00+,297,478,478,478,478,4056941,7.32,11.78,11.78,11.78,11.78
2023-11-18,Sachsen,14,00+,314,469,469,469,469,4056941,7.74,11.56,11.56,11.56,11.56
2023-11-17,Sachsen,14,00+,276,460,460,460,460,4056941,6.8,11.34,11.34,11.34,11.34
2023-11-16,Sachsen,14,00+,277,465,465,465,465,4056941,6.83,11.46,11.46,11.46,11.46
2023-11-15,Sachsen,14,00+,288,513,513,513,513,4056941,7.1,12.64,12.64,12.64,12.64
2023-11-14,Sachsen,14,00+,260,478,478,478,478,4056941,6.41,11.78,11.78,11.78,11.78
2023-11-13,Sachsen,14,00+,227,401,401,401,401,4056941,5.6,9.88,9.88,9.88,9.88
2023-11-12,Sachsen,14,00+,244,406,406,406,406,4056941,6.01,10.01,10.01,10.01,10.01
2023-11-11,Sachsen,14,00+,256,409,409,409,409,4056941,6.31,10.08,10.08,10.08,10.08
2023-11-10,Sachsen,14,00+,204,420,420,420,420,4056941,5.03,10.35,10.35,10.35,10.35
2023-11-09,Sachsen,14,00+,197,405,405,405,405,4056941,4.86,9.98,9.98,9.98,9.98
2023-11-08,Sachsen,14,00+,190,390,390,390,390,4056941,4.68,9.61,9.61,9.61,9.61
2023-11-07,Sachsen,14,00+,149,353,353,353,353,4056941,3.67,8.7,8.7,8.7,8.7
2023-11-06,Sachsen,14,00+,168,371,371,371,371,4056941,4.14,9.14,9.14,9.14,9.14
2023-11-05,Sachsen,14,00+,182,362,362,362,362,4056941,4.49,8.92,8.92,8.92,8.92
2023-11-04,Sachsen,14,00+,190,356,356,356,356,4056941,4.68,8.78,8.78,8.78,8.78
2023-11-03,Sachsen,14,00+,133,330,330,330,330,4056941,3.28,8.13,8.13,8.13,8.13
2023-11-02,Sachsen,14,00+,99,322,322,322,322,4056941,2.44,7.94,7.94,7.94,7.94
2023-11-01,Sachsen,14,00+,88,277,277,277,277,4056941,2.17,6.83,6.83,6.83,6.83
2023-10-31,Sachsen,14,00+,124,308,308,308,308,4056941,3.06,7.59,7.59,7.59,7.59
2023-10-30,Sachsen,14,00+,172,291,291,291,291,4056941,4.24,7.17,7.17,7.17,7.17
2023-10-29,Sachsen,14,00+,186,292,292,292,292,4056941,4.58,7.2,7.2,7.2,7.2
2023-10-28,Sachsen,14,00+,197,289,289,289,289,4056941,4.86,7.12,7.12,7.12,7.12
2023-10-27,Sachsen,14,00+,187,281,281,281,281,4056941,4.61,6.93,6.93,6.93,6.93
2023-10-26,Sachsen,14,00+,168,251,251,251,251,4056941,4.14,6.19,6.19,6.19,6.19
2023-10-25,Sachsen,14,00+,149,238,238,238,238,4056941,3.67,5.87,5.87,5.87,5.87
2023-10-24,Sachsen,14,00+,117,221,221,221,221,4056941,2.88,5.45,5.45,5.45,5.45
2023-10-23,Sachsen,14,00+,99,190,190,190,190,4056941,2.44,4.68,4.68,4.68,4.68
2023-10-22,Sachsen,14,00+,103,181,181,181,181,4056941,2.54,4.46,4.46,4.46,4.46
2023-10-21,Sachsen,14,00+,110,176,176,176,176,4056941,2.71,4.34,4.34,4.34,4.34
2023-10-20,Sachsen,14,00+,97,161,161,161,161,4056941,2.39,3.97,3.97,3.97,3.97
2023-10-19,Sachsen,14,00+,94,151,151,151,151,4056941,2.32,3.72,3.72,3.72,3.72
2023-10-18,Sachsen,14,00+,89,141,141,141,141,4056941,2.19,3.48,3.48,3.48,3.48
2023-10-17,Sachsen,14,00+,80,144,144,144,144,4056941,1.97,3.55,3.55,3.55,3.55
2023-10-16,Sachsen,14,00+,80,123,123,123,123,4056941,1.97,3.03,3.03,3.03,3.03
2023-10-15,Sachsen,14,00+,85,123,123,123,123,4056941,2.1,3.03,3.03,3.03,3.03
2023-10-14,Sachsen,14,00+,89,121,121,121,121,4056941,2.19,2.98,2.98,2.98,2.98
2023-10-13,Sachsen,14,00+,83,122,122,122,122,4056941,2.05,3.01,3.01,3.01,3.01
2023-10-12,Sachsen,14,00+,80,127,127,127,127,4056941,1.97,3.13,3.13,3.13,3.13
2023-10-11,Sachsen,14,00+,87,148,148,148,148,4056941,2.14,3.65,3.65,3.65,3.65
2023-10-10,Sachsen,14,00+,74,123,123,123,123,4056941,1.82,3.03,3.03,3.03,3.03
2023-10-09,Sachsen,14,00+,79,126,126,126,126,4056941,1.95,3.11,3.11,3.11,3.11
2023-10-08,Sachsen,14,00+,80,121,121,121,121,4056941,1.97,2.98,2.98,2.98,2.98
2023-10-07,Sachsen,14,00+,86,124,124,124,124,4056941,2.12,3.06,3.06,3.06,3.06
2023-10-06,Sachsen,14,00+,78,121,121,121,121,4056941,1.92,2.98,2.98,2.98,2.98
2023-10-05,Sachsen,14,00+,73,116,116,116,116,4056941,1.8,2.86,2.86,2.86,2.86
2023-10-04,Sachsen,14,00+,35,83,83,83,83,4056941,0.86,2.05,2.05,2.05,2.05
2023-10-03,Sachsen,14,00+,52,101,101,101,101,4056941,1.28,2.49,2.49,2.49,2.49
2023-10-02,Sachsen,14,00+,71,101,101,101,101,4056941,1.75,2.49,2.49,2.49,2.49
2023-10-01,Sachsen,14,00+,74,102,102,102,102,4056941,1.82,2.51,2.51,2.51,2.51
2023-09-30,Sachsen,14,00+,78,98,98,98,98,4056941,1.92,2.42,2.42,2.42,2.42
2023-09-29,Sachsen,14,00+,60,95,95,95,95,4056941,1.48,2.34,2.34,2.34,2.34
2023-09-28,Sachsen,14,00+,66,91,91,91,91,4056941,1.63,2.24,2.24,2.24,2.24
2023-09-27,Sachsen,14,00+,56,99,99,99,99,4056941,1.38,2.44,2.44,2.44,2.44
2023-09-26,Sachsen,14,00+,64,97,97,97,97,4056941,1.58,2.39,2.39,2.39,2.39
2023-09-25,Sachsen,14,00+,69,96,96,96,96,4056941,1.7,2.37,2.37,2.37,2.37
2023-09-24,Sachsen,14,00+,71,96,96,96,96,4056941,1.75,2.37,2.37,2.37,2.37
2023-09-23,Sachsen,14,00+,77,98,98,98,98,4056941,1.9,2.42,2.42,2.42,2.42
2023-09-22,Sachsen,14,00+,69,100,100,100,100,4056941,1.7,2.46,2.46,2.46,2.46
2023-09-21,Sachsen,14,00+,72,101,101,101,101,4056941,1.77,2.49,2.49,2.49,2.49
2023-09-20,Sachsen,14,00+,66,96,96,96,96,4056941,1.63,2.37,2.37,2.37,2.37
2023-09-19,Sachsen,14,00+,57,92,92,92,92,4056941,1.4,2.27,2.27,2.27,2.27
2023-09-18,Sachsen,14,00+,60,84,84,84,84,4056941,1.48,2.07,2.07,2.07,2.07
2023-09-17,Sachsen,14,00+,61,82,82,82,82,4056941,1.5,2.02,2.02,2.02,2.02
2023-09-16,Sachsen,14,00+,64,79,79,79,79,4056941,1.58,1.95,1.95,1.95,1.95
2023-09-15,Sachsen,14,00+,60,81,81,81,81,4056941,1.48,2,2,2,2
2023-09-14,Sachsen,14,00+,58,85,85,85,85,4056941,1.43,2.1,2.1,2.1,2.1
2023-09-13,Sachsen,14,00+,55,84,84,84,84,4056941,1.36,2.07,2.07,2.07,2.07
2023-09-12,Sachsen,14,00+,54,84,84,84,84,4056941,1.33,2.07,2.07,2.07,2.07
2023-09-11,Sachsen,14,00+,44,76,76,76,76,4056941,1.08,1.87,1.87,1.87,1.87
2023-09-10,Sachsen,14,00+,45,77,77,77,77,4056941,1.11,1.9,1.9,1.9,1.9
2023-09-09,Sachsen,14,00+,45,74,74,74,74,4056941,1.11,1.82,1.82,1.82,1.82
2023-09-08,Sachsen,14,00+,46,73,73,73,73,4056941,1.13,1.8,1.8,1.8,1.8
2023-09-07,Sachsen,14,00+,42,55,55,55,55,4056941,1.04,1.36,1.36,1.36,1.36
2023-09-06,Sachsen,14,00+,36,53,53,53,53,4056941,0.89,1.31,1.31,1.31,1.31
2023-09-05,Sachsen,14,00+,26,49,49,49,49,4056941,0.64,1.21,1.21,1.21,1.21
2023-09-04,Sachsen,14,00+,43,59,59,59,59,4056941,1.06,1.45,1.45,1.45,1.45
2023-09-03,Sachsen,14,00+,46,60,60,60,60,4056941,1.13,1.48,1.48,1.48,1.48
2023-09-02,Sachsen,14,00+,48,63,63,63,63,4056941,1.18,1.55,1.55,1.55,1.55
2023-09-01,Sachsen,14,00+,52,59,59,59,59,4056941,1.28,1.45,1.45,1.45,1.45
2023-08-31,Sachsen,14,00+,50,65,65,65,65,4056941,1.23,1.6,1.6,1.6,1.6
2023-08-30,Sachsen,14,00+,43,65,65,65,65,4056941,1.06,1.6,1.6,1.6,1.6
2023-08-29,Sachsen,14,00+,49,63,63,63,63,4056941,1.21,1.55,1.55,1.55,1.55
2023-08-28,Sachsen,14,00+,0,51,51,51,51,4056941,0,1.26,1.26,1.26,1.26
2023-08-27,Sachsen,14,00+,0,48,48,48,48,4056941,0,1.18,1.18,1.18,1.18
2023-08-26,Sachsen,14,00+,0,46,46,46,46,4056941,0,1.13,1.13,1.13,1.13
2023-08-25,Sachsen,14,00+,0,42,42,42,42,4056941,0,1.04,1.04,1.04,1.04
2023-08-24,Sachsen,14,00+,28,38,38,38,38,4056941,0.69,0.94,0.94,0.94,0.94
2023-08-23,Sachsen,14,00+,19,36,36,36,36,4056941,0.47,0.89,0.89,0.89,0.89
2023-08-22,Sachsen,14,00+,20,34,34,34,34,4056941,0.49,0.84,0.84,0.84,0.84
2023-08-21,Sachsen,14,00+,20,30,30,30,30,4056941,0.49,0.74,0.74,0.74,0.74
2023-08-20,Sachsen,14,00+,21,31,31,31,31,4056941,0.52,0.76,0.76,0.76,0.76
2023-08-19,Sachsen,14,00+,21,30,30,30,30,4056941,0.52,0.74,0.74,0.74,0.74
2023-08-18,Sachsen,14,00+,12,28,28,28,28,4056941,0.3,0.69,0.69,0.69,0.69
2023-08-17,Sachsen,14,00+,14,26,26,26,26,4056941,0.35,0.64,0.64,0.64,0.64
2023-08-16,Sachsen,14,00+,13,25,25,25,25,4056941,0.32,0.62,0.62,0.62,0.62
2023-08-15,Sachsen,14,00+,12,19,19,19,19,4056941,0.3,0.47,0.47,0.47,0.47
2023-08-14,Sachsen,14,00+,11,17,17,17,17,4056941,0.27,0.42,0.42,0.42,0.42
2023-08-13,Sachsen,14,00+,14,19,19,19,19,4056941,0.35,0.47,0.47,0.47,0.47
2023-08-12,Sachsen,14,00+,15,20,20,20,20,4056941,0.37,0.49,0.49,0.49,0.49
2023-08-11,Sachsen,14,00+,16,21,21,21,21,4056941,0.39,0.52,0.52,0.52,0.52
2023-08-10,Sachsen,14,00+,13,19,19,19,19,4056941,0.32,0.47,0.47,0.47,0.47
2023-08-09,Sachsen,14,00+,16,19,19,19,19,4056941,0.39,0.47,0.47,0.47,0.47
2023-08-08,Sachsen,14,00+,14,20,20,20,20,4056941,0.35,0.49,0.49,0.49,0.49
2023-08-07,Sachsen,14,00+,17,22,22,22,22,4056941,0.42,0.54,0.54,0.54,0.54
2023-08-06,Sachsen,14,00+,18,20,20,20,20,4056941,0.44,0.49,0.49,0.49,0.49
2023-08-05,Sachsen,14,00+,20,21,21,21,21,4056941,0.49,0.52,0.52,0.52,0.52
2023-08-04,Sachsen,14,00+,17,20,20,20,20,4056941,0.42,0.49,0.49,0.49,0.49
2023-08-03,Sachsen,14,00+,11,19,19,19,19,4056941,0.27,0.47,0.47,0.47,0.47
2023-08-02,Sachsen,14,00+,8,14,14,14,14,4056941,0.2,0.35,0.35,0.35,0.35
2023-08-01,Sachsen,14,00+,7,14,14,14,14,4056941,0.17,0.35,0.35,0.35,0.35
2023-07-31,Sachsen,14,00+,14,18,18,18,18,4056941,0.35,0.44,0.44,0.44,0.44
2023-07-30,Sachsen,14,00+,16,19,19,19,19,4056941,0.39,0.47,0.47,0.47,0.47
2023-07-29,Sachsen,14,00+,16,17,17,17,17,4056941,0.39,0.42,0.42,0.42,0.42
2023-07-28,Sachsen,14,00+,16,18,18,18,18,4056941,0.39,0.44,0.44,0.44,0.44
2023-07-27,Sachsen,14,00+,16,18,18,18,18,4056941,0.39,0.44,0.44,0.44,0.44
2023-07-26,Sachsen,14,00+,10,18,18,18,18,4056941,0.25,0.44,0.44,0.44,0.44
2023-07-25,Sachsen,14,00+,7,16,16,16,16,4056941,0.17,0.39,0.39,0.39,0.39
2023-07-24,Sachsen,14,00+,4,9,9,9,9,4056941,0.1,0.22,0.22,0.22,0.22
2023-07-23,Sachsen,14,00+,5,8,8,8,8,4056941,0.12,0.2,0.2,0.2,0.2
2023-07-22,Sachsen,14,00+,5,9,9,9,9,4056941,0.12,0.22,0.22,0.22,0.22
2023-07-21,Sachsen,14,00+,6,9,9,9,9,4056941,0.15,0.22,0.22,0.22,0.22
2023-07-20,Sachsen,14,00+,7,9,9,9,9,4056941,0.17,0.22,0.22,0.22,0.22
2023-07-19,Sachsen,14,00+,4,10,10,10,10,4056941,0.1,0.25,0.25,0.25,0.25
2023-07-18,Sachsen,14,00+,5,12,12,12,12,4056941,0.12,0.3,0.3,0.3,0.3
2023-07-17,Sachsen,14,00+,6,13,13,13,13,4056941,0.15,0.32,0.32,0.32,0.32
2023-07-16,Sachsen,14,00+,6,12,12,12,12,4056941,0.15,0.3,0.3,0.3,0.3
2023-07-15,Sachsen,14,00+,6,11,11,11,11,4056941,0.15,0.27,0.27,0.27,0.27
2023-07-14,Sachsen,14,00+,6,10,10,10,10,4056941,0.15,0.25,0.25,0.25,0.25
2023-07-13,Sachsen,14,00+,7,12,12,12,12,4056941,0.17,0.3,0.3,0.3,0.3
2023-07-12,Sachsen,14,00+,7,12,12,12,12,4056941,0.17,0.3,0.3,0.3,0.3
2023-07-11,Sachsen,14,00+,7,12,12,12,12,4056941,0.17,0.3,0.3,0.3,0.3
2023-07-10,Sachsen,14,00+,7,9,9,9,9,4056941,0.17,0.22,0.22,0.22,0.22
2023-07-09,Sachsen,14,00+,7,9,9,9,9,4056941,0.17,0.22,0.22,0.22,0.22
2023-07-08,Sachsen,14,00+,7,9,9,9,9,4056941,0.17,0.22,0.22,0.22,0.22
2023-07-07,Sachsen,14,00+,2,8,8,8,8,4056941,0.05,0.2,0.2,0.2,0.2
2023-07-06,Sachsen,14,00+,3,7,7,7,7,4056941,0.07,0.17,0.17,0.17,0.17
2023-07-05,Sachsen,14,00+,3,7,7,7,7,4056941,0.07,0.17,0.17,0.17,0.17
2023-07-04,Sachsen,14,00+,5,6,6,6,6,4056941,0.12,0.15,0.15,0.15,0.15
2023-07-03,Sachsen,14,00+,7,8,8,8,8,4056941,0.17,0.2,0.2,0.2,0.2
2023-07-02,Sachsen,14,00+,7,8,8,8,8,4056941,0.17,0.2,0.2,0.2,0.2
2023-07-01,Sachsen,14,00+,7,8,8,8,8,4056941,0.17,0.2,0.2,0.2,0.2
2023-06-30,Sachsen,14,00+,8,12,12,12,12,4056941,0.2,0.3,0.3,0.3,0.3
2023-06-29,Sachsen,14,00+,8,11,11,11,11,4056941,0.2,0.27,0.27,0.27,0.27
2023-06-28,Sachsen,14,00+,9,14,14,14,14,4056941,0.22,0.35,0.35,0.35,0.35
2023-06-27,Sachsen,14,00+,13,15,15,15,15,4056941,0.32,0.37,0.37,0.37,0.37
2023-06-26,Sachsen,14,00+,18,21,21,21,21,4056941,0.44,0.52,0.52,0.52,0.52
2023-06-25,Sachsen,14,00+,20,23,23,23,23,4056941,0.49,0.57,0.57,0.57,0.57
2023-06-24,Sachsen,14,00+,20,23,23,23,23,4056941,0.49,0.57,0.57,0.57,0.57
2023-06-23,Sachsen,14,00+,16,20,20,20,20,4056941,0.39,0.49,0.49,0.49,0.49
2023-06-22,Sachsen,14,00+,20,23,23,23,23,4056941,0.49,0.57,0.57,0.57,0.57
2023-06-21,Sachsen,14,00+,15,21,21,21,21,4056941,0.37,0.52,0.52,0.52,0.52
2023-06-20,Sachsen,14,00+,16,25,25,25,25,4056941,0.39,0.62,0.62,0.62,0.62
2023-06-19,Sachsen,14,00+,13,21,21,21,21,4056941,0.32,0.52,0.52,0.52,0.52
2023-06-18,Sachsen,14,00+,14,20,20,20,20,4056941,0.35,0.49,0.49,0.49,0.49
2023-06-17,Sachsen,14,00+,14,20,20,20,20,4056941,0.35,0.49,0.49,0.49,0.49
2023-06-16,Sachsen,14,00+,14,21,21,21,21,4056941,0.35,0.52,0.52,0.52,0.52
2023-06-15,Sachsen,14,00+,18,23,23,23,23,4056941,0.44,0.57,0.57,0.57,0.57
2023-06-14,Sachsen,14,00+,24,30,30,30,30,4056941,0.59,0.74,0.74,0.74,0.74
2023-06-13,Sachsen,14,00+,26,30,30,30,30,4056941,0.64,0.74,0.74,0.74,0.74
2023-06-12,Sachsen,14,00+,36,41,41,41,41,4056941,0.89,1.01,1.01,1.01,1.01
2023-06-11,Sachsen,14,00+,37,41,41,41,41,4056941,0.91,1.01,1.01,1.01,1.01
2023-06-10,Sachsen,14,00+,38,42,42,42,42,4056941,0.94,1.04,1.04,1.04,1.04
2023-06-09,Sachsen,14,00+,32,45,45,45,45,4056941,0.79,1.11,1.11,1.11,1.11
2023-06-08,Sachsen,14,00+,37,54,54,54,54,4056941,0.91,1.33,1.33,1.33,1.33
2023-06-07,Sachsen,14,00+,35,53,53,53,53,4056941,0.86,1.31,1.31,1.31,1.31
2023-06-06,Sachsen,14,00+,38,57,57,57,57,4056941,0.94,1.4,1.4,1.4,1.4
2023-06-05,Sachsen,14,00+,36,44,44,44,44,4056941,0.89,1.08,1.08,1.08,1.08
2023-06-04,Sachsen,14,00+,36,43,43,43,43,4056941,0.89,1.06,1.06,1.06,1.06
2023-06-03,Sachsen,14,00+,38,44,44,44,44,4056941,0.94,1.08,1.08,1.08,1.08
2023-06-02,Sachsen,14,00+,26,43,43,43,43,4056941,0.64,1.06,1.06,1.06,1.06
2023-06-01,Sachsen,14,00+,27,34,34,34,34,4056941,0.67,0.84,0.84,0.84,0.84
2023-05-31,Sachsen,14,00+,20,33,33,33,33,4056941,0.49,0.81,0.81,0.81,0.81
2023-05-30,Sachsen,14,00+,23,35,35,35,35,4056941,0.57,0.86,0.86,0.86,0.86
2023-05-29,Sachsen,14,00+,43,58,58,58,58,4056941,1.06,1.43,1.43,1.43,1.43
2023-05-28,Sachsen,14,00+,48,64,64,64,64,4056941,1.18,1.58,1.58,1.58,1.58
2023-05-27,Sachsen,14,00+,48,62,62,62,62,4056941,1.18,1.53,1.53,1.53,1.53
2023-05-26,Sachsen,14,00+,47,64,64,64,64,4056941,1.16,1.58,1.58,1.58,1.58
2023-05-25,Sachsen,14,00+,41,61,61,61,61,4056941,1.01,1.5,1.5,1.5,1.5
2023-05-24,Sachsen,14,00+,46,69,69,69,69,4056941,1.13,1.7,1.7,1.7,1.7
2023-05-23,Sachsen,14,00+,26,65,65,65,65,4056941,0.64,1.6,1.6,1.6,1.6
2023-05-22,Sachsen,14,00+,24,61,61,61,61,4056941,0.59,1.5,1.5,1.5,1.5
2023-05-21,Sachsen,14,00+,29,60,60,60,60,4056941,0.71,1.48,1.48,1.48,1.48
2023-05-20,Sachsen,14,00+,33,65,65,65,65,4056941,0.81,1.6,1.6,1.6,1.6
2023-05-19,Sachsen,14,00+,37,69,69,69,69,4056941,0.91,1.7,1.7,1.7,1.7
2023-05-18,Sachsen,14,00+,52,82,82,82,82,4056941,1.28,2.02,2.02,2.02,2.02
2023-05-17,Sachsen,14,00+,48,73,73,73,73,4056941,1.18,1.8,1.8,1.8,1.8
2023-05-16,Sachsen,14,00+,27,80,80,80,80,4056941,0.67,1.97,1.97,1.97,1.97
2023-05-15,Sachsen,14,00+,40,72,72,72,72,4056941,0.99,1.77,1.77,1.77,1.77
2023-05-14,Sachsen,14,00+,50,78,78,78,78,4056941,1.23,1.92,1.92,1.92,1.92
2023-05-13,Sachsen,14,00+,57,80,80,80,80,4056941,1.4,1.97,1.97,1.97,1.97
2023-05-12,Sachsen,14,00+,67,92,92,92,92,4056941,1.65,2.27,2.27,2.27,2.27
2023-05-11,Sachsen,14,00+,84,101,101,101,101,4056941,2.07,2.49,2.49,2.49,2.49
2023-05-10,Sachsen,14,00+,80,108,108,108,108,4056941,1.97,2.66,2.66,2.66,2.66
2023-05-09,Sachsen,14,00+,110,143,143,143,143,4056941,2.71,3.52,3.52,3.52,3.52
2023-05-08,Sachsen,14,00+,79,143,143,143,143,4056941,1.95,3.52,3.52,3.52,3.52
2023-05-07,Sachsen,14,00+,87,141,141,141,141,4056941,2.14,3.48,3.48,3.48,3.48
2023-05-06,Sachsen,14,00+,98,146,146,146,146,4056941,2.42,3.6,3.6,3.6,3.6
2023-05-05,Sachsen,14,00+,81,138,138,138,138,4056941,2,3.4,3.4,3.4,3.4
2023-05-04,Sachsen,14,00+,79,127,127,127,127,4056941,1.95,3.13,3.13,3.13,3.13
2023-05-03,Sachsen,14,00+,61,131,131,131,131,4056941,1.5,3.23,3.23,3.23,3.23
2023-05-02,Sachsen,14,00+,58,117,117,117,117,4056941,1.43,2.88,2.88,2.88,2.88
2023-05-01,Sachsen,14,00+,105,153,153,153,153,4056941,2.59,3.77,3.77,3.77,3.77
2023-04-30,Sachsen,14,00+,112,154,154,154,154,4056941,2.76,3.8,3.8,3.8,3.8
2023-04-29,Sachsen,14,00+,119,150,150,150,150,4056941,2.93,3.7,3.7,3.7,3.7
2023-04-28,Sachsen,14,00+,128,169,169,169,169,4056941,3.16,4.17,4.17,4.17,4.17
2023-04-27,Sachsen,14,00+,135,183,183,183,183,4056941,3.33,4.51,4.51,4.51,4.51
2023-04-26,Sachsen,14,00+,113,192,192,192,192,4056941,2.79,4.73,4.73,4.73,4.73
2023-04-25,Sachsen,14,00+,104,196,196,196,196,4056941,2.56,4.83,4.83,4.83,4.83
2023-04-24,Sachsen,14,00+,127,214,214,214,214,4056941,3.13,5.27,5.27,5.27,5.27
2023-04-23,Sachsen,14,00+,139,219,219,219,219,4056941,3.43,5.4,5.4,5.4,5.4
2023-04-22,Sachsen,14,00+,149,225,225,225,225,4056941,3.67,5.55,5.55,5.55,5.55
2023-04-21,Sachsen,14,00+,152,225,225,225,225,4056941,3.75,5.55,5.55,5.55,5.55
2023-04-20,Sachsen,14,00+,154,236,236,236,236,4056941,3.8,5.82,5.82,5.82,5.82
2023-04-19,Sachsen,14,00+,153,259,259,259,259,4056941,3.77,6.38,6.38,6.38,6.38
2023-04-18,Sachsen,14,00+,190,329,329,329,329,4056941,4.68,8.11,8.11,8.11,8.11
2023-04-17,Sachsen,14,00+,154,273,273,273,273,4056941,3.8,6.73,6.73,6.73,6.73
2023-04-16,Sachsen,14,00+,159,263,263,263,263,4056941,3.92,6.48,6.48,6.48,6.48
2023-04-15,Sachsen,14,00+,167,260,260,260,260,4056941,4.12,6.41,6.41,6.41,6.41
2023-04-14,Sachsen,14,00+,153,236,236,236,236,4056941,3.77,5.82,5.82,5.82,5.82
2023-04-13,Sachsen,14,00+,138,235,235,235,235,4056941,3.4,5.79,5.79,5.79,5.79
2023-04-12,Sachsen,14,00+,94,219,219,219,219,4056941,2.32,5.4,5.4,5.4,5.4
2023-04-11,Sachsen,14,00+,78,170,170,170,170,4056941,1.92,4.19,4.19,4.19,4.19
2023-04-10,Sachsen,14,00+,146,246,246,246,246,4056941,3.6,6.06,6.06,6.06,6.06
2023-04-09,Sachsen,14,00+,158,255,255,255,255,4056941,3.89,6.29,6.29,6.29,6.29
2023-04-08,Sachsen,14,00+,192,279,279,279,279,4056941,4.73,6.88,6.88,6.88,6.88
2023-04-07,Sachsen,14,00+,214,297,297,297,297,4056941,5.27,7.32,7.32,7.32,7.32
2023-04-06,Sachsen,14,00+,215,319,319,319,319,4056941,5.3,7.86,7.86,7.86,7.86
2023-04-05,Sachsen,14,00+,205,328,328,328,328,4056941,5.05,8.08,8.08,8.08,8.08
2023-04-04,Sachsen,14,00+,190,337,337,337,337,4056941,4.68,8.31,8.31,8.31,8.31
2023-04-03,Sachsen,14,00+,220,349,349,349,349,4056941,5.42,8.6,8.6,8.6,8.6
2023-04-02,Sachsen,14,00+,250,367,367,367,367,4056941,6.16,9.05,9.05,9.05,9.05
2023-04-01,Sachsen,14,00+,268,354,354,354,354,4056941,6.61,8.73,8.73,8.73,8.73
2023-03-31,Sachsen,14,00+,258,377,377,377,377,4056941,6.36,9.29,9.29,9.29,9.29
2023-03-30,Sachsen,14,00+,257,386,386,386,386,4056941,6.33,9.51,9.51,9.51,9.51
2023-03-29,Sachsen,14,00+,250,401,401,401,401,4056941,6.16,9.88,9.88,9.88,9.88
2023-03-28,Sachsen,14,00+,201,392,392,392,392,4056941,4.95,9.66,9.66,9.66,9.66
2023-03-27,Sachsen,14,00+,249,418,418,418,418,4056941,6.14,10.3,10.3,10.3,10.3
2023-03-26,Sachsen,14,00+,280,421,421,421,421,4056941,6.9,10.38,10.38,10.38,10.38
2023-03-25,Sachsen,14,00+,303,424,424,424,424,4056941,7.47,10.45,10.45,10.45,10.45
2023-03-24,Sachsen,14,00+,294,435,435,435,435,4056941,7.25,10.72,10.72,10.72,10.72
2023-03-23,Sachsen,14,00+,285,450,450,450,450,4056941,7.02,11.09,11.09,11.09,11.09
2023-03-22,Sachsen,14,00+,153,475,475,475,475,4056941,3.77,11.71,11.71,11.71,11.71
2023-03-21,Sachsen,14,00+,230,519,519,519,519,4056941,5.67,12.79,12.79,12.79,12.79
2023-03-20,Sachsen,14,00+,251,503,503,503,503,4056941,6.19,12.4,12.4,12.4,12.4
2023-03-19,Sachsen,14,00+,273,500,500,500,500,4056941,6.73,12.32,12.32,12.32,12.32
2023-03-18,Sachsen,14,00+,286,496,496,496,496,4056941,7.05,12.23,12.23,12.23,12.23
2023-03-17,Sachsen,14,00+,268,482,482,482,482,4056941,6.61,11.88,11.88,11.88,11.88
2023-03-16,Sachsen,14,00+,180,437,437,437,437,4056941,4.44,10.77,10.77,10.77,10.77
2023-03-15,Sachsen,14,00+,173,417,417,417,417,4056941,4.26,10.28,10.28,10.28,10.28
2023-03-14,Sachsen,14,00+,159,368,368,368,368,4056941,3.92,9.07,9.07,9.07,9.07
2023-03-13,Sachsen,14,00+,174,338,338,338,338,4056941,4.29,8.33,8.33,8.33,8.33
2023-03-12,Sachsen,14,00+,185,324,324,324,324,4056941,4.56,7.99,7.99,7.99,7.99
2023-03-11,Sachsen,14,00+,196,318,318,318,318,4056941,4.83,7.84,7.84,7.84,7.84
2023-03-10,Sachsen,14,00+,193,313,313,313,313,4056941,4.76,7.72,7.72,7.72,7.72
2023-03-09,Sachsen,14,00+,174,305,305,305,305,4056941,4.29,7.52,7.52,7.52,7.52
2023-03-08,Sachsen,14,00+,142,280,280,280,280,4056941,3.5,6.9,6.9,6.9,6.9
2023-03-07,Sachsen,14,00+,115,281,281,281,281,4056941,2.83,6.93,6.93,6.93,6.93
2023-03-06,Sachsen,14,00+,141,284,284,284,284,4056941,3.48,7,7,7,7
2023-03-05,Sachsen,14,00+,151,277,277,277,277,4056941,3.72,6.83,6.83,6.83,6.83
2023-03-04,Sachsen,14,00+,167,281,281,281,281,4056941,4.12,6.93,6.93,6.93,6.93
2023-03-03,Sachsen,14,00+,190,295,295,295,295,4056941,4.68,7.27,7.27,7.27,7.27
2023-03-02,Sachsen,14,00+,206,326,326,326,326,4056941,5.08,8.04,8.04,8.04,8.04
2023-03-01,Sachsen,14,00+,210,347,347,347,347,4056941,5.18,8.55,8.55,8.55,8.55
2023-02-28,Sachsen,14,00+,195,345,345,345,345,4056941,4.81,8.5,8.5,8.5,8.5
2023-02-27,Sachsen,14,00+,219,374,374,374,374,4056941,5.4,9.22,9.22,9.22,9.22
2023-02-26,Sachsen,14,00+,244,395,395,395,395,4056941,6.01,9.74,9.74,9.74,9.74
2023-02-25,Sachsen,14,00+,249,383,383,383,383,4056941,6.14,9.44,9.44,9.44,9.44
2023-02-24,Sachsen,14,00+,220,371,371,371,371,4056941,5.42,9.14,9.14,9.14,9.14
2023-02-23,Sachsen,14,00+,220,365,365,365,365,4056941,5.42,9,9,9,9
2023-02-22,Sachsen,14,00+,203,361,361,361,361,4056941,5,8.9,8.9,8.9,8.9
2023-02-21,Sachsen,14,00+,171,364,364,364,364,4056941,4.21,8.97,8.97,8.97,8.97
2023-02-20,Sachsen,14,00+,157,324,324,324,324,4056941,3.87,7.99,7.99,7.99,7.99
2023-02-19,Sachsen,14,00+,172,310,310,310,310,4056941,4.24,7.64,7.64,7.64,7.64
2023-02-18,Sachsen,14,00+,187,319,319,319,319,4056941,4.61,7.86,7.86,7.86,7.86
2023-02-17,Sachsen,14,00+,183,308,308,308,308,4056941,4.51,7.59,7.59,7.59,7.59
2023-02-16,Sachsen,14,00+,165,288,288,288,288,4056941,4.07,7.1,7.1,7.1,7.1
2023-02-15,Sachsen,14,00+,144,268,268,268,268,4056941,3.55,6.61,6.61,6.61,6.61
2023-02-14,Sachsen,14,00+,119,244,244,244,244,4056941,2.93,6.01,6.01,6.01,6.01
2023-02-13,Sachsen,14,00+,124,237,237,237,237,4056941,3.06,5.84,5.84,5.84,5.84
2023-02-12,Sachsen,14,00+,130,228,228,228,228,4056941,3.2,5.62,5.62,5.62,5.62
2023-02-11,Sachsen,14,00+,139,221,221,221,221,4056941,3.43,5.45,5.45,5.45,5.45
2023-02-10,Sachsen,14,00+,131,213,213,213,213,4056941,3.23,5.25,5.25,5.25,5.25
2023-02-09,Sachsen,14,00+,112,205,205,205,205,4056941,2.76,5.05,5.05,5.05,5.05
2023-02-08,Sachsen,14,00+,94,205,205,205,205,4056941,2.32,5.05,5.05,5.05,5.05
2023-02-07,Sachsen,14,00+,84,223,223,223,223,4056941,2.07,5.5,5.5,5.5,5.5
2023-02-06,Sachsen,14,00+,117,216,216,216,216,4056941,2.88,5.32,5.32,5.32,5.32
2023-02-05,Sachsen,14,00+,119,209,209,209,209,4056941,2.93,5.15,5.15,5.15,5.15
2023-02-04,Sachsen,14,00+,130,211,211,211,211,4056941,3.2,5.2,5.2,5.2,5.2
2023-02-03,Sachsen,14,00+,145,226,226,226,226,4056941,3.57,5.57,5.57,5.57,5.57
2023-02-02,Sachsen,14,00+,141,226,226,226,226,4056941,3.48,5.57,5.57,5.57,5.57
2023-02-01,Sachsen,14,00+,130,231,231,231,231,4056941,3.2,5.69,5.69,5.69,5.69
2023-01-31,Sachsen,14,00+,116,212,212,212,212,4056941,2.86,5.23,5.23,5.23,5.23
2023-01-30,Sachsen,14,00+,109,188,188,188,188,4056941,2.69,4.63,4.63,4.63,4.63
2023-01-29,Sachsen,14,00+,112,191,191,191,191,4056941,2.76,4.71,4.71,4.71,4.71
2023-01-28,Sachsen,14,00+,126,194,194,194,194,4056941,3.11,4.78,4.78,4.78,4.78
2023-01-27,Sachsen,14,00+,111,176,176,176,176,4056941,2.74,4.34,4.34,4.34,4.34
2023-01-26,Sachsen,14,00+,109,181,181,181,181,4056941,2.69,4.46,4.46,4.46,4.46
2023-01-25,Sachsen,14,00+,94,170,170,170,170,4056941,2.32,4.19,4.19,4.19,4.19
2023-01-24,Sachsen,14,00+,114,186,186,186,186,4056941,2.81,4.58,4.58,4.58,4.58
2023-01-23,Sachsen,14,00+,134,206,206,206,206,4056941,3.3,5.08,5.08,5.08,5.08
2023-01-22,Sachsen,14,00+,146,213,213,213,213,4056941,3.6,5.25,5.25,5.25,5.25
2023-01-21,Sachsen,14,00+,157,211,211,211,211,4056941,3.87,5.2,5.2,5.2,5.2
2023-01-20,Sachsen,14,00+,145,216,216,216,216,4056941,3.57,5.32,5.32,5.32,5.32
2023-01-19,Sachsen,14,00+,156,220,220,220,220,4056941,3.85,5.42,5.42,5.42,5.42
2023-01-18,Sachsen,14,00+,129,217,217,217,217,4056941,3.18,5.35,5.35,5.35,5.35
2023-01-17,Sachsen,14,00+,113,221,221,221,221,4056941,2.79,5.45,5.45,5.45,5.45
2023-01-16,Sachsen,14,00+,152,254,254,254,254,4056941,3.75,6.26,6.26,6.26,6.26
2023-01-15,Sachsen,14,00+,162,255,255,255,255,4056941,3.99,6.29,6.29,6.29,6.29
2023-01-14,Sachsen,14,00+,177,260,260,260,260,4056941,4.36,6.41,6.41,6.41,6.41
2023-01-13,Sachsen,14,00+,179,284,284,284,284,4056941,4.41,7,7,7,7
2023-01-12,Sachsen,14,00+,193,302,302,302,302,4056941,4.76,7.44,7.44,7.44,7.44
2023-01-11,Sachsen,14,00+,190,343,343,343,343,4056941,4.68,8.45,8.45,8.45,8.45
2023-01-10,Sachsen,14,00+,215,383,383,383,383,4056941,5.3,9.44,9.44,9.44,9.44
2023-01-09,Sachsen,14,00+,291,432,432,432,432,4056941,7.17,10.65,10.65,10.65,10.65
2023-01-08,Sachsen,14,00+,312,441,441,441,441,4056941,7.69,10.87,10.87,10.87,10.87
2023-01-07,Sachsen,14,00+,334,0,0,0,0,4056941,8.23,0,0,0,0
2023-01-06,Sachsen,14,00+,342,0,0,0,0,4056941,8.43,0,0,0,0
2023-01-05,Sachsen,14,00+,346,0,0,0,0,4056941,8.53,0,0,0,0
2023-01-04,Sachsen,14,00+,308,0,0,0,0,4056941,7.59,0,0,0,0
2023-01-03,Sachsen,14,00+,325,0,0,0,0,4056941,8.01,0,0,0,0
2023-01-02,Sachsen,14,00+,234,0,0,0,0,4056941,5.77,0,0,0,0
2024-04-19,Sachsen-Anhalt,15,00+,4,4,NA,NA,NA,2180684,0.18,0.18,NA,NA,NA
2024-04-18,Sachsen-Anhalt,15,00+,4,5,NA,NA,NA,2180684,0.18,0.23,NA,NA,NA
2024-04-17,Sachsen-Anhalt,15,00+,2,2,NA,NA,NA,2180684,0.09,0.09,NA,NA,NA
2024-04-16,Sachsen-Anhalt,15,00+,2,2,2,2,2,2180684,0.09,0.09,0.11,0.1,0.13
2024-04-15,Sachsen-Anhalt,15,00+,3,3,3,3,4,2180684,0.14,0.14,0.15,0.14,0.19
2024-04-14,Sachsen-Anhalt,15,00+,3,3,3,3,4,2180684,0.14,0.14,0.15,0.14,0.19
2024-04-13,Sachsen-Anhalt,15,00+,3,3,3,3,4,2180684,0.14,0.14,0.15,0.14,0.19
2024-04-12,Sachsen-Anhalt,15,00+,5,6,6,6,7,2180684,0.23,0.28,0.3,0.28,0.35
2024-04-11,Sachsen-Anhalt,15,00+,8,8,8,8,9,2180684,0.37,0.37,0.39,0.37,0.44
2024-04-10,Sachsen-Anhalt,15,00+,9,10,10,10,11,2180684,0.41,0.46,0.48,0.46,0.53
2024-04-09,Sachsen-Anhalt,15,00+,12,13,13,13,15,2180684,0.55,0.6,0.63,0.6,0.69
2024-04-08,Sachsen-Anhalt,15,00+,10,11,11,11,12,2180684,0.46,0.5,0.53,0.51,0.57
2024-04-07,Sachsen-Anhalt,15,00+,10,11,11,11,12,2180684,0.46,0.5,0.53,0.51,0.57
2024-04-06,Sachsen-Anhalt,15,00+,10,11,11,11,12,2180684,0.46,0.5,0.53,0.51,0.57
2024-04-05,Sachsen-Anhalt,15,00+,7,8,8,8,9,2180684,0.32,0.37,0.38,0.37,0.41
2024-04-04,Sachsen-Anhalt,15,00+,5,6,6,6,6,2180684,0.23,0.28,0.29,0.28,0.31
2024-04-03,Sachsen-Anhalt,15,00+,3,5,5,5,5,2180684,0.14,0.23,0.24,0.23,0.26
2024-04-02,Sachsen-Anhalt,15,00+,2,2,2,2,2,2180684,0.09,0.09,0.09,0.09,0.1
2024-04-01,Sachsen-Anhalt,15,00+,6,6,6,6,6,2180684,0.28,0.28,0.28,0.28,0.3
2024-03-31,Sachsen-Anhalt,15,00+,6,6,6,6,6,2180684,0.28,0.28,0.28,0.28,0.3
2024-03-30,Sachsen-Anhalt,15,00+,6,6,6,6,6,2180684,0.28,0.28,0.28,0.28,0.3
2024-03-29,Sachsen-Anhalt,15,00+,7,7,7,7,7,2180684,0.32,0.32,0.33,0.32,0.34
2024-03-28,Sachsen-Anhalt,15,00+,6,6,6,6,6,2180684,0.28,0.28,0.28,0.28,0.29
2024-03-27,Sachsen-Anhalt,15,00+,6,6,6,6,6,2180684,0.28,0.28,0.28,0.28,0.29
2024-03-26,Sachsen-Anhalt,15,00+,7,8,8,8,8,2180684,0.32,0.37,0.37,0.37,0.39
2024-03-25,Sachsen-Anhalt,15,00+,7,7,7,7,7,2180684,0.32,0.32,0.32,0.32,0.33
2024-03-24,Sachsen-Anhalt,15,00+,7,7,7,7,7,2180684,0.32,0.32,0.32,0.32,0.33
2024-03-23,Sachsen-Anhalt,15,00+,7,7,7,7,7,2180684,0.32,0.32,0.32,0.32,0.33
2024-03-22,Sachsen-Anhalt,15,00+,7,7,7,7,7,2180684,0.32,0.32,0.32,0.32,0.33
2024-03-21,Sachsen-Anhalt,15,00+,6,7,7,7,7,2180684,0.28,0.32,0.32,0.32,0.33
2024-03-20,Sachsen-Anhalt,15,00+,9,9,9,9,9,2180684,0.41,0.41,0.41,0.41,0.42
2024-03-19,Sachsen-Anhalt,15,00+,6,7,7,7,7,2180684,0.28,0.32,0.32,0.32,0.32
2024-03-18,Sachsen-Anhalt,15,00+,7,7,7,7,7,2180684,0.32,0.32,0.32,0.32,0.32
2024-03-17,Sachsen-Anhalt,15,00+,7,7,7,7,7,2180684,0.32,0.32,0.32,0.32,0.32
2024-03-16,Sachsen-Anhalt,15,00+,7,7,7,7,7,2180684,0.32,0.32,0.32,0.32,0.32
2024-03-15,Sachsen-Anhalt,15,00+,8,8,8,8,8,2180684,0.37,0.37,0.37,0.37,0.37
2024-03-14,Sachsen-Anhalt,15,00+,8,9,9,9,9,2180684,0.37,0.41,0.41,0.41,0.41
2024-03-13,Sachsen-Anhalt,15,00+,8,9,9,9,9,2180684,0.37,0.41,0.41,0.41,0.41
2024-03-12,Sachsen-Anhalt,15,00+,8,10,10,10,10,2180684,0.37,0.46,0.46,0.46,0.46
2024-03-11,Sachsen-Anhalt,15,00+,8,11,11,11,11,2180684,0.37,0.5,0.5,0.5,0.5
2024-03-10,Sachsen-Anhalt,15,00+,8,11,11,11,11,2180684,0.37,0.5,0.5,0.5,0.5
2024-03-09,Sachsen-Anhalt,15,00+,8,11,11,11,11,2180684,0.37,0.5,0.5,0.5,0.5
2024-03-08,Sachsen-Anhalt,15,00+,8,9,9,9,9,2180684,0.37,0.41,0.41,0.41,0.41
2024-03-07,Sachsen-Anhalt,15,00+,9,10,10,10,10,2180684,0.41,0.46,0.46,0.46,0.46
2024-03-06,Sachsen-Anhalt,15,00+,10,10,10,10,10,2180684,0.46,0.46,0.46,0.46,0.46
2024-03-05,Sachsen-Anhalt,15,00+,7,9,9,9,9,2180684,0.32,0.41,0.41,0.41,0.41
2024-03-04,Sachsen-Anhalt,15,00+,11,11,11,11,11,2180684,0.5,0.5,0.5,0.5,0.5
2024-03-03,Sachsen-Anhalt,15,00+,11,11,11,11,11,2180684,0.5,0.5,0.5,0.5,0.5
2024-03-02,Sachsen-Anhalt,15,00+,12,12,12,12,12,2180684,0.55,0.55,0.55,0.55,0.55
2024-03-01,Sachsen-Anhalt,15,00+,11,12,12,12,12,2180684,0.5,0.55,0.55,0.55,0.55
2024-02-29,Sachsen-Anhalt,15,00+,13,14,14,14,14,2180684,0.6,0.64,0.64,0.64,0.64
2024-02-28,Sachsen-Anhalt,15,00+,13,13,13,13,13,2180684,0.6,0.6,0.6,0.6,0.6
2024-02-27,Sachsen-Anhalt,15,00+,13,15,15,15,15,2180684,0.6,0.69,0.69,0.69,0.69
2024-02-26,Sachsen-Anhalt,15,00+,9,12,12,12,12,2180684,0.41,0.55,0.55,0.55,0.55
2024-02-25,Sachsen-Anhalt,15,00+,9,12,12,12,12,2180684,0.41,0.55,0.55,0.55,0.55
2024-02-24,Sachsen-Anhalt,15,00+,10,12,12,12,12,2180684,0.46,0.55,0.55,0.55,0.55
2024-02-23,Sachsen-Anhalt,15,00+,8,13,13,13,13,2180684,0.37,0.6,0.6,0.6,0.6
2024-02-22,Sachsen-Anhalt,15,00+,7,10,10,10,10,2180684,0.32,0.46,0.46,0.46,0.46
2024-02-21,Sachsen-Anhalt,15,00+,12,14,14,14,14,2180684,0.55,0.64,0.64,0.64,0.64
2024-02-20,Sachsen-Anhalt,15,00+,15,17,17,17,17,2180684,0.69,0.78,0.78,0.78,0.78
2024-02-19,Sachsen-Anhalt,15,00+,20,23,23,23,23,2180684,0.92,1.05,1.05,1.05,1.05
2024-02-18,Sachsen-Anhalt,15,00+,20,24,24,24,24,2180684,0.92,1.1,1.1,1.1,1.1
2024-02-17,Sachsen-Anhalt,15,00+,20,23,23,23,23,2180684,0.92,1.05,1.05,1.05,1.05
2024-02-16,Sachsen-Anhalt,15,00+,24,27,27,27,27,2180684,1.1,1.24,1.24,1.24,1.24
2024-02-15,Sachsen-Anhalt,15,00+,20,28,28,28,28,2180684,0.92,1.28,1.28,1.28,1.28
2024-02-14,Sachsen-Anhalt,15,00+,21,29,29,29,29,2180684,0.96,1.33,1.33,1.33,1.33
2024-02-13,Sachsen-Anhalt,15,00+,21,28,28,28,28,2180684,0.96,1.28,1.28,1.28,1.28
2024-02-12,Sachsen-Anhalt,15,00+,27,30,30,30,30,2180684,1.24,1.38,1.38,1.38,1.38
2024-02-11,Sachsen-Anhalt,15,00+,27,29,29,29,29,2180684,1.24,1.33,1.33,1.33,1.33
2024-02-10,Sachsen-Anhalt,15,00+,27,29,29,29,29,2180684,1.24,1.33,1.33,1.33,1.33
2024-02-09,Sachsen-Anhalt,15,00+,24,27,27,27,27,2180684,1.1,1.24,1.24,1.24,1.24
2024-02-08,Sachsen-Anhalt,15,00+,21,30,30,30,30,2180684,0.96,1.38,1.38,1.38,1.38
2024-02-07,Sachsen-Anhalt,15,00+,17,30,30,30,30,2180684,0.78,1.38,1.38,1.38,1.38
2024-02-06,Sachsen-Anhalt,15,00+,21,30,30,30,30,2180684,0.96,1.38,1.38,1.38,1.38
2024-02-05,Sachsen-Anhalt,15,00+,37,40,40,40,40,2180684,1.7,1.83,1.83,1.83,1.83
2024-02-04,Sachsen-Anhalt,15,00+,37,40,40,40,40,2180684,1.7,1.83,1.83,1.83,1.83
2024-02-03,Sachsen-Anhalt,15,00+,37,40,40,40,40,2180684,1.7,1.83,1.83,1.83,1.83
2024-02-02,Sachsen-Anhalt,15,00+,39,41,41,41,41,2180684,1.79,1.88,1.88,1.88,1.88
2024-02-01,Sachsen-Anhalt,15,00+,44,44,44,44,44,2180684,2.02,2.02,2.02,2.02,2.02
2024-01-31,Sachsen-Anhalt,15,00+,37,41,41,41,41,2180684,1.7,1.88,1.88,1.88,1.88
2024-01-30,Sachsen-Anhalt,15,00+,37,46,46,46,46,2180684,1.7,2.11,2.11,2.11,2.11
2024-01-29,Sachsen-Anhalt,15,00+,34,40,40,40,40,2180684,1.56,1.83,1.83,1.83,1.83
2024-01-28,Sachsen-Anhalt,15,00+,34,40,40,40,40,2180684,1.56,1.83,1.83,1.83,1.83
2024-01-27,Sachsen-Anhalt,15,00+,34,40,40,40,40,2180684,1.56,1.83,1.83,1.83,1.83
2024-01-26,Sachsen-Anhalt,15,00+,34,43,43,43,43,2180684,1.56,1.97,1.97,1.97,1.97
2024-01-25,Sachsen-Anhalt,15,00+,33,42,42,42,42,2180684,1.51,1.93,1.93,1.93,1.93
2024-01-24,Sachsen-Anhalt,15,00+,36,44,44,44,44,2180684,1.65,2.02,2.02,2.02,2.02
2024-01-23,Sachsen-Anhalt,15,00+,36,46,46,46,46,2180684,1.65,2.11,2.11,2.11,2.11
2024-01-22,Sachsen-Anhalt,15,00+,48,53,53,53,53,2180684,2.2,2.43,2.43,2.43,2.43
2024-01-21,Sachsen-Anhalt,15,00+,48,53,53,53,53,2180684,2.2,2.43,2.43,2.43,2.43
2024-01-20,Sachsen-Anhalt,15,00+,48,53,53,53,53,2180684,2.2,2.43,2.43,2.43,2.43
2024-01-19,Sachsen-Anhalt,15,00+,48,55,55,55,55,2180684,2.2,2.52,2.52,2.52,2.52
2024-01-18,Sachsen-Anhalt,15,00+,61,67,67,67,67,2180684,2.8,3.07,3.07,3.07,3.07
2024-01-17,Sachsen-Anhalt,15,00+,58,66,66,66,66,2180684,2.66,3.03,3.03,3.03,3.03
2024-01-16,Sachsen-Anhalt,15,00+,64,74,74,74,74,2180684,2.93,3.39,3.39,3.39,3.39
2024-01-15,Sachsen-Anhalt,15,00+,70,76,76,76,76,2180684,3.21,3.49,3.49,3.49,3.49
2024-01-14,Sachsen-Anhalt,15,00+,70,77,77,77,77,2180684,3.21,3.53,3.53,3.53,3.53
2024-01-13,Sachsen-Anhalt,15,00+,70,77,77,77,77,2180684,3.21,3.53,3.53,3.53,3.53
2024-01-12,Sachsen-Anhalt,15,00+,73,79,79,79,79,2180684,3.35,3.62,3.62,3.62,3.62
2024-01-11,Sachsen-Anhalt,15,00+,77,86,86,86,86,2180684,3.53,3.94,3.94,3.94,3.94
2024-01-10,Sachsen-Anhalt,15,00+,84,110,110,110,110,2180684,3.85,5.04,5.04,5.04,5.04
2024-01-09,Sachsen-Anhalt,15,00+,149,168,168,168,168,2180684,6.83,7.7,7.7,7.7,7.7
2024-01-08,Sachsen-Anhalt,15,00+,145,155,155,155,155,2180684,6.65,7.11,7.11,7.11,7.11
2024-01-07,Sachsen-Anhalt,15,00+,151,161,161,161,161,2180684,6.92,7.38,7.38,7.38,7.38
2024-01-06,Sachsen-Anhalt,15,00+,155,165,165,165,165,2180684,7.11,7.57,7.57,7.57,7.57
2024-01-05,Sachsen-Anhalt,15,00+,172,190,190,190,190,2180684,7.89,8.71,8.71,8.71,8.71
2024-01-04,Sachsen-Anhalt,15,00+,180,198,198,198,198,2180684,8.25,9.08,9.08,9.08,9.08
2024-01-03,Sachsen-Anhalt,15,00+,228,264,264,264,264,2180684,10.46,12.11,12.11,12.11,12.11
2024-01-02,Sachsen-Anhalt,15,00+,146,187,187,187,187,2180684,6.7,8.58,8.58,8.58,8.58
2024-01-01,Sachsen-Anhalt,15,00+,146,176,176,176,176,2180684,6.7,8.07,8.07,8.07,8.07
2023-12-31,Sachsen-Anhalt,15,00+,149,172,172,172,172,2180684,6.83,7.89,7.89,7.89,7.89
2023-12-30,Sachsen-Anhalt,15,00+,150,170,170,170,170,2180684,6.88,7.8,7.8,7.8,7.8
2023-12-29,Sachsen-Anhalt,15,00+,127,156,156,156,156,2180684,5.82,7.15,7.15,7.15,7.15
2023-12-28,Sachsen-Anhalt,15,00+,142,176,176,176,176,2180684,6.51,8.07,8.07,8.07,8.07
2023-12-27,Sachsen-Anhalt,15,00+,117,138,138,138,138,2180684,5.37,6.33,6.33,6.33,6.33
2023-12-26,Sachsen-Anhalt,15,00+,243,268,268,268,268,2180684,11.14,12.29,12.29,12.29,12.29
2023-12-25,Sachsen-Anhalt,15,00+,336,367,367,367,367,2180684,15.41,16.83,16.83,16.83,16.83
2023-12-24,Sachsen-Anhalt,15,00+,336,364,364,364,364,2180684,15.41,16.69,16.69,16.69,16.69
2023-12-23,Sachsen-Anhalt,15,00+,336,362,362,362,362,2180684,15.41,16.6,16.6,16.6,16.6
2023-12-22,Sachsen-Anhalt,15,00+,338,375,375,375,375,2180684,15.5,17.2,17.2,17.2,17.2
2023-12-21,Sachsen-Anhalt,15,00+,325,393,393,393,393,2180684,14.9,18.02,18.02,18.02,18.02
2023-12-20,Sachsen-Anhalt,15,00+,284,449,449,449,449,2180684,13.02,20.59,20.59,20.59,20.59
2023-12-19,Sachsen-Anhalt,15,00+,317,380,380,380,380,2180684,14.54,17.43,17.43,17.43,17.43
2023-12-18,Sachsen-Anhalt,15,00+,404,455,455,455,455,2180684,18.53,20.87,20.87,20.87,20.87
2023-12-17,Sachsen-Anhalt,15,00+,404,455,455,455,455,2180684,18.53,20.87,20.87,20.87,20.87
2023-12-16,Sachsen-Anhalt,15,00+,404,455,455,455,455,2180684,18.53,20.87,20.87,20.87,20.87
2023-12-15,Sachsen-Anhalt,15,00+,407,480,480,480,480,2180684,18.66,22.01,22.01,22.01,22.01
2023-12-14,Sachsen-Anhalt,15,00+,383,464,464,464,464,2180684,17.56,21.28,21.28,21.28,21.28
2023-12-13,Sachsen-Anhalt,15,00+,303,402,402,402,402,2180684,13.89,18.43,18.43,18.43,18.43
2023-12-12,Sachsen-Anhalt,15,00+,291,418,418,418,418,2180684,13.34,19.17,19.17,19.17,19.17
2023-12-11,Sachsen-Anhalt,15,00+,238,316,316,316,316,2180684,10.91,14.49,14.49,14.49,14.49
2023-12-10,Sachsen-Anhalt,15,00+,238,316,316,316,316,2180684,10.91,14.49,14.49,14.49,14.49
2023-12-09,Sachsen-Anhalt,15,00+,238,316,316,316,316,2180684,10.91,14.49,14.49,14.49,14.49
2023-12-08,Sachsen-Anhalt,15,00+,234,297,297,297,297,2180684,10.73,13.62,13.62,13.62,13.62
2023-12-07,Sachsen-Anhalt,15,00+,240,290,290,290,290,2180684,11.01,13.3,13.3,13.3,13.3
2023-12-06,Sachsen-Anhalt,15,00+,191,287,287,287,287,2180684,8.76,13.16,13.16,13.16,13.16
2023-12-05,Sachsen-Anhalt,15,00+,249,305,305,305,305,2180684,11.42,13.99,13.99,13.99,13.99
2023-12-04,Sachsen-Anhalt,15,00+,350,397,397,397,397,2180684,16.05,18.21,18.21,18.21,18.21
2023-12-03,Sachsen-Anhalt,15,00+,350,397,397,397,397,2180684,16.05,18.21,18.21,18.21,18.21
2023-12-02,Sachsen-Anhalt,15,00+,350,397,397,397,397,2180684,16.05,18.21,18.21,18.21,18.21
2023-12-01,Sachsen-Anhalt,15,00+,340,392,392,392,392,2180684,15.59,17.98,17.98,17.98,17.98
2023-11-30,Sachsen-Anhalt,15,00+,323,383,383,383,383,2180684,14.81,17.56,17.56,17.56,17.56
2023-11-29,Sachsen-Anhalt,15,00+,283,388,388,388,388,2180684,12.98,17.79,17.79,17.79,17.79
2023-11-28,Sachsen-Anhalt,15,00+,295,378,378,378,378,2180684,13.53,17.33,17.33,17.33,17.33
2023-11-27,Sachsen-Anhalt,15,00+,299,338,338,338,338,2180684,13.71,15.5,15.5,15.5,15.5
2023-11-26,Sachsen-Anhalt,15,00+,299,338,338,338,338,2180684,13.71,15.5,15.5,15.5,15.5
2023-11-25,Sachsen-Anhalt,15,00+,299,338,338,338,338,2180684,13.71,15.5,15.5,15.5,15.5
2023-11-24,Sachsen-Anhalt,15,00+,305,354,354,354,354,2180684,13.99,16.23,16.23,16.23,16.23
2023-11-23,Sachsen-Anhalt,15,00+,317,370,370,370,370,2180684,14.54,16.97,16.97,16.97,16.97
2023-11-22,Sachsen-Anhalt,15,00+,294,363,363,363,363,2180684,13.48,16.65,16.65,16.65,16.65
2023-11-21,Sachsen-Anhalt,15,00+,282,358,358,358,358,2180684,12.93,16.42,16.42,16.42,16.42
2023-11-20,Sachsen-Anhalt,15,00+,300,350,350,350,350,2180684,13.76,16.05,16.05,16.05,16.05
2023-11-19,Sachsen-Anhalt,15,00+,301,352,352,352,352,2180684,13.8,16.14,16.14,16.14,16.14
2023-11-18,Sachsen-Anhalt,15,00+,301,352,352,352,352,2180684,13.8,16.14,16.14,16.14,16.14
2023-11-17,Sachsen-Anhalt,15,00+,229,327,327,327,327,2180684,10.5,15,15,15,15
2023-11-16,Sachsen-Anhalt,15,00+,291,353,353,353,353,2180684,13.34,16.19,16.19,16.19,16.19
2023-11-15,Sachsen-Anhalt,15,00+,252,358,358,358,358,2180684,11.56,16.42,16.42,16.42,16.42
2023-11-14,Sachsen-Anhalt,15,00+,214,318,318,318,318,2180684,9.81,14.58,14.58,14.58,14.58
2023-11-13,Sachsen-Anhalt,15,00+,244,284,284,284,284,2180684,11.19,13.02,13.02,13.02,13.02
2023-11-12,Sachsen-Anhalt,15,00+,251,289,289,289,289,2180684,11.51,13.25,13.25,13.25,13.25
2023-11-11,Sachsen-Anhalt,15,00+,254,292,292,292,292,2180684,11.65,13.39,13.39,13.39,13.39
2023-11-10,Sachsen-Anhalt,15,00+,254,300,300,300,300,2180684,11.65,13.76,13.76,13.76,13.76
2023-11-09,Sachsen-Anhalt,15,00+,212,276,276,276,276,2180684,9.72,12.66,12.66,12.66,12.66
2023-11-08,Sachsen-Anhalt,15,00+,297,339,339,339,339,2180684,13.62,15.55,15.55,15.55,15.55
2023-11-07,Sachsen-Anhalt,15,00+,228,300,300,300,300,2180684,10.46,13.76,13.76,13.76,13.76
2023-11-06,Sachsen-Anhalt,15,00+,225,271,271,271,271,2180684,10.32,12.43,12.43,12.43,12.43
2023-11-05,Sachsen-Anhalt,15,00+,226,266,266,266,266,2180684,10.36,12.2,12.2,12.2,12.2
2023-11-04,Sachsen-Anhalt,15,00+,226,265,265,265,265,2180684,10.36,12.15,12.15,12.15,12.15
2023-11-03,Sachsen-Anhalt,15,00+,193,260,260,260,260,2180684,8.85,11.92,11.92,11.92,11.92
2023-11-02,Sachsen-Anhalt,15,00+,164,244,244,244,244,2180684,7.52,11.19,11.19,11.19,11.19
2023-11-01,Sachsen-Anhalt,15,00+,131,164,164,164,164,2180684,6.01,7.52,7.52,7.52,7.52
2023-10-31,Sachsen-Anhalt,15,00+,174,207,207,207,207,2180684,7.98,9.49,9.49,9.49,9.49
2023-10-30,Sachsen-Anhalt,15,00+,177,203,203,203,203,2180684,8.12,9.31,9.31,9.31,9.31
2023-10-29,Sachsen-Anhalt,15,00+,182,206,206,206,206,2180684,8.35,9.45,9.45,9.45,9.45
2023-10-28,Sachsen-Anhalt,15,00+,186,208,208,208,208,2180684,8.53,9.54,9.54,9.54,9.54
2023-10-27,Sachsen-Anhalt,15,00+,156,189,189,189,189,2180684,7.15,8.67,8.67,8.67,8.67
2023-10-26,Sachsen-Anhalt,15,00+,139,170,170,170,170,2180684,6.37,7.8,7.8,7.8,7.8
2023-10-25,Sachsen-Anhalt,15,00+,126,162,162,162,162,2180684,5.78,7.43,7.43,7.43,7.43
2023-10-24,Sachsen-Anhalt,15,00+,119,149,149,149,149,2180684,5.46,6.83,6.83,6.83,6.83
2023-10-23,Sachsen-Anhalt,15,00+,113,141,141,141,141,2180684,5.18,6.47,6.47,6.47,6.47
2023-10-22,Sachsen-Anhalt,15,00+,114,138,138,138,138,2180684,5.23,6.33,6.33,6.33,6.33
2023-10-21,Sachsen-Anhalt,15,00+,115,135,135,135,135,2180684,5.27,6.19,6.19,6.19,6.19
2023-10-20,Sachsen-Anhalt,15,00+,120,147,147,147,147,2180684,5.5,6.74,6.74,6.74,6.74
2023-10-19,Sachsen-Anhalt,15,00+,109,136,136,136,136,2180684,5,6.24,6.24,6.24,6.24
2023-10-18,Sachsen-Anhalt,15,00+,93,128,128,128,128,2180684,4.26,5.87,5.87,5.87,5.87
2023-10-17,Sachsen-Anhalt,15,00+,82,115,115,115,115,2180684,3.76,5.27,5.27,5.27,5.27
2023-10-16,Sachsen-Anhalt,15,00+,98,122,122,122,122,2180684,4.49,5.59,5.59,5.59,5.59
2023-10-15,Sachsen-Anhalt,15,00+,99,122,122,122,122,2180684,4.54,5.59,5.59,5.59,5.59
2023-10-14,Sachsen-Anhalt,15,00+,99,121,121,121,121,2180684,4.54,5.55,5.55,5.55,5.55
2023-10-13,Sachsen-Anhalt,15,00+,86,114,114,114,114,2180684,3.94,5.23,5.23,5.23,5.23
2023-10-12,Sachsen-Anhalt,15,00+,79,115,115,115,115,2180684,3.62,5.27,5.27,5.27,5.27
2023-10-11,Sachsen-Anhalt,15,00+,94,128,128,128,128,2180684,4.31,5.87,5.87,5.87,5.87
2023-10-10,Sachsen-Anhalt,15,00+,71,115,115,115,115,2180684,3.26,5.27,5.27,5.27,5.27
2023-10-09,Sachsen-Anhalt,15,00+,61,86,86,86,86,2180684,2.8,3.94,3.94,3.94,3.94
2023-10-08,Sachsen-Anhalt,15,00+,61,84,84,84,84,2180684,2.8,3.85,3.85,3.85,3.85
2023-10-07,Sachsen-Anhalt,15,00+,63,86,86,86,86,2180684,2.89,3.94,3.94,3.94,3.94
2023-10-06,Sachsen-Anhalt,15,00+,45,78,78,78,78,2180684,2.06,3.58,3.58,3.58,3.58
2023-10-05,Sachsen-Anhalt,15,00+,48,80,80,80,80,2180684,2.2,3.67,3.67,3.67,3.67
2023-10-04,Sachsen-Anhalt,15,00+,39,61,61,61,61,2180684,1.79,2.8,2.8,2.8,2.8
2023-10-03,Sachsen-Anhalt,15,00+,57,74,74,74,74,2180684,2.61,3.39,3.39,3.39,3.39
2023-10-02,Sachsen-Anhalt,15,00+,69,80,80,80,80,2180684,3.16,3.67,3.67,3.67,3.67
2023-10-01,Sachsen-Anhalt,15,00+,71,82,82,82,82,2180684,3.26,3.76,3.76,3.76,3.76
2023-09-30,Sachsen-Anhalt,15,00+,72,81,81,81,81,2180684,3.3,3.71,3.71,3.71,3.71
2023-09-29,Sachsen-Anhalt,15,00+,65,84,84,84,84,2180684,2.98,3.85,3.85,3.85,3.85
2023-09-28,Sachsen-Anhalt,15,00+,68,81,81,81,81,2180684,3.12,3.71,3.71,3.71,3.71
2023-09-27,Sachsen-Anhalt,15,00+,65,75,75,75,75,2180684,2.98,3.44,3.44,3.44,3.44
2023-09-26,Sachsen-Anhalt,15,00+,48,72,72,72,72,2180684,2.2,3.3,3.3,3.3,3.3
2023-09-25,Sachsen-Anhalt,15,00+,48,67,67,67,67,2180684,2.2,3.07,3.07,3.07,3.07
2023-09-24,Sachsen-Anhalt,15,00+,48,66,66,66,66,2180684,2.2,3.03,3.03,3.03,3.03
2023-09-23,Sachsen-Anhalt,15,00+,54,71,71,71,71,2180684,2.48,3.26,3.26,3.26,3.26
2023-09-22,Sachsen-Anhalt,15,00+,45,65,65,65,65,2180684,2.06,2.98,2.98,2.98,2.98
2023-09-21,Sachsen-Anhalt,15,00+,50,63,63,63,63,2180684,2.29,2.89,2.89,2.89,2.89
2023-09-20,Sachsen-Anhalt,15,00+,48,68,68,68,68,2180684,2.2,3.12,3.12,3.12,3.12
2023-09-19,Sachsen-Anhalt,15,00+,42,67,67,67,67,2180684,1.93,3.07,3.07,3.07,3.07
2023-09-18,Sachsen-Anhalt,15,00+,48,64,64,64,64,2180684,2.2,2.93,2.93,2.93,2.93
2023-09-17,Sachsen-Anhalt,15,00+,49,64,64,64,64,2180684,2.25,2.93,2.93,2.93,2.93
2023-09-16,Sachsen-Anhalt,15,00+,51,60,60,60,60,2180684,2.34,2.75,2.75,2.75,2.75
2023-09-15,Sachsen-Anhalt,15,00+,60,69,69,69,69,2180684,2.75,3.16,3.16,3.16,3.16
2023-09-14,Sachsen-Anhalt,15,00+,51,65,65,65,65,2180684,2.34,2.98,2.98,2.98,2.98
2023-09-13,Sachsen-Anhalt,15,00+,23,59,59,59,59,2180684,1.05,2.71,2.71,2.71,2.71
2023-09-12,Sachsen-Anhalt,15,00+,28,50,50,50,50,2180684,1.28,2.29,2.29,2.29,2.29
2023-09-11,Sachsen-Anhalt,15,00+,42,48,48,48,48,2180684,1.93,2.2,2.2,2.2,2.2
2023-09-10,Sachsen-Anhalt,15,00+,42,47,47,47,47,2180684,1.93,2.16,2.16,2.16,2.16
2023-09-09,Sachsen-Anhalt,15,00+,42,45,45,45,45,2180684,1.93,2.06,2.06,2.06,2.06
2023-09-08,Sachsen-Anhalt,15,00+,27,35,35,35,35,2180684,1.24,1.61,1.61,1.61,1.61
2023-09-07,Sachsen-Anhalt,15,00+,27,33,33,33,33,2180684,1.24,1.51,1.51,1.51,1.51
2023-09-06,Sachsen-Anhalt,15,00+,19,31,31,31,31,2180684,0.87,1.42,1.42,1.42,1.42
2023-09-05,Sachsen-Anhalt,15,00+,15,32,32,32,32,2180684,0.69,1.47,1.47,1.47,1.47
2023-09-04,Sachsen-Anhalt,15,00+,16,27,27,27,27,2180684,0.73,1.24,1.24,1.24,1.24
2023-09-03,Sachsen-Anhalt,15,00+,16,27,27,27,27,2180684,0.73,1.24,1.24,1.24,1.24
2023-09-02,Sachsen-Anhalt,15,00+,16,27,27,27,27,2180684,0.73,1.24,1.24,1.24,1.24
2023-09-01,Sachsen-Anhalt,15,00+,17,27,27,27,27,2180684,0.78,1.24,1.24,1.24,1.24
2023-08-31,Sachsen-Anhalt,15,00+,18,24,24,24,24,2180684,0.83,1.1,1.1,1.1,1.1
2023-08-30,Sachsen-Anhalt,15,00+,18,25,25,25,25,2180684,0.83,1.15,1.15,1.15,1.15
2023-08-29,Sachsen-Anhalt,15,00+,20,27,27,27,27,2180684,0.92,1.24,1.24,1.24,1.24
2023-08-28,Sachsen-Anhalt,15,00+,0,23,23,23,23,2180684,0,1.05,1.05,1.05,1.05
2023-08-27,Sachsen-Anhalt,15,00+,0,23,23,23,23,2180684,0,1.05,1.05,1.05,1.05
2023-08-26,Sachsen-Anhalt,15,00+,0,28,28,28,28,2180684,0,1.28,1.28,1.28,1.28
2023-08-25,Sachsen-Anhalt,15,00+,0,25,25,25,25,2180684,0,1.15,1.15,1.15,1.15
2023-08-24,Sachsen-Anhalt,15,00+,18,27,27,27,27,2180684,0.83,1.24,1.24,1.24,1.24
2023-08-23,Sachsen-Anhalt,15,00+,21,30,30,30,30,2180684,0.96,1.38,1.38,1.38,1.38
2023-08-22,Sachsen-Anhalt,15,00+,19,26,26,26,26,2180684,0.87,1.19,1.19,1.19,1.19
2023-08-21,Sachsen-Anhalt,15,00+,19,28,28,28,28,2180684,0.87,1.28,1.28,1.28,1.28
2023-08-20,Sachsen-Anhalt,15,00+,19,28,28,28,28,2180684,0.87,1.28,1.28,1.28,1.28
2023-08-19,Sachsen-Anhalt,15,00+,19,23,23,23,23,2180684,0.87,1.05,1.05,1.05,1.05
2023-08-18,Sachsen-Anhalt,15,00+,19,23,23,23,23,2180684,0.87,1.05,1.05,1.05,1.05
2023-08-17,Sachsen-Anhalt,15,00+,18,22,22,22,22,2180684,0.83,1.01,1.01,1.01,1.01
2023-08-16,Sachsen-Anhalt,15,00+,15,18,18,18,18,2180684,0.69,0.83,0.83,0.83,0.83
2023-08-15,Sachsen-Anhalt,15,00+,12,15,15,15,15,2180684,0.55,0.69,0.69,0.69,0.69
2023-08-14,Sachsen-Anhalt,15,00+,7,10,10,10,10,2180684,0.32,0.46,0.46,0.46,0.46
2023-08-13,Sachsen-Anhalt,15,00+,7,10,10,10,10,2180684,0.32,0.46,0.46,0.46,0.46
2023-08-12,Sachsen-Anhalt,15,00+,7,10,10,10,10,2180684,0.32,0.46,0.46,0.46,0.46
2023-08-11,Sachsen-Anhalt,15,00+,8,12,12,12,12,2180684,0.37,0.55,0.55,0.55,0.55
2023-08-10,Sachsen-Anhalt,15,00+,9,11,11,11,11,2180684,0.41,0.5,0.5,0.5,0.5
2023-08-09,Sachsen-Anhalt,15,00+,7,8,8,8,8,2180684,0.32,0.37,0.37,0.37,0.37
2023-08-08,Sachsen-Anhalt,15,00+,5,9,9,9,9,2180684,0.23,0.41,0.41,0.41,0.41
2023-08-07,Sachsen-Anhalt,15,00+,7,10,10,10,10,2180684,0.32,0.46,0.46,0.46,0.46
2023-08-06,Sachsen-Anhalt,15,00+,7,10,10,10,10,2180684,0.32,0.46,0.46,0.46,0.46
2023-08-05,Sachsen-Anhalt,15,00+,7,10,10,10,10,2180684,0.32,0.46,0.46,0.46,0.46
2023-08-04,Sachsen-Anhalt,15,00+,8,9,9,9,9,2180684,0.37,0.41,0.41,0.41,0.41
2023-08-03,Sachsen-Anhalt,15,00+,8,9,9,9,9,2180684,0.37,0.41,0.41,0.41,0.41
2023-08-02,Sachsen-Anhalt,15,00+,9,10,10,10,10,2180684,0.41,0.46,0.46,0.46,0.46
2023-08-01,Sachsen-Anhalt,15,00+,10,10,10,10,10,2180684,0.46,0.46,0.46,0.46,0.46
2023-07-31,Sachsen-Anhalt,15,00+,11,11,11,11,11,2180684,0.5,0.5,0.5,0.5,0.5
2023-07-30,Sachsen-Anhalt,15,00+,11,11,11,11,11,2180684,0.5,0.5,0.5,0.5,0.5
2023-07-29,Sachsen-Anhalt,15,00+,11,11,11,11,11,2180684,0.5,0.5,0.5,0.5,0.5
2023-07-28,Sachsen-Anhalt,15,00+,10,10,10,10,10,2180684,0.46,0.46,0.46,0.46,0.46
2023-07-27,Sachsen-Anhalt,15,00+,8,9,9,9,9,2180684,0.37,0.41,0.41,0.41,0.41
2023-07-26,Sachsen-Anhalt,15,00+,10,10,10,10,10,2180684,0.46,0.46,0.46,0.46,0.46
2023-07-25,Sachsen-Anhalt,15,00+,8,9,9,9,9,2180684,0.37,0.41,0.41,0.41,0.41
2023-07-24,Sachsen-Anhalt,15,00+,3,5,5,5,5,2180684,0.14,0.23,0.23,0.23,0.23
2023-07-23,Sachsen-Anhalt,15,00+,3,5,5,5,5,2180684,0.14,0.23,0.23,0.23,0.23
2023-07-22,Sachsen-Anhalt,15,00+,3,5,5,5,5,2180684,0.14,0.23,0.23,0.23,0.23
2023-07-21,Sachsen-Anhalt,15,00+,3,4,4,4,4,2180684,0.14,0.18,0.18,0.18,0.18
2023-07-20,Sachsen-Anhalt,15,00+,4,6,6,6,6,2180684,0.18,0.28,0.28,0.28,0.28
2023-07-19,Sachsen-Anhalt,15,00+,4,5,5,5,5,2180684,0.18,0.23,0.23,0.23,0.23
2023-07-18,Sachsen-Anhalt,15,00+,8,8,8,8,8,2180684,0.37,0.37,0.37,0.37,0.37
2023-07-17,Sachsen-Anhalt,15,00+,6,7,7,7,7,2180684,0.28,0.32,0.32,0.32,0.32
2023-07-16,Sachsen-Anhalt,15,00+,6,7,7,7,7,2180684,0.28,0.32,0.32,0.32,0.32
2023-07-15,Sachsen-Anhalt,15,00+,6,7,7,7,7,2180684,0.28,0.32,0.32,0.32,0.32
2023-07-14,Sachsen-Anhalt,15,00+,7,8,8,8,8,2180684,0.32,0.37,0.37,0.37,0.37
2023-07-13,Sachsen-Anhalt,15,00+,5,7,7,7,7,2180684,0.23,0.32,0.32,0.32,0.32
2023-07-12,Sachsen-Anhalt,15,00+,4,6,6,6,6,2180684,0.18,0.28,0.28,0.28,0.28
2023-07-11,Sachsen-Anhalt,15,00+,4,5,5,5,5,2180684,0.18,0.23,0.23,0.23,0.23
2023-07-10,Sachsen-Anhalt,15,00+,4,6,6,6,6,2180684,0.18,0.28,0.28,0.28,0.28
2023-07-09,Sachsen-Anhalt,15,00+,4,6,6,6,6,2180684,0.18,0.28,0.28,0.28,0.28
2023-07-08,Sachsen-Anhalt,15,00+,4,6,6,6,6,2180684,0.18,0.28,0.28,0.28,0.28
2023-07-07,Sachsen-Anhalt,15,00+,4,6,6,6,6,2180684,0.18,0.28,0.28,0.28,0.28
2023-07-06,Sachsen-Anhalt,15,00+,4,5,5,5,5,2180684,0.18,0.23,0.23,0.23,0.23
2023-07-05,Sachsen-Anhalt,15,00+,5,6,6,6,6,2180684,0.23,0.28,0.28,0.28,0.28
2023-07-04,Sachsen-Anhalt,15,00+,3,5,5,5,5,2180684,0.14,0.23,0.23,0.23,0.23
2023-07-03,Sachsen-Anhalt,15,00+,8,9,9,9,9,2180684,0.37,0.41,0.41,0.41,0.41
2023-07-02,Sachsen-Anhalt,15,00+,8,9,9,9,9,2180684,0.37,0.41,0.41,0.41,0.41
2023-07-01,Sachsen-Anhalt,15,00+,8,9,9,9,9,2180684,0.37,0.41,0.41,0.41,0.41
2023-06-30,Sachsen-Anhalt,15,00+,8,10,10,10,10,2180684,0.37,0.46,0.46,0.46,0.46
2023-06-29,Sachsen-Anhalt,15,00+,13,15,15,15,15,2180684,0.6,0.69,0.69,0.69,0.69
2023-06-28,Sachsen-Anhalt,15,00+,11,15,15,15,15,2180684,0.5,0.69,0.69,0.69,0.69
2023-06-27,Sachsen-Anhalt,15,00+,16,19,19,19,19,2180684,0.73,0.87,0.87,0.87,0.87
2023-06-26,Sachsen-Anhalt,15,00+,19,22,22,22,22,2180684,0.87,1.01,1.01,1.01,1.01
2023-06-25,Sachsen-Anhalt,15,00+,19,22,22,22,22,2180684,0.87,1.01,1.01,1.01,1.01
2023-06-24,Sachsen-Anhalt,15,00+,19,22,22,22,22,2180684,0.87,1.01,1.01,1.01,1.01
2023-06-23,Sachsen-Anhalt,15,00+,16,21,21,21,21,2180684,0.73,0.96,0.96,0.96,0.96
2023-06-22,Sachsen-Anhalt,15,00+,15,18,18,18,18,2180684,0.69,0.83,0.83,0.83,0.83
2023-06-21,Sachsen-Anhalt,15,00+,11,20,20,20,20,2180684,0.5,0.92,0.92,0.92,0.92
2023-06-20,Sachsen-Anhalt,15,00+,12,18,18,18,18,2180684,0.55,0.83,0.83,0.83,0.83
2023-06-19,Sachsen-Anhalt,15,00+,15,15,15,15,15,2180684,0.69,0.69,0.69,0.69,0.69
2023-06-18,Sachsen-Anhalt,15,00+,15,15,15,15,15,2180684,0.69,0.69,0.69,0.69,0.69
2023-06-17,Sachsen-Anhalt,15,00+,15,15,15,15,15,2180684,0.69,0.69,0.69,0.69,0.69
2023-06-16,Sachsen-Anhalt,15,00+,14,15,15,15,15,2180684,0.64,0.69,0.69,0.69,0.69
2023-06-15,Sachsen-Anhalt,15,00+,16,18,18,18,18,2180684,0.73,0.83,0.83,0.83,0.83
2023-06-14,Sachsen-Anhalt,15,00+,15,17,17,17,17,2180684,0.69,0.78,0.78,0.78,0.78
2023-06-13,Sachsen-Anhalt,15,00+,13,16,16,16,16,2180684,0.6,0.73,0.73,0.73,0.73
2023-06-12,Sachsen-Anhalt,15,00+,16,18,18,18,18,2180684,0.73,0.83,0.83,0.83,0.83
2023-06-11,Sachsen-Anhalt,15,00+,16,18,18,18,18,2180684,0.73,0.83,0.83,0.83,0.83
2023-06-10,Sachsen-Anhalt,15,00+,16,18,18,18,18,2180684,0.73,0.83,0.83,0.83,0.83
2023-06-09,Sachsen-Anhalt,15,00+,16,20,20,20,20,2180684,0.73,0.92,0.92,0.92,0.92
2023-06-08,Sachsen-Anhalt,15,00+,16,18,18,18,18,2180684,0.73,0.83,0.83,0.83,0.83
2023-06-07,Sachsen-Anhalt,15,00+,19,22,22,22,22,2180684,0.87,1.01,1.01,1.01,1.01
2023-06-06,Sachsen-Anhalt,15,00+,23,27,27,27,27,2180684,1.05,1.24,1.24,1.24,1.24
2023-06-05,Sachsen-Anhalt,15,00+,18,20,20,20,20,2180684,0.83,0.92,0.92,0.92,0.92
2023-06-04,Sachsen-Anhalt,15,00+,18,21,21,21,21,2180684,0.83,0.96,0.96,0.96,0.96
2023-06-03,Sachsen-Anhalt,15,00+,18,21,21,21,21,2180684,0.83,0.96,0.96,0.96,0.96
2023-06-02,Sachsen-Anhalt,15,00+,14,18,18,18,18,2180684,0.64,0.83,0.83,0.83,0.83
2023-06-01,Sachsen-Anhalt,15,00+,17,21,21,21,21,2180684,0.78,0.96,0.96,0.96,0.96
2023-05-31,Sachsen-Anhalt,15,00+,19,30,30,30,30,2180684,0.87,1.38,1.38,1.38,1.38
2023-05-30,Sachsen-Anhalt,15,00+,20,29,29,29,29,2180684,0.92,1.33,1.33,1.33,1.33
2023-05-29,Sachsen-Anhalt,15,00+,47,60,60,60,60,2180684,2.16,2.75,2.75,2.75,2.75
2023-05-28,Sachsen-Anhalt,15,00+,47,59,59,59,59,2180684,2.16,2.71,2.71,2.71,2.71
2023-05-27,Sachsen-Anhalt,15,00+,47,59,59,59,59,2180684,2.16,2.71,2.71,2.71,2.71
2023-05-26,Sachsen-Anhalt,15,00+,51,65,65,65,65,2180684,2.34,2.98,2.98,2.98,2.98
2023-05-25,Sachsen-Anhalt,15,00+,35,59,59,59,59,2180684,1.61,2.71,2.71,2.71,2.71
2023-05-24,Sachsen-Anhalt,15,00+,44,55,55,55,55,2180684,2.02,2.52,2.52,2.52,2.52
2023-05-23,Sachsen-Anhalt,15,00+,47,66,66,66,66,2180684,2.16,3.03,3.03,3.03,3.03
2023-05-22,Sachsen-Anhalt,15,00+,54,61,61,61,61,2180684,2.48,2.8,2.8,2.8,2.8
2023-05-21,Sachsen-Anhalt,15,00+,54,61,61,61,61,2180684,2.48,2.8,2.8,2.8,2.8
2023-05-20,Sachsen-Anhalt,15,00+,54,61,61,61,61,2180684,2.48,2.8,2.8,2.8,2.8
2023-05-19,Sachsen-Anhalt,15,00+,55,60,60,60,60,2180684,2.52,2.75,2.75,2.75,2.75
2023-05-18,Sachsen-Anhalt,15,00+,64,69,69,69,69,2180684,2.93,3.16,3.16,3.16,3.16
2023-05-17,Sachsen-Anhalt,15,00+,56,66,66,66,66,2180684,2.57,3.03,3.03,3.03,3.03
2023-05-16,Sachsen-Anhalt,15,00+,53,63,63,63,63,2180684,2.43,2.89,2.89,2.89,2.89
2023-05-15,Sachsen-Anhalt,15,00+,50,57,57,57,57,2180684,2.29,2.61,2.61,2.61,2.61
2023-05-14,Sachsen-Anhalt,15,00+,51,58,58,58,58,2180684,2.34,2.66,2.66,2.66,2.66
2023-05-13,Sachsen-Anhalt,15,00+,51,58,58,58,58,2180684,2.34,2.66,2.66,2.66,2.66
2023-05-12,Sachsen-Anhalt,15,00+,60,73,73,73,73,2180684,2.75,3.35,3.35,3.35,3.35
2023-05-11,Sachsen-Anhalt,15,00+,57,69,69,69,69,2180684,2.61,3.16,3.16,3.16,3.16
2023-05-10,Sachsen-Anhalt,15,00+,60,85,85,85,85,2180684,2.75,3.9,3.9,3.9,3.9
2023-05-09,Sachsen-Anhalt,15,00+,75,99,99,99,99,2180684,3.44,4.54,4.54,4.54,4.54
2023-05-08,Sachsen-Anhalt,15,00+,59,84,84,84,84,2180684,2.71,3.85,3.85,3.85,3.85
2023-05-07,Sachsen-Anhalt,15,00+,59,83,83,83,83,2180684,2.71,3.81,3.81,3.81,3.81
2023-05-06,Sachsen-Anhalt,15,00+,60,84,84,84,84,2180684,2.75,3.85,3.85,3.85,3.85
2023-05-05,Sachsen-Anhalt,15,00+,58,74,74,74,74,2180684,2.66,3.39,3.39,3.39,3.39
2023-05-04,Sachsen-Anhalt,15,00+,60,87,87,87,87,2180684,2.75,3.99,3.99,3.99,3.99
2023-05-03,Sachsen-Anhalt,15,00+,44,77,77,77,77,2180684,2.02,3.53,3.53,3.53,3.53
2023-05-02,Sachsen-Anhalt,15,00+,47,67,67,67,67,2180684,2.16,3.07,3.07,3.07,3.07
2023-05-01,Sachsen-Anhalt,15,00+,67,83,83,83,83,2180684,3.07,3.81,3.81,3.81,3.81
2023-04-30,Sachsen-Anhalt,15,00+,68,84,84,84,84,2180684,3.12,3.85,3.85,3.85,3.85
2023-04-29,Sachsen-Anhalt,15,00+,68,83,83,83,83,2180684,3.12,3.81,3.81,3.81,3.81
2023-04-28,Sachsen-Anhalt,15,00+,79,94,94,94,94,2180684,3.62,4.31,4.31,4.31,4.31
2023-04-27,Sachsen-Anhalt,15,00+,72,89,89,89,89,2180684,3.3,4.08,4.08,4.08,4.08
2023-04-26,Sachsen-Anhalt,15,00+,62,89,89,89,89,2180684,2.84,4.08,4.08,4.08,4.08
2023-04-25,Sachsen-Anhalt,15,00+,81,106,106,106,106,2180684,3.71,4.86,4.86,4.86,4.86
2023-04-24,Sachsen-Anhalt,15,00+,101,129,129,129,129,2180684,4.63,5.92,5.92,5.92,5.92
2023-04-23,Sachsen-Anhalt,15,00+,103,130,130,130,130,2180684,4.72,5.96,5.96,5.96,5.96
2023-04-22,Sachsen-Anhalt,15,00+,103,130,130,130,130,2180684,4.72,5.96,5.96,5.96,5.96
2023-04-21,Sachsen-Anhalt,15,00+,113,132,132,132,132,2180684,5.18,6.05,6.05,6.05,6.05
2023-04-20,Sachsen-Anhalt,15,00+,123,145,145,145,145,2180684,5.64,6.65,6.65,6.65,6.65
2023-04-19,Sachsen-Anhalt,15,00+,132,164,164,164,164,2180684,6.05,7.52,7.52,7.52,7.52
2023-04-18,Sachsen-Anhalt,15,00+,158,193,193,193,193,2180684,7.25,8.85,8.85,8.85,8.85
2023-04-17,Sachsen-Anhalt,15,00+,127,151,151,151,151,2180684,5.82,6.92,6.92,6.92,6.92
2023-04-16,Sachsen-Anhalt,15,00+,128,152,152,152,152,2180684,5.87,6.97,6.97,6.97,6.97
2023-04-15,Sachsen-Anhalt,15,00+,128,152,152,152,152,2180684,5.87,6.97,6.97,6.97,6.97
2023-04-14,Sachsen-Anhalt,15,00+,97,129,129,129,129,2180684,4.45,5.92,5.92,5.92,5.92
2023-04-13,Sachsen-Anhalt,15,00+,85,124,124,124,124,2180684,3.9,5.69,5.69,5.69,5.69
2023-04-12,Sachsen-Anhalt,15,00+,61,116,116,116,116,2180684,2.8,5.32,5.32,5.32,5.32
2023-04-11,Sachsen-Anhalt,15,00+,48,70,70,70,70,2180684,2.2,3.21,3.21,3.21,3.21
2023-04-10,Sachsen-Anhalt,15,00+,93,123,123,123,123,2180684,4.26,5.64,5.64,5.64,5.64
2023-04-09,Sachsen-Anhalt,15,00+,93,121,121,121,121,2180684,4.26,5.55,5.55,5.55,5.55
2023-04-08,Sachsen-Anhalt,15,00+,93,122,122,122,122,2180684,4.26,5.59,5.59,5.59,5.59
2023-04-07,Sachsen-Anhalt,15,00+,106,137,137,137,137,2180684,4.86,6.28,6.28,6.28,6.28
2023-04-06,Sachsen-Anhalt,15,00+,109,146,146,146,146,2180684,5,6.7,6.7,6.7,6.7
2023-04-05,Sachsen-Anhalt,15,00+,124,158,158,158,158,2180684,5.69,7.25,7.25,7.25,7.25
2023-04-04,Sachsen-Anhalt,15,00+,125,172,172,172,172,2180684,5.73,7.89,7.89,7.89,7.89
2023-04-03,Sachsen-Anhalt,15,00+,126,162,162,162,162,2180684,5.78,7.43,7.43,7.43,7.43
2023-04-02,Sachsen-Anhalt,15,00+,127,162,162,162,162,2180684,5.82,7.43,7.43,7.43,7.43
2023-04-01,Sachsen-Anhalt,15,00+,128,162,162,162,162,2180684,5.87,7.43,7.43,7.43,7.43
2023-03-31,Sachsen-Anhalt,15,00+,131,174,174,174,174,2180684,6.01,7.98,7.98,7.98,7.98
2023-03-30,Sachsen-Anhalt,15,00+,141,179,179,179,179,2180684,6.47,8.21,8.21,8.21,8.21
2023-03-29,Sachsen-Anhalt,15,00+,143,184,184,184,184,2180684,6.56,8.44,8.44,8.44,8.44
2023-03-28,Sachsen-Anhalt,15,00+,164,217,217,217,217,2180684,7.52,9.95,9.95,9.95,9.95
2023-03-27,Sachsen-Anhalt,15,00+,223,281,281,281,281,2180684,10.23,12.89,12.89,12.89,12.89
2023-03-26,Sachsen-Anhalt,15,00+,225,282,282,282,282,2180684,10.32,12.93,12.93,12.93,12.93
2023-03-25,Sachsen-Anhalt,15,00+,227,283,283,283,283,2180684,10.41,12.98,12.98,12.98,12.98
2023-03-24,Sachsen-Anhalt,15,00+,220,288,288,288,288,2180684,10.09,13.21,13.21,13.21,13.21
2023-03-23,Sachsen-Anhalt,15,00+,203,289,289,289,289,2180684,9.31,13.25,13.25,13.25,13.25
2023-03-22,Sachsen-Anhalt,15,00+,202,285,285,285,285,2180684,9.26,13.07,13.07,13.07,13.07
2023-03-21,Sachsen-Anhalt,15,00+,168,257,257,257,257,2180684,7.7,11.79,11.79,11.79,11.79
2023-03-20,Sachsen-Anhalt,15,00+,173,231,231,231,231,2180684,7.93,10.59,10.59,10.59,10.59
2023-03-19,Sachsen-Anhalt,15,00+,174,231,231,231,231,2180684,7.98,10.59,10.59,10.59,10.59
2023-03-18,Sachsen-Anhalt,15,00+,178,233,233,233,233,2180684,8.16,10.68,10.68,10.68,10.68
2023-03-17,Sachsen-Anhalt,15,00+,169,225,225,225,225,2180684,7.75,10.32,10.32,10.32,10.32
2023-03-16,Sachsen-Anhalt,15,00+,157,216,216,216,216,2180684,7.2,9.91,9.91,9.91,9.91
2023-03-15,Sachsen-Anhalt,15,00+,149,209,209,209,209,2180684,6.83,9.58,9.58,9.58,9.58
2023-03-14,Sachsen-Anhalt,15,00+,136,210,210,210,210,2180684,6.24,9.63,9.63,9.63,9.63
2023-03-13,Sachsen-Anhalt,15,00+,151,185,185,185,185,2180684,6.92,8.48,8.48,8.48,8.48
2023-03-12,Sachsen-Anhalt,15,00+,152,184,184,184,184,2180684,6.97,8.44,8.44,8.44,8.44
2023-03-11,Sachsen-Anhalt,15,00+,152,180,180,180,180,2180684,6.97,8.25,8.25,8.25,8.25
2023-03-10,Sachsen-Anhalt,15,00+,152,177,177,177,177,2180684,6.97,8.12,8.12,8.12,8.12
2023-03-09,Sachsen-Anhalt,15,00+,144,177,177,177,177,2180684,6.6,8.12,8.12,8.12,8.12
2023-03-08,Sachsen-Anhalt,15,00+,129,174,174,174,174,2180684,5.92,7.98,7.98,7.98,7.98
2023-03-07,Sachsen-Anhalt,15,00+,117,164,164,164,164,2180684,5.37,7.52,7.52,7.52,7.52
2023-03-06,Sachsen-Anhalt,15,00+,136,168,168,168,168,2180684,6.24,7.7,7.7,7.7,7.7
2023-03-05,Sachsen-Anhalt,15,00+,136,167,167,167,167,2180684,6.24,7.66,7.66,7.66,7.66
2023-03-04,Sachsen-Anhalt,15,00+,136,167,167,167,167,2180684,6.24,7.66,7.66,7.66,7.66
2023-03-03,Sachsen-Anhalt,15,00+,132,164,164,164,164,2180684,6.05,7.52,7.52,7.52,7.52
2023-03-02,Sachsen-Anhalt,15,00+,128,160,160,160,160,2180684,5.87,7.34,7.34,7.34,7.34
2023-03-01,Sachsen-Anhalt,15,00+,103,153,153,153,153,2180684,4.72,7.02,7.02,7.02,7.02
2023-02-28,Sachsen-Anhalt,15,00+,105,152,152,152,152,2180684,4.82,6.97,6.97,6.97,6.97
2023-02-27,Sachsen-Anhalt,15,00+,152,182,182,182,182,2180684,6.97,8.35,8.35,8.35,8.35
2023-02-26,Sachsen-Anhalt,15,00+,152,184,184,184,184,2180684,6.97,8.44,8.44,8.44,8.44
2023-02-25,Sachsen-Anhalt,15,00+,153,187,187,187,187,2180684,7.02,8.58,8.58,8.58,8.58
2023-02-24,Sachsen-Anhalt,15,00+,157,194,194,194,194,2180684,7.2,8.9,8.9,8.9,8.9
2023-02-23,Sachsen-Anhalt,15,00+,151,191,191,191,191,2180684,6.92,8.76,8.76,8.76,8.76
2023-02-22,Sachsen-Anhalt,15,00+,153,200,200,200,200,2180684,7.02,9.17,9.17,9.17,9.17
2023-02-21,Sachsen-Anhalt,15,00+,143,209,209,209,209,2180684,6.56,9.58,9.58,9.58,9.58
2023-02-20,Sachsen-Anhalt,15,00+,134,169,169,169,169,2180684,6.14,7.75,7.75,7.75,7.75
2023-02-19,Sachsen-Anhalt,15,00+,134,167,167,167,167,2180684,6.14,7.66,7.66,7.66,7.66
2023-02-18,Sachsen-Anhalt,15,00+,134,164,164,164,164,2180684,6.14,7.52,7.52,7.52,7.52
2023-02-17,Sachsen-Anhalt,15,00+,118,157,157,157,157,2180684,5.41,7.2,7.2,7.2,7.2
2023-02-16,Sachsen-Anhalt,15,00+,117,163,163,163,163,2180684,5.37,7.47,7.47,7.47,7.47
2023-02-15,Sachsen-Anhalt,15,00+,97,159,159,159,159,2180684,4.45,7.29,7.29,7.29,7.29
2023-02-14,Sachsen-Anhalt,15,00+,73,141,141,141,141,2180684,3.35,6.47,6.47,6.47,6.47
2023-02-13,Sachsen-Anhalt,15,00+,90,127,127,127,127,2180684,4.13,5.82,5.82,5.82,5.82
2023-02-12,Sachsen-Anhalt,15,00+,90,127,127,127,127,2180684,4.13,5.82,5.82,5.82,5.82
2023-02-11,Sachsen-Anhalt,15,00+,90,128,128,128,128,2180684,4.13,5.87,5.87,5.87,5.87
2023-02-10,Sachsen-Anhalt,15,00+,90,133,133,133,133,2180684,4.13,6.1,6.1,6.1,6.1
2023-02-09,Sachsen-Anhalt,15,00+,92,128,128,128,128,2180684,4.22,5.87,5.87,5.87,5.87
2023-02-08,Sachsen-Anhalt,15,00+,88,122,122,122,122,2180684,4.04,5.59,5.59,5.59,5.59
2023-02-07,Sachsen-Anhalt,15,00+,93,135,135,135,135,2180684,4.26,6.19,6.19,6.19,6.19
2023-02-06,Sachsen-Anhalt,15,00+,104,144,144,144,144,2180684,4.77,6.6,6.6,6.6,6.6
2023-02-05,Sachsen-Anhalt,15,00+,104,144,144,144,144,2180684,4.77,6.6,6.6,6.6,6.6
2023-02-04,Sachsen-Anhalt,15,00+,104,143,143,143,143,2180684,4.77,6.56,6.56,6.56,6.56
2023-02-03,Sachsen-Anhalt,15,00+,94,131,131,131,131,2180684,4.31,6.01,6.01,6.01,6.01
2023-02-02,Sachsen-Anhalt,15,00+,91,124,124,124,124,2180684,4.17,5.69,5.69,5.69,5.69
2023-02-01,Sachsen-Anhalt,15,00+,83,118,118,118,118,2180684,3.81,5.41,5.41,5.41,5.41
2023-01-31,Sachsen-Anhalt,15,00+,55,105,105,105,105,2180684,2.52,4.82,4.82,4.82,4.82
2023-01-30,Sachsen-Anhalt,15,00+,61,95,95,95,95,2180684,2.8,4.36,4.36,4.36,4.36
2023-01-29,Sachsen-Anhalt,15,00+,62,96,96,96,96,2180684,2.84,4.4,4.4,4.4,4.4
2023-01-28,Sachsen-Anhalt,15,00+,62,96,96,96,96,2180684,2.84,4.4,4.4,4.4,4.4
2023-01-27,Sachsen-Anhalt,15,00+,76,107,107,107,107,2180684,3.49,4.91,4.91,4.91,4.91
2023-01-26,Sachsen-Anhalt,15,00+,80,108,108,108,108,2180684,3.67,4.95,4.95,4.95,4.95
2023-01-25,Sachsen-Anhalt,15,00+,78,112,112,112,112,2180684,3.58,5.14,5.14,5.14,5.14
2023-01-24,Sachsen-Anhalt,15,00+,71,117,117,117,117,2180684,3.26,5.37,5.37,5.37,5.37
2023-01-23,Sachsen-Anhalt,15,00+,85,116,116,116,116,2180684,3.9,5.32,5.32,5.32,5.32
2023-01-22,Sachsen-Anhalt,15,00+,85,115,115,115,115,2180684,3.9,5.27,5.27,5.27,5.27
2023-01-21,Sachsen-Anhalt,15,00+,88,118,118,118,118,2180684,4.04,5.41,5.41,5.41,5.41
2023-01-20,Sachsen-Anhalt,15,00+,83,112,112,112,112,2180684,3.81,5.14,5.14,5.14,5.14
2023-01-19,Sachsen-Anhalt,15,00+,78,113,113,113,113,2180684,3.58,5.18,5.18,5.18,5.18
2023-01-18,Sachsen-Anhalt,15,00+,87,136,136,136,136,2180684,3.99,6.24,6.24,6.24,6.24
2023-01-17,Sachsen-Anhalt,15,00+,104,144,144,144,144,2180684,4.77,6.6,6.6,6.6,6.6
2023-01-16,Sachsen-Anhalt,15,00+,166,200,200,200,200,2180684,7.61,9.17,9.17,9.17,9.17
2023-01-15,Sachsen-Anhalt,15,00+,169,204,204,204,204,2180684,7.75,9.35,9.35,9.35,9.35
2023-01-14,Sachsen-Anhalt,15,00+,172,204,204,204,204,2180684,7.89,9.35,9.35,9.35,9.35
2023-01-13,Sachsen-Anhalt,15,00+,148,192,192,192,192,2180684,6.79,8.8,8.8,8.8,8.8
2023-01-12,Sachsen-Anhalt,15,00+,165,217,217,217,217,2180684,7.57,9.95,9.95,9.95,9.95
2023-01-11,Sachsen-Anhalt,15,00+,163,216,216,216,216,2180684,7.47,9.91,9.91,9.91,9.91
2023-01-10,Sachsen-Anhalt,15,00+,137,226,226,226,226,2180684,6.28,10.36,10.36,10.36,10.36
2023-01-09,Sachsen-Anhalt,15,00+,159,242,242,242,242,2180684,7.29,11.1,11.1,11.1,11.1
2023-01-08,Sachsen-Anhalt,15,00+,162,241,241,241,241,2180684,7.43,11.05,11.05,11.05,11.05
2023-01-07,Sachsen-Anhalt,15,00+,164,0,0,0,0,2180684,7.52,0,0,0,0
2023-01-06,Sachsen-Anhalt,15,00+,203,0,0,0,0,2180684,9.31,0,0,0,0
2023-01-05,Sachsen-Anhalt,15,00+,213,0,0,0,0,2180684,9.77,0,0,0,0
2023-01-04,Sachsen-Anhalt,15,00+,233,0,0,0,0,2180684,10.68,0,0,0,0
2023-01-03,Sachsen-Anhalt,15,00+,271,0,0,0,0,2180684,12.43,0,0,0,0
2023-01-02,Sachsen-Anhalt,15,00+,225,0,0,0,0,2180684,10.32,0,0,0,0
2024-04-19,Thüringen,16,00+,3,3,NA,NA,NA,2120237,0.14,0.14,NA,NA,NA
2024-04-18,Thüringen,16,00+,2,2,NA,NA,NA,2120237,0.09,0.09,NA,NA,NA
2024-04-17,Thüringen,16,00+,4,4,NA,NA,NA,2120237,0.19,0.19,NA,NA,NA
2024-04-16,Thüringen,16,00+,5,5,6,5,8,2120237,0.24,0.24,0.3,0.27,0.39
2024-04-15,Thüringen,16,00+,4,4,4,4,5,2120237,0.19,0.19,0.21,0.19,0.26
2024-04-14,Thüringen,16,00+,4,4,4,4,5,2120237,0.19,0.19,0.21,0.19,0.26
2024-04-13,Thüringen,16,00+,5,5,5,5,6,2120237,0.24,0.24,0.27,0.24,0.33
2024-04-12,Thüringen,16,00+,5,5,5,5,6,2120237,0.24,0.24,0.27,0.24,0.33
2024-04-11,Thüringen,16,00+,5,5,5,5,6,2120237,0.24,0.24,0.27,0.24,0.33
2024-04-10,Thüringen,16,00+,2,3,3,3,4,2120237,0.09,0.14,0.16,0.14,0.2
2024-04-09,Thüringen,16,00+,3,4,4,4,5,2120237,0.14,0.19,0.21,0.19,0.24
2024-04-08,Thüringen,16,00+,2,3,3,3,3,2120237,0.09,0.14,0.15,0.14,0.18
2024-04-07,Thüringen,16,00+,2,3,3,3,3,2120237,0.09,0.14,0.15,0.14,0.18
2024-04-06,Thüringen,16,00+,2,2,2,2,2,2120237,0.09,0.09,0.1,0.09,0.11
2024-04-05,Thüringen,16,00+,2,2,2,2,2,2120237,0.09,0.09,0.1,0.09,0.11
2024-04-04,Thüringen,16,00+,6,6,6,6,6,2120237,0.28,0.28,0.29,0.28,0.32
2024-04-03,Thüringen,16,00+,8,8,8,8,8,2120237,0.38,0.38,0.39,0.38,0.42
2024-04-02,Thüringen,16,00+,5,8,8,8,8,2120237,0.24,0.38,0.39,0.38,0.41
2024-04-01,Thüringen,16,00+,6,9,9,9,9,2120237,0.28,0.42,0.44,0.43,0.46
2024-03-31,Thüringen,16,00+,6,9,9,9,9,2120237,0.28,0.42,0.44,0.43,0.46
2024-03-30,Thüringen,16,00+,6,9,9,9,9,2120237,0.28,0.42,0.44,0.43,0.46
2024-03-29,Thüringen,16,00+,6,9,9,9,9,2120237,0.28,0.42,0.44,0.43,0.46
2024-03-28,Thüringen,16,00+,6,7,7,7,7,2120237,0.28,0.33,0.34,0.33,0.35
2024-03-27,Thüringen,16,00+,5,5,5,5,5,2120237,0.24,0.24,0.24,0.24,0.25
2024-03-26,Thüringen,16,00+,3,4,4,4,4,2120237,0.14,0.19,0.19,0.19,0.2
2024-03-25,Thüringen,16,00+,8,8,8,8,8,2120237,0.38,0.38,0.38,0.38,0.39
2024-03-24,Thüringen,16,00+,8,8,8,8,8,2120237,0.38,0.38,0.38,0.38,0.39
2024-03-23,Thüringen,16,00+,8,8,8,8,8,2120237,0.38,0.38,0.38,0.38,0.39
2024-03-22,Thüringen,16,00+,9,9,9,9,9,2120237,0.42,0.42,0.43,0.42,0.43
2024-03-21,Thüringen,16,00+,11,11,11,11,11,2120237,0.52,0.52,0.52,0.52,0.52
2024-03-20,Thüringen,16,00+,11,11,11,11,11,2120237,0.52,0.52,0.52,0.52,0.52
2024-03-19,Thüringen,16,00+,9,11,11,11,11,2120237,0.42,0.52,0.52,0.52,0.52
2024-03-18,Thüringen,16,00+,5,6,6,6,6,2120237,0.24,0.28,0.28,0.28,0.28
2024-03-17,Thüringen,16,00+,5,6,6,6,6,2120237,0.24,0.28,0.28,0.28,0.28
2024-03-16,Thüringen,16,00+,5,6,6,6,6,2120237,0.24,0.28,0.28,0.28,0.28
2024-03-15,Thüringen,16,00+,5,7,7,7,7,2120237,0.24,0.33,0.33,0.33,0.33
2024-03-14,Thüringen,16,00+,4,5,5,5,5,2120237,0.19,0.24,0.24,0.24,0.24
2024-03-13,Thüringen,16,00+,6,7,7,7,7,2120237,0.28,0.33,0.33,0.33,0.33
2024-03-12,Thüringen,16,00+,9,9,9,9,9,2120237,0.42,0.42,0.42,0.42,0.42
2024-03-11,Thüringen,16,00+,12,16,16,16,16,2120237,0.57,0.75,0.75,0.75,0.75
2024-03-10,Thüringen,16,00+,12,16,16,16,16,2120237,0.57,0.75,0.75,0.75,0.75
2024-03-09,Thüringen,16,00+,12,16,16,16,16,2120237,0.57,0.75,0.75,0.75,0.75
2024-03-08,Thüringen,16,00+,15,18,18,18,18,2120237,0.71,0.85,0.85,0.85,0.85
2024-03-07,Thüringen,16,00+,18,19,19,19,19,2120237,0.85,0.9,0.9,0.9,0.9
2024-03-06,Thüringen,16,00+,18,21,21,21,21,2120237,0.85,0.99,0.99,0.99,0.99
2024-03-05,Thüringen,16,00+,22,25,25,25,25,2120237,1.04,1.18,1.18,1.18,1.18
2024-03-04,Thüringen,16,00+,29,32,32,32,32,2120237,1.37,1.51,1.51,1.51,1.51
2024-03-03,Thüringen,16,00+,29,32,32,32,32,2120237,1.37,1.51,1.51,1.51,1.51
2024-03-02,Thüringen,16,00+,29,32,32,32,32,2120237,1.37,1.51,1.51,1.51,1.51
2024-03-01,Thüringen,16,00+,27,32,32,32,32,2120237,1.27,1.51,1.51,1.51,1.51
2024-02-29,Thüringen,16,00+,28,33,33,33,33,2120237,1.32,1.56,1.56,1.56,1.56
2024-02-28,Thüringen,16,00+,28,30,30,30,30,2120237,1.32,1.41,1.41,1.41,1.41
2024-02-27,Thüringen,16,00+,30,32,32,32,32,2120237,1.41,1.51,1.51,1.51,1.51
2024-02-26,Thüringen,16,00+,22,30,30,30,30,2120237,1.04,1.41,1.41,1.41,1.41
2024-02-25,Thüringen,16,00+,22,30,30,30,30,2120237,1.04,1.41,1.41,1.41,1.41
2024-02-24,Thüringen,16,00+,22,30,30,30,30,2120237,1.04,1.41,1.41,1.41,1.41
2024-02-23,Thüringen,16,00+,22,28,28,28,28,2120237,1.04,1.32,1.32,1.32,1.32
2024-02-22,Thüringen,16,00+,29,32,32,32,32,2120237,1.37,1.51,1.51,1.51,1.51
2024-02-21,Thüringen,16,00+,29,37,37,37,37,2120237,1.37,1.75,1.75,1.75,1.75
2024-02-20,Thüringen,16,00+,35,41,41,41,41,2120237,1.65,1.93,1.93,1.93,1.93
2024-02-19,Thüringen,16,00+,38,44,44,44,44,2120237,1.79,2.08,2.08,2.08,2.08
2024-02-18,Thüringen,16,00+,38,44,44,44,44,2120237,1.79,2.08,2.08,2.08,2.08
2024-02-17,Thüringen,16,00+,38,44,44,44,44,2120237,1.79,2.08,2.08,2.08,2.08
2024-02-16,Thüringen,16,00+,39,48,48,48,48,2120237,1.84,2.26,2.26,2.26,2.26
2024-02-15,Thüringen,16,00+,40,44,44,44,44,2120237,1.89,2.08,2.08,2.08,2.08
2024-02-14,Thüringen,16,00+,44,51,51,51,51,2120237,2.08,2.41,2.41,2.41,2.41
2024-02-13,Thüringen,16,00+,41,47,47,47,47,2120237,1.93,2.22,2.22,2.22,2.22
2024-02-12,Thüringen,16,00+,45,47,47,47,47,2120237,2.12,2.22,2.22,2.22,2.22
2024-02-11,Thüringen,16,00+,45,47,47,47,47,2120237,2.12,2.22,2.22,2.22,2.22
2024-02-10,Thüringen,16,00+,45,47,47,47,47,2120237,2.12,2.22,2.22,2.22,2.22
2024-02-09,Thüringen,16,00+,48,52,52,52,52,2120237,2.26,2.45,2.45,2.45,2.45
2024-02-08,Thüringen,16,00+,49,55,55,55,55,2120237,2.31,2.59,2.59,2.59,2.59
2024-02-07,Thüringen,16,00+,38,51,51,51,51,2120237,1.79,2.41,2.41,2.41,2.41
2024-02-06,Thüringen,16,00+,49,53,53,53,53,2120237,2.31,2.5,2.5,2.5,2.5
2024-02-05,Thüringen,16,00+,49,56,56,56,56,2120237,2.31,2.64,2.64,2.64,2.64
2024-02-04,Thüringen,16,00+,49,56,56,56,56,2120237,2.31,2.64,2.64,2.64,2.64
2024-02-03,Thüringen,16,00+,49,56,56,56,56,2120237,2.31,2.64,2.64,2.64,2.64
2024-02-02,Thüringen,16,00+,47,51,51,51,51,2120237,2.22,2.41,2.41,2.41,2.41
2024-02-01,Thüringen,16,00+,50,59,59,59,59,2120237,2.36,2.78,2.78,2.78,2.78
2024-01-31,Thüringen,16,00+,56,63,63,63,63,2120237,2.64,2.97,2.97,2.97,2.97
2024-01-30,Thüringen,16,00+,54,64,64,64,64,2120237,2.55,3.02,3.02,3.02,3.02
2024-01-29,Thüringen,16,00+,58,66,66,66,66,2120237,2.74,3.11,3.11,3.11,3.11
2024-01-28,Thüringen,16,00+,58,66,66,66,66,2120237,2.74,3.11,3.11,3.11,3.11
2024-01-27,Thüringen,16,00+,59,67,67,67,67,2120237,2.78,3.16,3.16,3.16,3.16
2024-01-26,Thüringen,16,00+,57,70,70,70,70,2120237,2.69,3.3,3.3,3.3,3.3
2024-01-25,Thüringen,16,00+,54,76,76,76,76,2120237,2.55,3.58,3.58,3.58,3.58
2024-01-24,Thüringen,16,00+,64,76,76,76,76,2120237,3.02,3.58,3.58,3.58,3.58
2024-01-23,Thüringen,16,00+,72,78,78,78,78,2120237,3.4,3.68,3.68,3.68,3.68
2024-01-22,Thüringen,16,00+,76,85,85,85,85,2120237,3.58,4.01,4.01,4.01,4.01
2024-01-21,Thüringen,16,00+,76,85,85,85,85,2120237,3.58,4.01,4.01,4.01,4.01
2024-01-20,Thüringen,16,00+,76,84,84,84,84,2120237,3.58,3.96,3.96,3.96,3.96
2024-01-19,Thüringen,16,00+,65,84,84,84,84,2120237,3.07,3.96,3.96,3.96,3.96
2024-01-18,Thüringen,16,00+,80,89,89,89,89,2120237,3.77,4.2,4.2,4.2,4.2
2024-01-17,Thüringen,16,00+,72,87,87,87,87,2120237,3.4,4.1,4.1,4.1,4.1
2024-01-16,Thüringen,16,00+,81,92,92,92,92,2120237,3.82,4.34,4.34,4.34,4.34
2024-01-15,Thüringen,16,00+,87,106,106,106,106,2120237,4.1,5,5,5,5
2024-01-14,Thüringen,16,00+,88,107,107,107,107,2120237,4.15,5.05,5.05,5.05,5.05
2024-01-13,Thüringen,16,00+,91,110,110,110,110,2120237,4.29,5.19,5.19,5.19,5.19
2024-01-12,Thüringen,16,00+,92,121,121,121,121,2120237,4.34,5.71,5.71,5.71,5.71
2024-01-11,Thüringen,16,00+,124,150,150,150,150,2120237,5.85,7.07,7.07,7.07,7.07
2024-01-10,Thüringen,16,00+,142,169,169,169,169,2120237,6.7,7.97,7.97,7.97,7.97
2024-01-09,Thüringen,16,00+,214,244,244,244,244,2120237,10.09,11.51,11.51,11.51,11.51
2024-01-08,Thüringen,16,00+,169,206,206,206,206,2120237,7.97,9.72,9.72,9.72,9.72
2024-01-07,Thüringen,16,00+,171,207,207,207,207,2120237,8.07,9.76,9.76,9.76,9.76
2024-01-06,Thüringen,16,00+,173,206,206,206,206,2120237,8.16,9.72,9.72,9.72,9.72
2024-01-05,Thüringen,16,00+,174,224,224,224,224,2120237,8.21,10.56,10.56,10.56,10.56
2024-01-04,Thüringen,16,00+,216,243,243,243,243,2120237,10.19,11.46,11.46,11.46,11.46
2024-01-03,Thüringen,16,00+,273,333,333,333,333,2120237,12.88,15.71,15.71,15.71,15.71
2024-01-02,Thüringen,16,00+,179,251,251,251,251,2120237,8.44,11.84,11.84,11.84,11.84
2024-01-01,Thüringen,16,00+,180,250,250,250,250,2120237,8.49,11.79,11.79,11.79,11.79
2023-12-31,Thüringen,16,00+,190,258,258,258,258,2120237,8.96,12.17,12.17,12.17,12.17
2023-12-30,Thüringen,16,00+,197,263,263,263,263,2120237,9.29,12.4,12.4,12.4,12.4
2023-12-29,Thüringen,16,00+,191,263,263,263,263,2120237,9.01,12.4,12.4,12.4,12.4
2023-12-28,Thüringen,16,00+,186,243,243,243,243,2120237,8.77,11.46,11.46,11.46,11.46
2023-12-27,Thüringen,16,00+,102,157,157,157,157,2120237,4.81,7.4,7.4,7.4,7.4
2023-12-26,Thüringen,16,00+,169,221,221,221,221,2120237,7.97,10.42,10.42,10.42,10.42
2023-12-25,Thüringen,16,00+,306,364,364,364,364,2120237,14.43,17.17,17.17,17.17,17.17
2023-12-24,Thüringen,16,00+,308,356,356,356,356,2120237,14.53,16.79,16.79,16.79,16.79
2023-12-23,Thüringen,16,00+,313,354,354,354,354,2120237,14.76,16.7,16.7,16.7,16.7
2023-12-22,Thüringen,16,00+,350,413,413,413,413,2120237,16.51,19.48,19.48,19.48,19.48
2023-12-21,Thüringen,16,00+,363,412,412,412,412,2120237,17.12,19.43,19.43,19.43,19.43
2023-12-20,Thüringen,16,00+,355,436,436,436,436,2120237,16.74,20.56,20.56,20.56,20.56
2023-12-19,Thüringen,16,00+,338,436,436,436,436,2120237,15.94,20.56,20.56,20.56,20.56
2023-12-18,Thüringen,16,00+,352,400,400,400,400,2120237,16.6,18.87,18.87,18.87,18.87
2023-12-17,Thüringen,16,00+,353,399,399,399,399,2120237,16.65,18.82,18.82,18.82,18.82
2023-12-16,Thüringen,16,00+,356,397,397,397,397,2120237,16.79,18.72,18.72,18.72,18.72
2023-12-15,Thüringen,16,00+,263,335,335,335,335,2120237,12.4,15.8,15.8,15.8,15.8
2023-12-14,Thüringen,16,00+,261,355,355,355,355,2120237,12.31,16.74,16.74,16.74,16.74
2023-12-13,Thüringen,16,00+,251,340,340,340,340,2120237,11.84,16.04,16.04,16.04,16.04
2023-12-12,Thüringen,16,00+,238,309,309,309,309,2120237,11.23,14.57,14.57,14.57,14.57
2023-12-11,Thüringen,16,00+,230,292,292,292,292,2120237,10.85,13.77,13.77,13.77,13.77
2023-12-10,Thüringen,16,00+,233,295,295,295,295,2120237,10.99,13.91,13.91,13.91,13.91
2023-12-09,Thüringen,16,00+,235,294,294,294,294,2120237,11.08,13.87,13.87,13.87,13.87
2023-12-08,Thüringen,16,00+,224,289,289,289,289,2120237,10.56,13.63,13.63,13.63,13.63
2023-12-07,Thüringen,16,00+,204,258,258,258,258,2120237,9.62,12.17,12.17,12.17,12.17
2023-12-06,Thüringen,16,00+,193,265,265,265,265,2120237,9.1,12.5,12.5,12.5,12.5
2023-12-05,Thüringen,16,00+,188,264,264,264,264,2120237,8.87,12.45,12.45,12.45,12.45
2023-12-04,Thüringen,16,00+,192,243,243,243,243,2120237,9.06,11.46,11.46,11.46,11.46
2023-12-03,Thüringen,16,00+,196,245,245,245,245,2120237,9.24,11.56,11.56,11.56,11.56
2023-12-02,Thüringen,16,00+,200,247,247,247,247,2120237,9.43,11.65,11.65,11.65,11.65
2023-12-01,Thüringen,16,00+,192,243,243,243,243,2120237,9.06,11.46,11.46,11.46,11.46
2023-11-30,Thüringen,16,00+,197,248,248,248,248,2120237,9.29,11.7,11.7,11.7,11.7
2023-11-29,Thüringen,16,00+,177,243,243,243,243,2120237,8.35,11.46,11.46,11.46,11.46
2023-11-28,Thüringen,16,00+,189,248,248,248,248,2120237,8.91,11.7,11.7,11.7,11.7
2023-11-27,Thüringen,16,00+,234,281,281,281,281,2120237,11.04,13.25,13.25,13.25,13.25
2023-11-26,Thüringen,16,00+,237,281,281,281,281,2120237,11.18,13.25,13.25,13.25,13.25
2023-11-25,Thüringen,16,00+,239,279,279,279,279,2120237,11.27,13.16,13.16,13.16,13.16
2023-11-24,Thüringen,16,00+,240,285,285,285,285,2120237,11.32,13.44,13.44,13.44,13.44
2023-11-23,Thüringen,16,00+,261,296,296,296,296,2120237,12.31,13.96,13.96,13.96,13.96
2023-11-22,Thüringen,16,00+,242,312,312,312,312,2120237,11.41,14.72,14.72,14.72,14.72
2023-11-21,Thüringen,16,00+,248,307,307,307,307,2120237,11.7,14.48,14.48,14.48,14.48
2023-11-20,Thüringen,16,00+,238,283,283,283,283,2120237,11.23,13.35,13.35,13.35,13.35
2023-11-19,Thüringen,16,00+,239,278,278,278,278,2120237,11.27,13.11,13.11,13.11,13.11
2023-11-18,Thüringen,16,00+,244,281,281,281,281,2120237,11.51,13.25,13.25,13.25,13.25
2023-11-17,Thüringen,16,00+,231,297,297,297,297,2120237,10.9,14.01,14.01,14.01,14.01
2023-11-16,Thüringen,16,00+,256,314,314,314,314,2120237,12.07,14.81,14.81,14.81,14.81
2023-11-15,Thüringen,16,00+,245,304,304,304,304,2120237,11.56,14.34,14.34,14.34,14.34
2023-11-14,Thüringen,16,00+,223,292,292,292,292,2120237,10.52,13.77,13.77,13.77,13.77
2023-11-13,Thüringen,16,00+,312,370,370,370,370,2120237,14.72,17.45,17.45,17.45,17.45
2023-11-12,Thüringen,16,00+,312,369,369,369,369,2120237,14.72,17.4,17.4,17.4,17.4
2023-11-11,Thüringen,16,00+,317,369,369,369,369,2120237,14.95,17.4,17.4,17.4,17.4
2023-11-10,Thüringen,16,00+,294,361,361,361,361,2120237,13.87,17.03,17.03,17.03,17.03
2023-11-09,Thüringen,16,00+,284,327,327,327,327,2120237,13.39,15.42,15.42,15.42,15.42
2023-11-08,Thüringen,16,00+,328,383,383,383,383,2120237,15.47,18.06,18.06,18.06,18.06
2023-11-07,Thüringen,16,00+,214,360,360,360,360,2120237,10.09,16.98,16.98,16.98,16.98
2023-11-06,Thüringen,16,00+,188,250,250,250,250,2120237,8.87,11.79,11.79,11.79,11.79
2023-11-05,Thüringen,16,00+,190,252,252,252,252,2120237,8.96,11.89,11.89,11.89,11.89
2023-11-04,Thüringen,16,00+,191,248,248,248,248,2120237,9.01,11.7,11.7,11.7,11.7
2023-11-03,Thüringen,16,00+,190,242,242,242,242,2120237,8.96,11.41,11.41,11.41,11.41
2023-11-02,Thüringen,16,00+,180,235,235,235,235,2120237,8.49,11.08,11.08,11.08,11.08
2023-11-01,Thüringen,16,00+,106,161,161,161,161,2120237,5,7.59,7.59,7.59,7.59
2023-10-31,Thüringen,16,00+,159,212,212,212,212,2120237,7.5,10,10,10,10
2023-10-30,Thüringen,16,00+,182,223,223,223,223,2120237,8.58,10.52,10.52,10.52,10.52
2023-10-29,Thüringen,16,00+,184,223,223,223,223,2120237,8.68,10.52,10.52,10.52,10.52
2023-10-28,Thüringen,16,00+,185,224,224,224,224,2120237,8.73,10.56,10.56,10.56,10.56
2023-10-27,Thüringen,16,00+,159,209,209,209,209,2120237,7.5,9.86,9.86,9.86,9.86
2023-10-26,Thüringen,16,00+,153,193,193,193,193,2120237,7.22,9.1,9.1,9.1,9.1
2023-10-25,Thüringen,16,00+,132,188,188,188,188,2120237,6.23,8.87,8.87,8.87,8.87
2023-10-24,Thüringen,16,00+,110,151,151,151,151,2120237,5.19,7.12,7.12,7.12,7.12
2023-10-23,Thüringen,16,00+,124,157,157,157,157,2120237,5.85,7.4,7.4,7.4,7.4
2023-10-22,Thüringen,16,00+,124,159,159,159,159,2120237,5.85,7.5,7.5,7.5,7.5
2023-10-21,Thüringen,16,00+,124,158,158,158,158,2120237,5.85,7.45,7.45,7.45,7.45
2023-10-20,Thüringen,16,00+,130,164,164,164,164,2120237,6.13,7.73,7.73,7.73,7.73
2023-10-19,Thüringen,16,00+,133,177,177,177,177,2120237,6.27,8.35,8.35,8.35,8.35
2023-10-18,Thüringen,16,00+,130,168,168,168,168,2120237,6.13,7.92,7.92,7.92,7.92
2023-10-17,Thüringen,16,00+,135,176,176,176,176,2120237,6.37,8.3,8.3,8.3,8.3
2023-10-16,Thüringen,16,00+,108,139,139,139,139,2120237,5.09,6.56,6.56,6.56,6.56
2023-10-15,Thüringen,16,00+,108,135,135,135,135,2120237,5.09,6.37,6.37,6.37,6.37
2023-10-14,Thüringen,16,00+,108,135,135,135,135,2120237,5.09,6.37,6.37,6.37,6.37
2023-10-13,Thüringen,16,00+,87,127,127,127,127,2120237,4.1,5.99,5.99,5.99,5.99
2023-10-12,Thüringen,16,00+,88,111,111,111,111,2120237,4.15,5.24,5.24,5.24,5.24
2023-10-11,Thüringen,16,00+,95,125,125,125,125,2120237,4.48,5.9,5.9,5.9,5.9
2023-10-10,Thüringen,16,00+,74,95,95,95,95,2120237,3.49,4.48,4.48,4.48,4.48
2023-10-09,Thüringen,16,00+,66,81,81,81,81,2120237,3.11,3.82,3.82,3.82,3.82
2023-10-08,Thüringen,16,00+,67,82,82,82,82,2120237,3.16,3.87,3.87,3.87,3.87
2023-10-07,Thüringen,16,00+,68,82,82,82,82,2120237,3.21,3.87,3.87,3.87,3.87
2023-10-06,Thüringen,16,00+,59,74,74,74,74,2120237,2.78,3.49,3.49,3.49,3.49
2023-10-05,Thüringen,16,00+,59,73,73,73,73,2120237,2.78,3.44,3.44,3.44,3.44
2023-10-04,Thüringen,16,00+,30,49,49,49,49,2120237,1.41,2.31,2.31,2.31,2.31
2023-10-03,Thüringen,16,00+,42,61,61,61,61,2120237,1.98,2.88,2.88,2.88,2.88
2023-10-02,Thüringen,16,00+,61,77,77,77,77,2120237,2.88,3.63,3.63,3.63,3.63
2023-10-01,Thüringen,16,00+,61,76,76,76,76,2120237,2.88,3.58,3.58,3.58,3.58
2023-09-30,Thüringen,16,00+,61,75,75,75,75,2120237,2.88,3.54,3.54,3.54,3.54
2023-09-29,Thüringen,16,00+,54,76,76,76,76,2120237,2.55,3.58,3.58,3.58,3.58
2023-09-28,Thüringen,16,00+,50,77,77,77,77,2120237,2.36,3.63,3.63,3.63,3.63
2023-09-27,Thüringen,16,00+,51,69,69,69,69,2120237,2.41,3.25,3.25,3.25,3.25
2023-09-26,Thüringen,16,00+,47,71,71,71,71,2120237,2.22,3.35,3.35,3.35,3.35
2023-09-25,Thüringen,16,00+,37,62,62,62,62,2120237,1.75,2.92,2.92,2.92,2.92
2023-09-24,Thüringen,16,00+,38,63,63,63,63,2120237,1.79,2.97,2.97,2.97,2.97
2023-09-23,Thüringen,16,00+,39,64,64,64,64,2120237,1.84,3.02,3.02,3.02,3.02
2023-09-22,Thüringen,16,00+,35,61,61,61,61,2120237,1.65,2.88,2.88,2.88,2.88
2023-09-21,Thüringen,16,00+,38,59,59,59,59,2120237,1.79,2.78,2.78,2.78,2.78
2023-09-20,Thüringen,16,00+,41,63,63,63,63,2120237,1.93,2.97,2.97,2.97,2.97
2023-09-19,Thüringen,16,00+,40,62,62,62,62,2120237,1.89,2.92,2.92,2.92,2.92
2023-09-18,Thüringen,16,00+,38,58,58,58,58,2120237,1.79,2.74,2.74,2.74,2.74
2023-09-17,Thüringen,16,00+,38,57,57,57,57,2120237,1.79,2.69,2.69,2.69,2.69
2023-09-16,Thüringen,16,00+,38,56,56,56,56,2120237,1.79,2.64,2.64,2.64,2.64
2023-09-15,Thüringen,16,00+,33,57,57,57,57,2120237,1.56,2.69,2.69,2.69,2.69
2023-09-14,Thüringen,16,00+,34,56,56,56,56,2120237,1.6,2.64,2.64,2.64,2.64
2023-09-13,Thüringen,16,00+,35,61,61,61,61,2120237,1.65,2.88,2.88,2.88,2.88
2023-09-12,Thüringen,16,00+,36,57,57,57,57,2120237,1.7,2.69,2.69,2.69,2.69
2023-09-11,Thüringen,16,00+,39,53,53,53,53,2120237,1.84,2.5,2.5,2.5,2.5
2023-09-10,Thüringen,16,00+,39,53,53,53,53,2120237,1.84,2.5,2.5,2.5,2.5
2023-09-09,Thüringen,16,00+,39,53,53,53,53,2120237,1.84,2.5,2.5,2.5,2.5
2023-09-08,Thüringen,16,00+,42,57,57,57,57,2120237,1.98,2.69,2.69,2.69,2.69
2023-09-07,Thüringen,16,00+,44,55,55,55,55,2120237,2.08,2.59,2.59,2.59,2.59
2023-09-06,Thüringen,16,00+,38,50,50,50,50,2120237,1.79,2.36,2.36,2.36,2.36
2023-09-05,Thüringen,16,00+,32,45,45,45,45,2120237,1.51,2.12,2.12,2.12,2.12
2023-09-04,Thüringen,16,00+,28,38,38,38,38,2120237,1.32,1.79,1.79,1.79,1.79
2023-09-03,Thüringen,16,00+,28,38,38,38,38,2120237,1.32,1.79,1.79,1.79,1.79
2023-09-02,Thüringen,16,00+,28,38,38,38,38,2120237,1.32,1.79,1.79,1.79,1.79
2023-09-01,Thüringen,16,00+,20,28,28,28,28,2120237,0.94,1.32,1.32,1.32,1.32
2023-08-31,Thüringen,16,00+,21,24,24,24,24,2120237,0.99,1.13,1.13,1.13,1.13
2023-08-30,Thüringen,16,00+,20,21,21,21,21,2120237,0.94,0.99,0.99,0.99,0.99
2023-08-29,Thüringen,16,00+,31,32,32,32,32,2120237,1.46,1.51,1.51,1.51,1.51
2023-08-28,Thüringen,16,00+,0,39,39,39,39,2120237,0,1.84,1.84,1.84,1.84
2023-08-27,Thüringen,16,00+,0,40,40,40,40,2120237,0,1.89,1.89,1.89,1.89
2023-08-26,Thüringen,16,00+,0,41,41,41,41,2120237,0,1.93,1.93,1.93,1.93
2023-08-25,Thüringen,16,00+,0,47,47,47,47,2120237,0,2.22,2.22,2.22,2.22
2023-08-24,Thüringen,16,00+,47,50,50,50,50,2120237,2.22,2.36,2.36,2.36,2.36
2023-08-23,Thüringen,16,00+,46,51,51,51,51,2120237,2.17,2.41,2.41,2.41,2.41
2023-08-22,Thüringen,16,00+,37,42,42,42,42,2120237,1.75,1.98,1.98,1.98,1.98
2023-08-21,Thüringen,16,00+,25,41,41,41,41,2120237,1.18,1.93,1.93,1.93,1.93
2023-08-20,Thüringen,16,00+,25,40,40,40,40,2120237,1.18,1.89,1.89,1.89,1.89
2023-08-19,Thüringen,16,00+,26,40,40,40,40,2120237,1.23,1.89,1.89,1.89,1.89
2023-08-18,Thüringen,16,00+,20,32,32,32,32,2120237,0.94,1.51,1.51,1.51,1.51
2023-08-17,Thüringen,16,00+,20,28,28,28,28,2120237,0.94,1.32,1.32,1.32,1.32
2023-08-16,Thüringen,16,00+,18,25,25,25,25,2120237,0.85,1.18,1.18,1.18,1.18
2023-08-15,Thüringen,16,00+,16,25,25,25,25,2120237,0.75,1.18,1.18,1.18,1.18
2023-08-14,Thüringen,16,00+,22,24,24,24,24,2120237,1.04,1.13,1.13,1.13,1.13
2023-08-13,Thüringen,16,00+,23,25,25,25,25,2120237,1.08,1.18,1.18,1.18,1.18
2023-08-12,Thüringen,16,00+,23,24,24,24,24,2120237,1.08,1.13,1.13,1.13,1.13
2023-08-11,Thüringen,16,00+,23,26,26,26,26,2120237,1.08,1.23,1.23,1.23,1.23
2023-08-10,Thüringen,16,00+,21,21,21,21,21,2120237,0.99,0.99,0.99,0.99,0.99
2023-08-09,Thüringen,16,00+,17,24,24,24,24,2120237,0.8,1.13,1.13,1.13,1.13
2023-08-08,Thüringen,16,00+,11,20,20,20,20,2120237,0.52,0.94,0.94,0.94,0.94
2023-08-07,Thüringen,16,00+,11,15,15,15,15,2120237,0.52,0.71,0.71,0.71,0.71
2023-08-06,Thüringen,16,00+,12,15,15,15,15,2120237,0.57,0.71,0.71,0.71,0.71
2023-08-05,Thüringen,16,00+,12,15,15,15,15,2120237,0.57,0.71,0.71,0.71,0.71
2023-08-04,Thüringen,16,00+,12,13,13,13,13,2120237,0.57,0.61,0.61,0.61,0.61
2023-08-03,Thüringen,16,00+,18,20,20,20,20,2120237,0.85,0.94,0.94,0.94,0.94
2023-08-02,Thüringen,16,00+,23,27,27,27,27,2120237,1.08,1.27,1.27,1.27,1.27
2023-08-01,Thüringen,16,00+,24,28,28,28,28,2120237,1.13,1.32,1.32,1.32,1.32
2023-07-31,Thüringen,16,00+,19,24,24,24,24,2120237,0.9,1.13,1.13,1.13,1.13
2023-07-30,Thüringen,16,00+,19,23,23,23,23,2120237,0.9,1.08,1.08,1.08,1.08
2023-07-29,Thüringen,16,00+,20,24,24,24,24,2120237,0.94,1.13,1.13,1.13,1.13
2023-07-28,Thüringen,16,00+,17,25,25,25,25,2120237,0.8,1.18,1.18,1.18,1.18
2023-07-27,Thüringen,16,00+,15,19,19,19,19,2120237,0.71,0.9,0.9,0.9,0.9
2023-07-26,Thüringen,16,00+,6,10,10,10,10,2120237,0.28,0.47,0.47,0.47,0.47
2023-07-25,Thüringen,16,00+,8,10,10,10,10,2120237,0.38,0.47,0.47,0.47,0.47
2023-07-24,Thüringen,16,00+,7,11,11,11,11,2120237,0.33,0.52,0.52,0.52,0.52
2023-07-23,Thüringen,16,00+,7,11,11,11,11,2120237,0.33,0.52,0.52,0.52,0.52
2023-07-22,Thüringen,16,00+,8,11,11,11,11,2120237,0.38,0.52,0.52,0.52,0.52
2023-07-21,Thüringen,16,00+,10,12,12,12,12,2120237,0.47,0.57,0.57,0.57,0.57
2023-07-20,Thüringen,16,00+,11,12,12,12,12,2120237,0.52,0.57,0.57,0.57,0.57
2023-07-19,Thüringen,16,00+,8,15,15,15,15,2120237,0.38,0.71,0.71,0.71,0.71
2023-07-18,Thüringen,16,00+,8,11,11,11,11,2120237,0.38,0.52,0.52,0.52,0.52
2023-07-17,Thüringen,16,00+,9,13,13,13,13,2120237,0.42,0.61,0.61,0.61,0.61
2023-07-16,Thüringen,16,00+,9,13,13,13,13,2120237,0.42,0.61,0.61,0.61,0.61
2023-07-15,Thüringen,16,00+,9,12,12,12,12,2120237,0.42,0.57,0.57,0.57,0.57
2023-07-14,Thüringen,16,00+,7,11,11,11,11,2120237,0.33,0.52,0.52,0.52,0.52
2023-07-13,Thüringen,16,00+,12,15,15,15,15,2120237,0.57,0.71,0.71,0.71,0.71
2023-07-12,Thüringen,16,00+,12,12,12,12,12,2120237,0.57,0.57,0.57,0.57,0.57
2023-07-11,Thüringen,16,00+,10,12,12,12,12,2120237,0.47,0.57,0.57,0.57,0.57
2023-07-10,Thüringen,16,00+,10,11,11,11,11,2120237,0.47,0.52,0.52,0.52,0.52
2023-07-09,Thüringen,16,00+,10,11,11,11,11,2120237,0.47,0.52,0.52,0.52,0.52
2023-07-08,Thüringen,16,00+,10,11,11,11,11,2120237,0.47,0.52,0.52,0.52,0.52
2023-07-07,Thüringen,16,00+,10,12,12,12,12,2120237,0.47,0.57,0.57,0.57,0.57
2023-07-06,Thüringen,16,00+,8,8,8,8,8,2120237,0.38,0.38,0.38,0.38,0.38
2023-07-05,Thüringen,16,00+,11,12,12,12,12,2120237,0.52,0.57,0.57,0.57,0.57
2023-07-04,Thüringen,16,00+,8,15,15,15,15,2120237,0.38,0.71,0.71,0.71,0.71
2023-07-03,Thüringen,16,00+,8,13,13,13,13,2120237,0.38,0.61,0.61,0.61,0.61
2023-07-02,Thüringen,16,00+,8,13,13,13,13,2120237,0.38,0.61,0.61,0.61,0.61
2023-07-01,Thüringen,16,00+,8,13,13,13,13,2120237,0.38,0.61,0.61,0.61,0.61
2023-06-30,Thüringen,16,00+,6,12,12,12,12,2120237,0.28,0.57,0.57,0.57,0.57
2023-06-29,Thüringen,16,00+,7,13,13,13,13,2120237,0.33,0.61,0.61,0.61,0.61
2023-06-28,Thüringen,16,00+,7,14,14,14,14,2120237,0.33,0.66,0.66,0.66,0.66
2023-06-27,Thüringen,16,00+,7,12,12,12,12,2120237,0.33,0.57,0.57,0.57,0.57
2023-06-26,Thüringen,16,00+,12,15,15,15,15,2120237,0.57,0.71,0.71,0.71,0.71
2023-06-25,Thüringen,16,00+,12,15,15,15,15,2120237,0.57,0.71,0.71,0.71,0.71
2023-06-24,Thüringen,16,00+,12,15,15,15,15,2120237,0.57,0.71,0.71,0.71,0.71
2023-06-23,Thüringen,16,00+,15,17,17,17,17,2120237,0.71,0.8,0.8,0.8,0.8
2023-06-22,Thüringen,16,00+,20,23,23,23,23,2120237,0.94,1.08,1.08,1.08,1.08
2023-06-21,Thüringen,16,00+,17,17,17,17,17,2120237,0.8,0.8,0.8,0.8,0.8
2023-06-20,Thüringen,16,00+,21,22,22,22,22,2120237,0.99,1.04,1.04,1.04,1.04
2023-06-19,Thüringen,16,00+,22,29,29,29,29,2120237,1.04,1.37,1.37,1.37,1.37
2023-06-18,Thüringen,16,00+,23,30,30,30,30,2120237,1.08,1.41,1.41,1.41,1.41
2023-06-17,Thüringen,16,00+,23,30,30,30,30,2120237,1.08,1.41,1.41,1.41,1.41
2023-06-16,Thüringen,16,00+,22,31,31,31,31,2120237,1.04,1.46,1.46,1.46,1.46
2023-06-15,Thüringen,16,00+,20,24,24,24,24,2120237,0.94,1.13,1.13,1.13,1.13
2023-06-14,Thüringen,16,00+,17,25,25,25,25,2120237,0.8,1.18,1.18,1.18,1.18
2023-06-13,Thüringen,16,00+,19,27,27,27,27,2120237,0.9,1.27,1.27,1.27,1.27
2023-06-12,Thüringen,16,00+,20,27,27,27,27,2120237,0.94,1.27,1.27,1.27,1.27
2023-06-11,Thüringen,16,00+,20,26,26,26,26,2120237,0.94,1.23,1.23,1.23,1.23
2023-06-10,Thüringen,16,00+,20,26,26,26,26,2120237,0.94,1.23,1.23,1.23,1.23
2023-06-09,Thüringen,16,00+,18,24,24,24,24,2120237,0.85,1.13,1.13,1.13,1.13
2023-06-08,Thüringen,16,00+,15,27,27,27,27,2120237,0.71,1.27,1.27,1.27,1.27
2023-06-07,Thüringen,16,00+,20,31,31,31,31,2120237,0.94,1.46,1.46,1.46,1.46
2023-06-06,Thüringen,16,00+,25,36,36,36,36,2120237,1.18,1.7,1.7,1.7,1.7
2023-06-05,Thüringen,16,00+,19,24,24,24,24,2120237,0.9,1.13,1.13,1.13,1.13
2023-06-04,Thüringen,16,00+,19,24,24,24,24,2120237,0.9,1.13,1.13,1.13,1.13
2023-06-03,Thüringen,16,00+,19,24,24,24,24,2120237,0.9,1.13,1.13,1.13,1.13
2023-06-02,Thüringen,16,00+,19,26,26,26,26,2120237,0.9,1.23,1.23,1.23,1.23
2023-06-01,Thüringen,16,00+,19,34,34,34,34,2120237,0.9,1.6,1.6,1.6,1.6
2023-05-31,Thüringen,16,00+,21,36,36,36,36,2120237,0.99,1.7,1.7,1.7,1.7
2023-05-30,Thüringen,16,00+,14,25,25,25,25,2120237,0.66,1.18,1.18,1.18,1.18
2023-05-29,Thüringen,16,00+,29,40,40,40,40,2120237,1.37,1.89,1.89,1.89,1.89
2023-05-28,Thüringen,16,00+,29,40,40,40,40,2120237,1.37,1.89,1.89,1.89,1.89
2023-05-27,Thüringen,16,00+,29,41,41,41,41,2120237,1.37,1.93,1.93,1.93,1.93
2023-05-26,Thüringen,16,00+,31,43,43,43,43,2120237,1.46,2.03,2.03,2.03,2.03
2023-05-25,Thüringen,16,00+,29,35,35,35,35,2120237,1.37,1.65,1.65,1.65,1.65
2023-05-24,Thüringen,16,00+,32,38,38,38,38,2120237,1.51,1.79,1.79,1.79,1.79
2023-05-23,Thüringen,16,00+,38,53,53,53,53,2120237,1.79,2.5,2.5,2.5,2.5
2023-05-22,Thüringen,16,00+,27,46,46,46,46,2120237,1.27,2.17,2.17,2.17,2.17
2023-05-21,Thüringen,16,00+,27,46,46,46,46,2120237,1.27,2.17,2.17,2.17,2.17
2023-05-20,Thüringen,16,00+,27,45,45,45,45,2120237,1.27,2.12,2.12,2.12,2.12
2023-05-19,Thüringen,16,00+,34,48,48,48,48,2120237,1.6,2.26,2.26,2.26,2.26
2023-05-18,Thüringen,16,00+,44,57,57,57,57,2120237,2.08,2.69,2.69,2.69,2.69
2023-05-17,Thüringen,16,00+,39,52,52,52,52,2120237,1.84,2.45,2.45,2.45,2.45
2023-05-16,Thüringen,16,00+,38,47,47,47,47,2120237,1.79,2.22,2.22,2.22,2.22
2023-05-15,Thüringen,16,00+,68,77,77,77,77,2120237,3.21,3.63,3.63,3.63,3.63
2023-05-14,Thüringen,16,00+,68,78,78,78,78,2120237,3.21,3.68,3.68,3.68,3.68
2023-05-13,Thüringen,16,00+,71,81,81,81,81,2120237,3.35,3.82,3.82,3.82,3.82
2023-05-12,Thüringen,16,00+,69,78,78,78,78,2120237,3.25,3.68,3.68,3.68,3.68
2023-05-11,Thüringen,16,00+,64,73,73,73,73,2120237,3.02,3.44,3.44,3.44,3.44
2023-05-10,Thüringen,16,00+,68,86,86,86,86,2120237,3.21,4.06,4.06,4.06,4.06
2023-05-09,Thüringen,16,00+,97,115,115,115,115,2120237,4.57,5.42,5.42,5.42,5.42
2023-05-08,Thüringen,16,00+,68,79,79,79,79,2120237,3.21,3.73,3.73,3.73,3.73
2023-05-07,Thüringen,16,00+,69,79,79,79,79,2120237,3.25,3.73,3.73,3.73,3.73
2023-05-06,Thüringen,16,00+,73,80,80,80,80,2120237,3.44,3.77,3.77,3.77,3.77
2023-05-05,Thüringen,16,00+,74,90,90,90,90,2120237,3.49,4.24,4.24,4.24,4.24
2023-05-04,Thüringen,16,00+,80,99,99,99,99,2120237,3.77,4.67,4.67,4.67,4.67
2023-05-03,Thüringen,16,00+,77,102,102,102,102,2120237,3.63,4.81,4.81,4.81,4.81
2023-05-02,Thüringen,16,00+,65,88,88,88,88,2120237,3.07,4.15,4.15,4.15,4.15
2023-05-01,Thüringen,16,00+,92,117,117,117,117,2120237,4.34,5.52,5.52,5.52,5.52
2023-04-30,Thüringen,16,00+,95,120,120,120,120,2120237,4.48,5.66,5.66,5.66,5.66
2023-04-29,Thüringen,16,00+,96,117,117,117,117,2120237,4.53,5.52,5.52,5.52,5.52
2023-04-28,Thüringen,16,00+,90,114,114,114,114,2120237,4.24,5.38,5.38,5.38,5.38
2023-04-27,Thüringen,16,00+,72,105,105,105,105,2120237,3.4,4.95,4.95,4.95,4.95
2023-04-26,Thüringen,16,00+,59,91,91,91,91,2120237,2.78,4.29,4.29,4.29,4.29
2023-04-25,Thüringen,16,00+,55,82,82,82,82,2120237,2.59,3.87,3.87,3.87,3.87
2023-04-24,Thüringen,16,00+,58,81,81,81,81,2120237,2.74,3.82,3.82,3.82,3.82
2023-04-23,Thüringen,16,00+,59,78,78,78,78,2120237,2.78,3.68,3.68,3.68,3.68
2023-04-22,Thüringen,16,00+,61,81,81,81,81,2120237,2.88,3.82,3.82,3.82,3.82
2023-04-21,Thüringen,16,00+,70,88,88,88,88,2120237,3.3,4.15,4.15,4.15,4.15
2023-04-20,Thüringen,16,00+,86,111,111,111,111,2120237,4.06,5.24,5.24,5.24,5.24
2023-04-19,Thüringen,16,00+,102,133,133,133,133,2120237,4.81,6.27,6.27,6.27,6.27
2023-04-18,Thüringen,16,00+,136,182,182,182,182,2120237,6.41,8.58,8.58,8.58,8.58
2023-04-17,Thüringen,16,00+,116,153,153,153,153,2120237,5.47,7.22,7.22,7.22,7.22
2023-04-16,Thüringen,16,00+,123,160,160,160,160,2120237,5.8,7.55,7.55,7.55,7.55
2023-04-15,Thüringen,16,00+,125,158,158,158,158,2120237,5.9,7.45,7.45,7.45,7.45
2023-04-14,Thüringen,16,00+,106,143,143,143,143,2120237,5,6.74,6.74,6.74,6.74
2023-04-13,Thüringen,16,00+,105,144,144,144,144,2120237,4.95,6.79,6.79,6.79,6.79
2023-04-12,Thüringen,16,00+,90,138,138,138,138,2120237,4.24,6.51,6.51,6.51,6.51
2023-04-11,Thüringen,16,00+,69,113,113,113,113,2120237,3.25,5.33,5.33,5.33,5.33
2023-04-10,Thüringen,16,00+,115,159,159,159,159,2120237,5.42,7.5,7.5,7.5,7.5
2023-04-09,Thüringen,16,00+,125,161,161,161,161,2120237,5.9,7.59,7.59,7.59,7.59
2023-04-08,Thüringen,16,00+,128,162,162,162,162,2120237,6.04,7.64,7.64,7.64,7.64
2023-04-07,Thüringen,16,00+,144,173,173,173,173,2120237,6.79,8.16,8.16,8.16,8.16
2023-04-06,Thüringen,16,00+,151,184,184,184,184,2120237,7.12,8.68,8.68,8.68,8.68
2023-04-05,Thüringen,16,00+,122,187,187,187,187,2120237,5.75,8.82,8.82,8.82,8.82
2023-04-04,Thüringen,16,00+,141,188,188,188,188,2120237,6.65,8.87,8.87,8.87,8.87
2023-04-03,Thüringen,16,00+,172,206,206,206,206,2120237,8.11,9.72,9.72,9.72,9.72
2023-04-02,Thüringen,16,00+,179,203,203,203,203,2120237,8.44,9.57,9.57,9.57,9.57
2023-04-01,Thüringen,16,00+,181,203,203,203,203,2120237,8.54,9.57,9.57,9.57,9.57
2023-03-31,Thüringen,16,00+,194,224,224,224,224,2120237,9.15,10.56,10.56,10.56,10.56
2023-03-30,Thüringen,16,00+,212,228,228,228,228,2120237,10,10.75,10.75,10.75,10.75
2023-03-29,Thüringen,16,00+,202,239,239,239,239,2120237,9.53,11.27,11.27,11.27,11.27
2023-03-28,Thüringen,16,00+,236,266,266,266,266,2120237,11.13,12.55,12.55,12.55,12.55
2023-03-27,Thüringen,16,00+,248,294,294,294,294,2120237,11.7,13.87,13.87,13.87,13.87
2023-03-26,Thüringen,16,00+,256,296,296,296,296,2120237,12.07,13.96,13.96,13.96,13.96
2023-03-25,Thüringen,16,00+,263,301,301,301,301,2120237,12.4,14.2,14.2,14.2,14.2
2023-03-24,Thüringen,16,00+,276,319,319,319,319,2120237,13.02,15.05,15.05,15.05,15.05
2023-03-23,Thüringen,16,00+,280,327,327,327,327,2120237,13.21,15.42,15.42,15.42,15.42
2023-03-22,Thüringen,16,00+,284,336,336,336,336,2120237,13.39,15.85,15.85,15.85,15.85
2023-03-21,Thüringen,16,00+,297,357,357,357,357,2120237,14.01,16.84,16.84,16.84,16.84
2023-03-20,Thüringen,16,00+,278,352,352,352,352,2120237,13.11,16.6,16.6,16.6,16.6
2023-03-19,Thüringen,16,00+,285,351,351,351,351,2120237,13.44,16.55,16.55,16.55,16.55
2023-03-18,Thüringen,16,00+,293,352,352,352,352,2120237,13.82,16.6,16.6,16.6,16.6
2023-03-17,Thüringen,16,00+,286,362,362,362,362,2120237,13.49,17.07,17.07,17.07,17.07
2023-03-16,Thüringen,16,00+,283,350,350,350,350,2120237,13.35,16.51,16.51,16.51,16.51
2023-03-15,Thüringen,16,00+,277,353,353,353,353,2120237,13.06,16.65,16.65,16.65,16.65
2023-03-14,Thüringen,16,00+,266,335,335,335,335,2120237,12.55,15.8,15.8,15.8,15.8
2023-03-13,Thüringen,16,00+,242,320,320,320,320,2120237,11.41,15.09,15.09,15.09,15.09
2023-03-12,Thüringen,16,00+,245,316,316,316,316,2120237,11.56,14.9,14.9,14.9,14.9
2023-03-11,Thüringen,16,00+,247,309,309,309,309,2120237,11.65,14.57,14.57,14.57,14.57
2023-03-10,Thüringen,16,00+,213,274,274,274,274,2120237,10.05,12.92,12.92,12.92,12.92
2023-03-09,Thüringen,16,00+,203,270,270,270,270,2120237,9.57,12.73,12.73,12.73,12.73
2023-03-08,Thüringen,16,00+,200,275,275,275,275,2120237,9.43,12.97,12.97,12.97,12.97
2023-03-07,Thüringen,16,00+,190,252,252,252,252,2120237,8.96,11.89,11.89,11.89,11.89
2023-03-06,Thüringen,16,00+,212,257,257,257,257,2120237,10,12.12,12.12,12.12,12.12
2023-03-05,Thüringen,16,00+,216,257,257,257,257,2120237,10.19,12.12,12.12,12.12,12.12
2023-03-04,Thüringen,16,00+,221,260,260,260,260,2120237,10.42,12.26,12.26,12.26,12.26
2023-03-03,Thüringen,16,00+,219,263,263,263,263,2120237,10.33,12.4,12.4,12.4,12.4
2023-03-02,Thüringen,16,00+,218,268,268,268,268,2120237,10.28,12.64,12.64,12.64,12.64
2023-03-01,Thüringen,16,00+,219,268,268,268,268,2120237,10.33,12.64,12.64,12.64,12.64
2023-02-28,Thüringen,16,00+,220,294,294,294,294,2120237,10.38,13.87,13.87,13.87,13.87
2023-02-27,Thüringen,16,00+,229,280,280,280,280,2120237,10.8,13.21,13.21,13.21,13.21
2023-02-26,Thüringen,16,00+,234,282,282,282,282,2120237,11.04,13.3,13.3,13.3,13.3
2023-02-25,Thüringen,16,00+,239,282,282,282,282,2120237,11.27,13.3,13.3,13.3,13.3
2023-02-24,Thüringen,16,00+,227,281,281,281,281,2120237,10.71,13.25,13.25,13.25,13.25
2023-02-23,Thüringen,16,00+,239,295,295,295,295,2120237,11.27,13.91,13.91,13.91,13.91
2023-02-22,Thüringen,16,00+,184,274,274,274,274,2120237,8.68,12.92,12.92,12.92,12.92
2023-02-21,Thüringen,16,00+,186,255,255,255,255,2120237,8.77,12.03,12.03,12.03,12.03
2023-02-20,Thüringen,16,00+,188,255,255,255,255,2120237,8.87,12.03,12.03,12.03,12.03
2023-02-19,Thüringen,16,00+,194,255,255,255,255,2120237,9.15,12.03,12.03,12.03,12.03
2023-02-18,Thüringen,16,00+,202,259,259,259,259,2120237,9.53,12.22,12.22,12.22,12.22
2023-02-17,Thüringen,16,00+,188,262,262,262,262,2120237,8.87,12.36,12.36,12.36,12.36
2023-02-16,Thüringen,16,00+,198,243,243,243,243,2120237,9.34,11.46,11.46,11.46,11.46
2023-02-15,Thüringen,16,00+,158,234,234,234,234,2120237,7.45,11.04,11.04,11.04,11.04
2023-02-14,Thüringen,16,00+,162,205,205,205,205,2120237,7.64,9.67,9.67,9.67,9.67
2023-02-13,Thüringen,16,00+,117,176,176,176,176,2120237,5.52,8.3,8.3,8.3,8.3
2023-02-12,Thüringen,16,00+,121,175,175,175,175,2120237,5.71,8.25,8.25,8.25,8.25
2023-02-11,Thüringen,16,00+,123,168,168,168,168,2120237,5.8,7.92,7.92,7.92,7.92
2023-02-10,Thüringen,16,00+,114,157,157,157,157,2120237,5.38,7.4,7.4,7.4,7.4
2023-02-09,Thüringen,16,00+,115,145,145,145,145,2120237,5.42,6.84,6.84,6.84,6.84
2023-02-08,Thüringen,16,00+,112,143,143,143,143,2120237,5.28,6.74,6.74,6.74,6.74
2023-02-07,Thüringen,16,00+,107,143,143,143,143,2120237,5.05,6.74,6.74,6.74,6.74
2023-02-06,Thüringen,16,00+,95,142,142,142,142,2120237,4.48,6.7,6.7,6.7,6.7
2023-02-05,Thüringen,16,00+,102,144,144,144,144,2120237,4.81,6.79,6.79,6.79,6.79
2023-02-04,Thüringen,16,00+,103,143,143,143,143,2120237,4.86,6.74,6.74,6.74,6.74
2023-02-03,Thüringen,16,00+,80,131,131,131,131,2120237,3.77,6.18,6.18,6.18,6.18
2023-02-02,Thüringen,16,00+,82,118,118,118,118,2120237,3.87,5.57,5.57,5.57,5.57
2023-02-01,Thüringen,16,00+,62,109,109,109,109,2120237,2.92,5.14,5.14,5.14,5.14
2023-01-31,Thüringen,16,00+,65,101,101,101,101,2120237,3.07,4.76,4.76,4.76,4.76
2023-01-30,Thüringen,16,00+,78,98,98,98,98,2120237,3.68,4.62,4.62,4.62,4.62
2023-01-29,Thüringen,16,00+,80,93,93,93,93,2120237,3.77,4.39,4.39,4.39,4.39
2023-01-28,Thüringen,16,00+,81,93,93,93,93,2120237,3.82,4.39,4.39,4.39,4.39
2023-01-27,Thüringen,16,00+,76,94,94,94,94,2120237,3.58,4.43,4.43,4.43,4.43
2023-01-26,Thüringen,16,00+,74,97,97,97,97,2120237,3.49,4.57,4.57,4.57,4.57
2023-01-25,Thüringen,16,00+,74,102,102,102,102,2120237,3.49,4.81,4.81,4.81,4.81
2023-01-24,Thüringen,16,00+,82,108,108,108,108,2120237,3.87,5.09,5.09,5.09,5.09
2023-01-23,Thüringen,16,00+,82,110,110,110,110,2120237,3.87,5.19,5.19,5.19,5.19
2023-01-22,Thüringen,16,00+,85,111,111,111,111,2120237,4.01,5.24,5.24,5.24,5.24
2023-01-21,Thüringen,16,00+,87,112,112,112,112,2120237,4.1,5.28,5.28,5.28,5.28
2023-01-20,Thüringen,16,00+,94,116,116,116,116,2120237,4.43,5.47,5.47,5.47,5.47
2023-01-19,Thüringen,16,00+,102,126,126,126,126,2120237,4.81,5.94,5.94,5.94,5.94
2023-01-18,Thüringen,16,00+,104,142,142,142,142,2120237,4.91,6.7,6.7,6.7,6.7
2023-01-17,Thüringen,16,00+,110,151,151,151,151,2120237,5.19,7.12,7.12,7.12,7.12
2023-01-16,Thüringen,16,00+,105,156,156,156,156,2120237,4.95,7.36,7.36,7.36,7.36
2023-01-15,Thüringen,16,00+,115,163,163,163,163,2120237,5.42,7.69,7.69,7.69,7.69
2023-01-14,Thüringen,16,00+,118,164,164,164,164,2120237,5.57,7.73,7.73,7.73,7.73
2023-01-13,Thüringen,16,00+,118,172,172,172,172,2120237,5.57,8.11,8.11,8.11,8.11
2023-01-12,Thüringen,16,00+,130,186,186,186,186,2120237,6.13,8.77,8.77,8.77,8.77
2023-01-11,Thüringen,16,00+,152,208,208,208,208,2120237,7.17,9.81,9.81,9.81,9.81
2023-01-10,Thüringen,16,00+,169,226,226,226,226,2120237,7.97,10.66,10.66,10.66,10.66
2023-01-09,Thüringen,16,00+,177,291,291,291,291,2120237,8.35,13.72,13.72,13.72,13.72
2023-01-08,Thüringen,16,00+,186,291,291,291,291,2120237,8.77,13.72,13.72,13.72,13.72
2023-01-07,Thüringen,16,00+,191,0,0,0,0,2120237,9.01,0,0,0,0
2023-01-06,Thüringen,16,00+,192,0,0,0,0,2120237,9.06,0,0,0,0
2023-01-05,Thüringen,16,00+,223,0,0,0,0,2120237,10.52,0,0,0,0
2023-01-04,Thüringen,16,00+,216,0,0,0,0,2120237,10.19,0,0,0,0
2023-01-03,Thüringen,16,00+,238,0,0,0,0,2120237,11.23,0,0,0,0
2023-01-02,Thüringen,16,00+,195,0,0,0,0,2120237,9.2,0,0,0,0
